routeshortname,routelongname,stopid,departuretime,stopsequence,boarding,landing,occupation,day,stop_lon,stop_lat,stopname
412,PARQUE BURNIER.,10072382,05:30:00,11,0,0,14,2025-01-02T00:00:00.000Z,-43.332369450000,-21.762522520000,"Rua Olga Burnier, 361"
412,PARQUE BURNIER.,10072337,05:30:00,13,0,0,14,2025-01-02T00:00:00.000Z,-43.334540130000,-21.760522960000,"Rua Olga Burnier, 67"
412,PARQUE BURNIER.,10072363,05:30:00,2,4,0,4,2025-01-02T00:00:00.000Z,-43.327885630000,-21.762179390000,"Rua Natalino José de Paula, 288"
412,PARQUE BURNIER.,10071108,05:30:00,17,0,4,4,2025-01-02T00:00:00.000Z,-43.349331860000,-21.758144610000,"Avenida Getúlio Vargas, 835"
412,PARQUE BURNIER.,10072358,05:30:00,1,0,0,0,2025-01-02T00:00:00.000Z,-43.328687310000,-21.761675740000,"Rua Natalino José de Paula, 112 - Ponto Final do Parque Burnier"
412,PARQUE BURNIER.,10072386,05:30:00,7,0,0,10,2025-01-02T00:00:00.000Z,-43.328850270000,-21.762325320000,"Rua José Teodoro dos Santos, 292"
412,PARQUE BURNIER.,10072309,05:30:00,5,1,0,9,2025-01-02T00:00:00.000Z,-43.327273730000,-21.763967940000,"Rua José Teodoro dos Santos, 28"
412,PARQUE BURNIER.,10072362,05:30:00,3,3,0,7,2025-01-02T00:00:00.000Z,-43.327527760000,-21.762798310000,"Rua Natalino José de Paula, 310"
412,PARQUE BURNIER.,10072332,05:30:00,14,0,0,14,2025-01-02T00:00:00.000Z,-43.335533860000,-21.760131640000,"Rua São Geraldo, 89"
412,PARQUE BURNIER.,10072302,05:30:00,15,1,2,13,2025-01-02T00:00:00.000Z,-43.338029500000,-21.760323850000,"Avenida Sete de Setembro, 623"
412,PARQUE BURNIER.,10073583,05:30:00,9,0,0,14,2025-01-02T00:00:00.000Z,-43.330207820000,-21.763072230000,"Rua Adelaide Campos de Resende, 1070"
412,PARQUE BURNIER.,10072335,05:30:00,12,0,0,14,2025-01-02T00:00:00.000Z,-43.333453420000,-21.761562350000,"Rua Olga Burnier, 233"
412,PARQUE BURNIER.,10072384,05:30:00,6,1,0,10,2025-01-02T00:00:00.000Z,-43.327999480000,-21.763301540000,"Rua José Teodoro dos Santos, 126"
412,PARQUE BURNIER.,10072380,05:30:00,10,0,0,14,2025-01-02T00:00:00.000Z,-43.331466790000,-21.763337580000,"Rua Olga Burnier, 485"
412,PARQUE BURNIER.,10073584,05:30:00,8,4,0,14,2025-01-02T00:00:00.000Z,-43.329363350000,-21.763255450000,"Rua Adelaide Campos de Resende, 984"
412,PARQUE BURNIER.,10074194,05:30:00,16,0,5,8,2025-01-02T00:00:00.000Z,-43.342338620000,-21.760505960000,"Rua Ângelo Falci, 55"
412,PARQUE BURNIER.,10073589,05:30:00,4,1,0,8,2025-01-02T00:00:00.000Z,-43.326568960000,-21.763629600000,"Rua Adelaide Campos de Resende, 706"
412,PARQUE BURNIER.,10072377,05:51:00,12,0,0,0,2025-01-02T00:00:00.000Z,-43.327321890000,-21.764062650000,"Rua José Teodoro dos Santos, 25"
412,PARQUE BURNIER.,10073560,05:51:00,5,0,0,1,2025-01-02T00:00:00.000Z,-43.333589670000,-21.761652280000,"Rua Olga Burnier, 230"
412,PARQUE BURNIER.,10072375,05:51:00,16,0,0,0,2025-01-02T00:00:00.000Z,-43.327420830000,-21.762727850000,"Rua Natalino José de Paula, 319"
412,PARQUE BURNIER.,10072328,05:51:00,13,0,0,0,2025-01-02T00:00:00.000Z,-43.326450350000,-21.763683320000,"Rua Adelaide Campos de Resende, 669"
412,PARQUE BURNIER.,10073561,05:51:00,7,0,0,1,2025-01-02T00:00:00.000Z,-43.331552510000,-21.763418910000,"Rua Olga Burnier, 480"
412,PARQUE BURNIER.,10073552,05:51:00,3,0,0,1,2025-01-02T00:00:00.000Z,-43.335479020000,-21.760313550000,"Rua São Geraldo, 84"
412,PARQUE BURNIER.,10072305,05:51:00,2,0,3,1,2025-01-02T00:00:00.000Z,-43.337478970000,-21.760922950000,"Rua Djalma de Carvalho, 37"
412,PARQUE BURNIER.,10071503,05:51:00,15,0,0,0,2025-01-02T00:00:00.000Z,-43.326207040000,-21.762717810000,"Rua Natalino José de Paula, 421"
412,PARQUE BURNIER.,10072296,05:51:00,9,0,0,0,2025-01-02T00:00:00.000Z,-43.329374790000,-21.763440430000,"Rua Adelaide Campos de Resende, 975"
412,PARQUE BURNIER.,10072356,05:51:00,17,0,0,0,2025-01-02T00:00:00.000Z,-43.327793950000,-21.762107030000,"Rua Natalino José de Paula, 271"
412,PARQUE BURNIER.,10072313,05:51:00,10,0,0,0,2025-01-02T00:00:00.000Z,-43.328846690000,-21.762504770000,"Rua José Teodoro dos Santos, 275"
412,PARQUE BURNIER.,10072316,05:51:00,11,0,0,0,2025-01-02T00:00:00.000Z,-43.328204750000,-21.763332370000,"Rua José Teodoro dos Santos, 145"
412,PARQUE BURNIER.,10073558,05:51:00,4,0,0,1,2025-01-02T00:00:00.000Z,-43.334645750000,-21.760669710000,"Rua Olga Burnier, 70"
412,PARQUE BURNIER.,10072359,05:51:00,14,0,0,0,2025-01-02T00:00:00.000Z,-43.326282500000,-21.763143540000,"Rua Adelaide Campos de Resende, 651"
412,PARQUE BURNIER.,10072358,05:51:00,18,12,0,12,2025-01-02T00:00:00.000Z,-43.328687310000,-21.761675740000,"Rua Natalino José de Paula, 112 - Ponto Final do Parque Burnier"
412,PARQUE BURNIER.,10071108,05:51:00,1,4,0,4,2025-01-02T00:00:00.000Z,-43.349331860000,-21.758144610000,"Avenida Getúlio Vargas, 835"
412,PARQUE BURNIER.,10072301,05:51:00,8,0,1,0,2025-01-02T00:00:00.000Z,-43.330138330000,-21.763252970000,"Rua Adelaide Campos de Resende, 1061"
412,PARQUE BURNIER.,10073557,05:51:00,6,0,0,1,2025-01-02T00:00:00.000Z,-43.332479840000,-21.762640710000,"Rua Olga Burnier, 356"
412,PARQUE BURNIER.,10072332,06:17:00,14,0,0,31,2025-01-02T00:00:00.000Z,-43.335533860000,-21.760131640000,"Rua São Geraldo, 89"
412,PARQUE BURNIER.,10073583,06:17:00,9,2,0,28,2025-01-02T00:00:00.000Z,-43.330207820000,-21.763072230000,"Rua Adelaide Campos de Resende, 1070"
412,PARQUE BURNIER.,10072386,06:17:00,7,3,0,23,2025-01-02T00:00:00.000Z,-43.328850270000,-21.762325320000,"Rua José Teodoro dos Santos, 292"
412,PARQUE BURNIER.,10072309,06:17:00,5,3,0,20,2025-01-02T00:00:00.000Z,-43.327273730000,-21.763967940000,"Rua José Teodoro dos Santos, 28"
412,PARQUE BURNIER.,10073584,06:17:00,8,3,0,26,2025-01-02T00:00:00.000Z,-43.329363350000,-21.763255450000,"Rua Adelaide Campos de Resende, 984"
412,PARQUE BURNIER.,10072382,06:17:00,11,1,1,28,2025-01-02T00:00:00.000Z,-43.332369450000,-21.762522520000,"Rua Olga Burnier, 361"
412,PARQUE BURNIER.,10072380,06:17:00,10,0,0,28,2025-01-02T00:00:00.000Z,-43.331466790000,-21.763337580000,"Rua Olga Burnier, 485"
412,PARQUE BURNIER.,10072337,06:17:00,13,2,0,31,2025-01-02T00:00:00.000Z,-43.334540130000,-21.760522960000,"Rua Olga Burnier, 67"
412,PARQUE BURNIER.,10072362,06:17:00,3,0,0,11,2025-01-02T00:00:00.000Z,-43.327527760000,-21.762798310000,"Rua Natalino José de Paula, 310"
412,PARQUE BURNIER.,10071108,06:17:00,17,3,16,9,2025-01-02T00:00:00.000Z,-43.349331860000,-21.758144610000,"Avenida Getúlio Vargas, 835"
412,PARQUE BURNIER.,10072384,06:17:00,6,0,0,20,2025-01-02T00:00:00.000Z,-43.327999480000,-21.763301540000,"Rua José Teodoro dos Santos, 126"
412,PARQUE BURNIER.,10072358,06:17:00,1,3,0,3,2025-01-02T00:00:00.000Z,-43.328687310000,-21.761675740000,"Rua Natalino José de Paula, 112 - Ponto Final do Parque Burnier"
412,PARQUE BURNIER.,10072363,06:17:00,2,8,0,11,2025-01-02T00:00:00.000Z,-43.327885630000,-21.762179390000,"Rua Natalino José de Paula, 288"
412,PARQUE BURNIER.,10074194,06:17:00,16,0,9,22,2025-01-02T00:00:00.000Z,-43.342338620000,-21.760505960000,"Rua Ângelo Falci, 55"
412,PARQUE BURNIER.,10072335,06:17:00,12,1,0,29,2025-01-02T00:00:00.000Z,-43.333453420000,-21.761562350000,"Rua Olga Burnier, 233"
412,PARQUE BURNIER.,10073589,06:17:00,4,7,1,17,2025-01-02T00:00:00.000Z,-43.326568960000,-21.763629600000,"Rua Adelaide Campos de Resende, 706"
412,PARQUE BURNIER.,10072302,06:17:00,15,0,0,31,2025-01-02T00:00:00.000Z,-43.338029500000,-21.760323850000,"Avenida Sete de Setembro, 623"
412,PARQUE BURNIER.,10072358,08:12:00,18,8,0,40,2025-01-02T00:00:00.000Z,-43.328687310000,-21.761675740000,"Rua Natalino José de Paula, 112 - Ponto Final do Parque Burnier"
412,PARQUE BURNIER.,10072359,08:12:00,14,0,0,25,2025-01-02T00:00:00.000Z,-43.326282500000,-21.763143540000,"Rua Adelaide Campos de Resende, 651"
412,PARQUE BURNIER.,10071108,08:12:00,1,9,0,9,2025-01-02T00:00:00.000Z,-43.349331860000,-21.758144610000,"Avenida Getúlio Vargas, 835"
412,PARQUE BURNIER.,10072316,08:12:00,11,3,0,26,2025-01-02T00:00:00.000Z,-43.328204750000,-21.763332370000,"Rua José Teodoro dos Santos, 145"
412,PARQUE BURNIER.,10072328,08:12:00,13,0,0,25,2025-01-02T00:00:00.000Z,-43.326450350000,-21.763683320000,"Rua Adelaide Campos de Resende, 669"
412,PARQUE BURNIER.,10072377,08:12:00,12,0,1,25,2025-01-02T00:00:00.000Z,-43.327321890000,-21.764062650000,"Rua José Teodoro dos Santos, 25"
412,PARQUE BURNIER.,10072313,08:12:00,10,5,0,23,2025-01-02T00:00:00.000Z,-43.328846690000,-21.762504770000,"Rua José Teodoro dos Santos, 275"
412,PARQUE BURNIER.,10071503,08:12:00,15,0,1,24,2025-01-02T00:00:00.000Z,-43.326207040000,-21.762717810000,"Rua Natalino José de Paula, 421"
412,PARQUE BURNIER.,10073552,08:12:00,3,0,1,11,2025-01-02T00:00:00.000Z,-43.335479020000,-21.760313550000,"Rua São Geraldo, 84"
412,PARQUE BURNIER.,10072296,08:12:00,9,8,0,18,2025-01-02T00:00:00.000Z,-43.329374790000,-21.763440430000,"Rua Adelaide Campos de Resende, 975"
412,PARQUE BURNIER.,10072305,08:12:00,2,4,1,12,2025-01-02T00:00:00.000Z,-43.337478970000,-21.760922950000,"Rua Djalma de Carvalho, 37"
412,PARQUE BURNIER.,10072301,08:12:00,8,1,0,10,2025-01-02T00:00:00.000Z,-43.330138330000,-21.763252970000,"Rua Adelaide Campos de Resende, 1061"
412,PARQUE BURNIER.,10073558,08:12:00,4,0,1,10,2025-01-02T00:00:00.000Z,-43.334645750000,-21.760669710000,"Rua Olga Burnier, 70"
412,PARQUE BURNIER.,10073557,08:12:00,6,0,0,8,2025-01-02T00:00:00.000Z,-43.332479840000,-21.762640710000,"Rua Olga Burnier, 356"
412,PARQUE BURNIER.,10073561,08:12:00,7,2,1,9,2025-01-02T00:00:00.000Z,-43.331552510000,-21.763418910000,"Rua Olga Burnier, 480"
412,PARQUE BURNIER.,10073560,08:12:00,5,0,2,8,2025-01-02T00:00:00.000Z,-43.333589670000,-21.761652280000,"Rua Olga Burnier, 230"
412,PARQUE BURNIER.,10072375,08:12:00,16,8,0,32,2025-01-02T00:00:00.000Z,-43.327420830000,-21.762727850000,"Rua Natalino José de Paula, 319"
412,PARQUE BURNIER.,10072356,08:12:00,17,0,0,32,2025-01-02T00:00:00.000Z,-43.327793950000,-21.762107030000,"Rua Natalino José de Paula, 271"
412,PARQUE BURNIER.,10073584,08:38:00,8,1,0,21,2025-01-02T00:00:00.000Z,-43.329363350000,-21.763255450000,"Rua Adelaide Campos de Resende, 984"
412,PARQUE BURNIER.,10072380,08:38:00,10,2,0,26,2025-01-02T00:00:00.000Z,-43.331466790000,-21.763337580000,"Rua Olga Burnier, 485"
412,PARQUE BURNIER.,10072302,08:38:00,15,3,1,30,2025-01-02T00:00:00.000Z,-43.338029500000,-21.760323850000,"Avenida Sete de Setembro, 623"
412,PARQUE BURNIER.,10073589,08:38:00,4,9,0,14,2025-01-02T00:00:00.000Z,-43.326568960000,-21.763629600000,"Rua Adelaide Campos de Resende, 706"
412,PARQUE BURNIER.,10072337,08:38:00,13,0,0,28,2025-01-02T00:00:00.000Z,-43.334540130000,-21.760522960000,"Rua Olga Burnier, 67"
412,PARQUE BURNIER.,10072384,08:38:00,6,3,1,16,2025-01-02T00:00:00.000Z,-43.327999480000,-21.763301540000,"Rua José Teodoro dos Santos, 126"
412,PARQUE BURNIER.,10072386,08:38:00,7,4,0,20,2025-01-02T00:00:00.000Z,-43.328850270000,-21.762325320000,"Rua José Teodoro dos Santos, 292"
412,PARQUE BURNIER.,10072358,08:38:00,1,0,0,0,2025-01-02T00:00:00.000Z,-43.328687310000,-21.761675740000,"Rua Natalino José de Paula, 112 - Ponto Final do Parque Burnier"
412,PARQUE BURNIER.,10074194,08:38:00,16,3,8,25,2025-01-02T00:00:00.000Z,-43.342338620000,-21.760505960000,"Rua Ângelo Falci, 55"
412,PARQUE BURNIER.,10072335,08:38:00,12,0,0,28,2025-01-02T00:00:00.000Z,-43.333453420000,-21.761562350000,"Rua Olga Burnier, 233"
412,PARQUE BURNIER.,10073583,08:38:00,9,3,0,24,2025-01-02T00:00:00.000Z,-43.330207820000,-21.763072230000,"Rua Adelaide Campos de Resende, 1070"
412,PARQUE BURNIER.,10071108,08:38:00,17,0,10,15,2025-01-02T00:00:00.000Z,-43.349331860000,-21.758144610000,"Avenida Getúlio Vargas, 835"
412,PARQUE BURNIER.,10072332,08:38:00,14,0,0,28,2025-01-02T00:00:00.000Z,-43.335533860000,-21.760131640000,"Rua São Geraldo, 89"
412,PARQUE BURNIER.,10072309,08:38:00,5,1,1,14,2025-01-02T00:00:00.000Z,-43.327273730000,-21.763967940000,"Rua José Teodoro dos Santos, 28"
412,PARQUE BURNIER.,10072382,08:38:00,11,2,0,28,2025-01-02T00:00:00.000Z,-43.332369450000,-21.762522520000,"Rua Olga Burnier, 361"
412,PARQUE BURNIER.,10072362,08:38:00,3,0,0,5,2025-01-02T00:00:00.000Z,-43.327527760000,-21.762798310000,"Rua Natalino José de Paula, 310"
412,PARQUE BURNIER.,10072363,08:38:00,2,5,0,5,2025-01-02T00:00:00.000Z,-43.327885630000,-21.762179390000,"Rua Natalino José de Paula, 288"
412,PARQUE BURNIER.,10072377,08:59:00,12,0,0,5,2025-01-02T00:00:00.000Z,-43.327321890000,-21.764062650000,"Rua José Teodoro dos Santos, 25"
412,PARQUE BURNIER.,10073558,08:59:00,4,0,0,6,2025-01-02T00:00:00.000Z,-43.334645750000,-21.760669710000,"Rua Olga Burnier, 70"
412,PARQUE BURNIER.,10073561,08:59:00,7,1,0,7,2025-01-02T00:00:00.000Z,-43.331552510000,-21.763418910000,"Rua Olga Burnier, 480"
412,PARQUE BURNIER.,10073560,08:59:00,5,0,0,6,2025-01-02T00:00:00.000Z,-43.333589670000,-21.761652280000,"Rua Olga Burnier, 230"
412,PARQUE BURNIER.,10072305,08:59:00,2,0,2,6,2025-01-02T00:00:00.000Z,-43.337478970000,-21.760922950000,"Rua Djalma de Carvalho, 37"
412,PARQUE BURNIER.,10072301,08:59:00,8,0,0,7,2025-01-02T00:00:00.000Z,-43.330138330000,-21.763252970000,"Rua Adelaide Campos de Resende, 1061"
412,PARQUE BURNIER.,10072359,08:59:00,14,0,0,5,2025-01-02T00:00:00.000Z,-43.326282500000,-21.763143540000,"Rua Adelaide Campos de Resende, 651"
412,PARQUE BURNIER.,10073552,08:59:00,3,0,0,6,2025-01-02T00:00:00.000Z,-43.335479020000,-21.760313550000,"Rua São Geraldo, 84"
412,PARQUE BURNIER.,10072296,08:59:00,9,0,1,6,2025-01-02T00:00:00.000Z,-43.329374790000,-21.763440430000,"Rua Adelaide Campos de Resende, 975"
412,PARQUE BURNIER.,10073557,08:59:00,6,0,0,6,2025-01-02T00:00:00.000Z,-43.332479840000,-21.762640710000,"Rua Olga Burnier, 356"
412,PARQUE BURNIER.,10071108,08:59:00,1,8,0,8,2025-01-02T00:00:00.000Z,-43.349331860000,-21.758144610000,"Avenida Getúlio Vargas, 835"
412,PARQUE BURNIER.,10072358,08:59:00,18,2,0,7,2025-01-02T00:00:00.000Z,-43.328687310000,-21.761675740000,"Rua Natalino José de Paula, 112 - Ponto Final do Parque Burnier"
412,PARQUE BURNIER.,10072356,08:59:00,17,0,0,5,2025-01-02T00:00:00.000Z,-43.327793950000,-21.762107030000,"Rua Natalino José de Paula, 271"
412,PARQUE BURNIER.,10072375,08:59:00,16,0,0,5,2025-01-02T00:00:00.000Z,-43.327420830000,-21.762727850000,"Rua Natalino José de Paula, 319"
412,PARQUE BURNIER.,10071503,08:59:00,15,0,0,5,2025-01-02T00:00:00.000Z,-43.326207040000,-21.762717810000,"Rua Natalino José de Paula, 421"
412,PARQUE BURNIER.,10072313,08:59:00,10,0,0,6,2025-01-02T00:00:00.000Z,-43.328846690000,-21.762504770000,"Rua José Teodoro dos Santos, 275"
412,PARQUE BURNIER.,10072316,08:59:00,11,0,1,5,2025-01-02T00:00:00.000Z,-43.328204750000,-21.763332370000,"Rua José Teodoro dos Santos, 145"
412,PARQUE BURNIER.,10072328,08:59:00,13,0,0,5,2025-01-02T00:00:00.000Z,-43.326450350000,-21.763683320000,"Rua Adelaide Campos de Resende, 669"
412,PARQUE BURNIER.,10072335,09:25:00,12,1,0,11,2025-01-02T00:00:00.000Z,-43.333453420000,-21.761562350000,"Rua Olga Burnier, 233"
412,PARQUE BURNIER.,10072302,09:25:00,15,3,0,14,2025-01-02T00:00:00.000Z,-43.338029500000,-21.760323850000,"Avenida Sete de Setembro, 623"
412,PARQUE BURNIER.,10072380,09:25:00,10,0,0,10,2025-01-02T00:00:00.000Z,-43.331466790000,-21.763337580000,"Rua Olga Burnier, 485"
412,PARQUE BURNIER.,10073583,09:25:00,9,1,0,10,2025-01-02T00:00:00.000Z,-43.330207820000,-21.763072230000,"Rua Adelaide Campos de Resende, 1070"
412,PARQUE BURNIER.,10072384,09:25:00,6,0,0,6,2025-01-02T00:00:00.000Z,-43.327999480000,-21.763301540000,"Rua José Teodoro dos Santos, 126"
412,PARQUE BURNIER.,10072337,09:25:00,13,0,0,11,2025-01-02T00:00:00.000Z,-43.334540130000,-21.760522960000,"Rua Olga Burnier, 67"
412,PARQUE BURNIER.,10073584,09:25:00,8,2,0,9,2025-01-02T00:00:00.000Z,-43.329363350000,-21.763255450000,"Rua Adelaide Campos de Resende, 984"
412,PARQUE BURNIER.,10074194,09:25:00,16,6,5,15,2025-01-02T00:00:00.000Z,-43.342338620000,-21.760505960000,"Rua Ângelo Falci, 55"
412,PARQUE BURNIER.,10072362,09:25:00,3,0,1,1,2025-01-02T00:00:00.000Z,-43.327527760000,-21.762798310000,"Rua Natalino José de Paula, 310"
412,PARQUE BURNIER.,10072309,09:25:00,5,1,0,6,2025-01-02T00:00:00.000Z,-43.327273730000,-21.763967940000,"Rua José Teodoro dos Santos, 28"
412,PARQUE BURNIER.,10072386,09:25:00,7,1,0,7,2025-01-02T00:00:00.000Z,-43.328850270000,-21.762325320000,"Rua José Teodoro dos Santos, 292"
412,PARQUE BURNIER.,10073589,09:25:00,4,4,0,5,2025-01-02T00:00:00.000Z,-43.326568960000,-21.763629600000,"Rua Adelaide Campos de Resende, 706"
412,PARQUE BURNIER.,10072332,09:25:00,14,0,0,11,2025-01-02T00:00:00.000Z,-43.335533860000,-21.760131640000,"Rua São Geraldo, 89"
412,PARQUE BURNIER.,10071108,09:25:00,17,0,15,0,2025-01-02T00:00:00.000Z,-43.349331860000,-21.758144610000,"Avenida Getúlio Vargas, 835"
412,PARQUE BURNIER.,10072358,09:25:00,1,0,0,0,2025-01-02T00:00:00.000Z,-43.328687310000,-21.761675740000,"Rua Natalino José de Paula, 112 - Ponto Final do Parque Burnier"
412,PARQUE BURNIER.,10072382,09:25:00,11,0,0,10,2025-01-02T00:00:00.000Z,-43.332369450000,-21.762522520000,"Rua Olga Burnier, 361"
412,PARQUE BURNIER.,10072363,09:25:00,2,2,0,2,2025-01-02T00:00:00.000Z,-43.327885630000,-21.762179390000,"Rua Natalino José de Paula, 288"
412,PARQUE BURNIER.,10072296,09:45:00,9,0,3,4,2025-01-02T00:00:00.000Z,-43.329374790000,-21.763440430000,"Rua Adelaide Campos de Resende, 975"
412,PARQUE BURNIER.,10072375,09:45:00,16,0,0,0,2025-01-02T00:00:00.000Z,-43.327420830000,-21.762727850000,"Rua Natalino José de Paula, 319"
412,PARQUE BURNIER.,10072328,09:45:00,13,0,1,1,2025-01-02T00:00:00.000Z,-43.326450350000,-21.763683320000,"Rua Adelaide Campos de Resende, 669"
412,PARQUE BURNIER.,10073560,09:45:00,5,0,0,7,2025-01-02T00:00:00.000Z,-43.333589670000,-21.761652280000,"Rua Olga Burnier, 230"
412,PARQUE BURNIER.,10072358,09:45:00,18,6,0,6,2025-01-02T00:00:00.000Z,-43.328687310000,-21.761675740000,"Rua Natalino José de Paula, 112 - Ponto Final do Parque Burnier"
412,PARQUE BURNIER.,10072377,09:45:00,12,0,1,2,2025-01-02T00:00:00.000Z,-43.327321890000,-21.764062650000,"Rua José Teodoro dos Santos, 25"
412,PARQUE BURNIER.,10072313,09:45:00,10,0,0,4,2025-01-02T00:00:00.000Z,-43.328846690000,-21.762504770000,"Rua José Teodoro dos Santos, 275"
412,PARQUE BURNIER.,10073557,09:45:00,6,0,0,7,2025-01-02T00:00:00.000Z,-43.332479840000,-21.762640710000,"Rua Olga Burnier, 356"
412,PARQUE BURNIER.,10072305,09:45:00,2,2,1,8,2025-01-02T00:00:00.000Z,-43.337478970000,-21.760922950000,"Rua Djalma de Carvalho, 37"
412,PARQUE BURNIER.,10072316,09:45:00,11,0,1,3,2025-01-02T00:00:00.000Z,-43.328204750000,-21.763332370000,"Rua José Teodoro dos Santos, 145"
412,PARQUE BURNIER.,10071503,09:45:00,15,0,0,0,2025-01-02T00:00:00.000Z,-43.326207040000,-21.762717810000,"Rua Natalino José de Paula, 421"
412,PARQUE BURNIER.,10073552,09:45:00,3,0,1,7,2025-01-02T00:00:00.000Z,-43.335479020000,-21.760313550000,"Rua São Geraldo, 84"
412,PARQUE BURNIER.,10073558,09:45:00,4,0,0,7,2025-01-02T00:00:00.000Z,-43.334645750000,-21.760669710000,"Rua Olga Burnier, 70"
412,PARQUE BURNIER.,10072301,09:45:00,8,0,0,7,2025-01-02T00:00:00.000Z,-43.330138330000,-21.763252970000,"Rua Adelaide Campos de Resende, 1061"
412,PARQUE BURNIER.,10073561,09:45:00,7,0,0,7,2025-01-02T00:00:00.000Z,-43.331552510000,-21.763418910000,"Rua Olga Burnier, 480"
412,PARQUE BURNIER.,10072359,09:45:00,14,0,1,0,2025-01-02T00:00:00.000Z,-43.326282500000,-21.763143540000,"Rua Adelaide Campos de Resende, 651"
412,PARQUE BURNIER.,10072356,09:45:00,17,0,0,0,2025-01-02T00:00:00.000Z,-43.327793950000,-21.762107030000,"Rua Natalino José de Paula, 271"
412,PARQUE BURNIER.,10071108,09:45:00,1,7,0,7,2025-01-02T00:00:00.000Z,-43.349331860000,-21.758144610000,"Avenida Getúlio Vargas, 835"
412,PARQUE BURNIER.,10074194,10:20:00,16,11,1,17,2025-01-02T00:00:00.000Z,-43.342338620000,-21.760505960000,"Rua Ângelo Falci, 55"
412,PARQUE BURNIER.,10072337,10:20:00,13,0,0,7,2025-01-02T00:00:00.000Z,-43.334540130000,-21.760522960000,"Rua Olga Burnier, 67"
412,PARQUE BURNIER.,10071108,10:20:00,17,0,17,0,2025-01-02T00:00:00.000Z,-43.349331860000,-21.758144610000,"Avenida Getúlio Vargas, 835"
412,PARQUE BURNIER.,10072335,10:20:00,12,0,0,7,2025-01-02T00:00:00.000Z,-43.333453420000,-21.761562350000,"Rua Olga Burnier, 233"
412,PARQUE BURNIER.,10072332,10:20:00,14,0,0,7,2025-01-02T00:00:00.000Z,-43.335533860000,-21.760131640000,"Rua São Geraldo, 89"
412,PARQUE BURNIER.,10072384,10:20:00,6,0,0,3,2025-01-02T00:00:00.000Z,-43.327999480000,-21.763301540000,"Rua José Teodoro dos Santos, 126"
412,PARQUE BURNIER.,10072309,10:20:00,5,1,0,3,2025-01-02T00:00:00.000Z,-43.327273730000,-21.763967940000,"Rua José Teodoro dos Santos, 28"
412,PARQUE BURNIER.,10072358,10:20:00,1,0,0,0,2025-01-02T00:00:00.000Z,-43.328687310000,-21.761675740000,"Rua Natalino José de Paula, 112 - Ponto Final do Parque Burnier"
412,PARQUE BURNIER.,10072302,10:20:00,15,0,0,7,2025-01-02T00:00:00.000Z,-43.338029500000,-21.760323850000,"Avenida Sete de Setembro, 623"
412,PARQUE BURNIER.,10073589,10:20:00,4,2,0,2,2025-01-02T00:00:00.000Z,-43.326568960000,-21.763629600000,"Rua Adelaide Campos de Resende, 706"
412,PARQUE BURNIER.,10072382,10:20:00,11,1,0,7,2025-01-02T00:00:00.000Z,-43.332369450000,-21.762522520000,"Rua Olga Burnier, 361"
412,PARQUE BURNIER.,10072363,10:20:00,2,1,0,1,2025-01-02T00:00:00.000Z,-43.327885630000,-21.762179390000,"Rua Natalino José de Paula, 288"
412,PARQUE BURNIER.,10073584,10:20:00,8,2,0,5,2025-01-02T00:00:00.000Z,-43.329363350000,-21.763255450000,"Rua Adelaide Campos de Resende, 984"
412,PARQUE BURNIER.,10072386,10:20:00,7,0,0,3,2025-01-02T00:00:00.000Z,-43.328850270000,-21.762325320000,"Rua José Teodoro dos Santos, 292"
412,PARQUE BURNIER.,10072380,10:20:00,10,1,0,6,2025-01-02T00:00:00.000Z,-43.331466790000,-21.763337580000,"Rua Olga Burnier, 485"
412,PARQUE BURNIER.,10073583,10:20:00,9,0,0,5,2025-01-02T00:00:00.000Z,-43.330207820000,-21.763072230000,"Rua Adelaide Campos de Resende, 1070"
412,PARQUE BURNIER.,10072362,10:20:00,3,0,1,0,2025-01-02T00:00:00.000Z,-43.327527760000,-21.762798310000,"Rua Natalino José de Paula, 310"
412,PARQUE BURNIER.,10071108,10:40:00,1,7,0,7,2025-01-02T00:00:00.000Z,-43.349331860000,-21.758144610000,"Avenida Getúlio Vargas, 835"
412,PARQUE BURNIER.,10072305,10:40:00,2,0,2,5,2025-01-02T00:00:00.000Z,-43.337478970000,-21.760922950000,"Rua Djalma de Carvalho, 37"
412,PARQUE BURNIER.,10073561,10:40:00,7,0,0,5,2025-01-02T00:00:00.000Z,-43.331552510000,-21.763418910000,"Rua Olga Burnier, 480"
412,PARQUE BURNIER.,10073560,10:40:00,5,0,0,5,2025-01-02T00:00:00.000Z,-43.333589670000,-21.761652280000,"Rua Olga Burnier, 230"
412,PARQUE BURNIER.,10073557,10:40:00,6,0,0,5,2025-01-02T00:00:00.000Z,-43.332479840000,-21.762640710000,"Rua Olga Burnier, 356"
412,PARQUE BURNIER.,10072356,10:40:00,17,0,0,6,2025-01-02T00:00:00.000Z,-43.327793950000,-21.762107030000,"Rua Natalino José de Paula, 271"
412,PARQUE BURNIER.,10072301,10:40:00,8,0,0,5,2025-01-02T00:00:00.000Z,-43.330138330000,-21.763252970000,"Rua Adelaide Campos de Resende, 1061"
412,PARQUE BURNIER.,10072296,10:40:00,9,0,0,5,2025-01-02T00:00:00.000Z,-43.329374790000,-21.763440430000,"Rua Adelaide Campos de Resende, 975"
412,PARQUE BURNIER.,10071503,10:40:00,15,2,0,6,2025-01-02T00:00:00.000Z,-43.326207040000,-21.762717810000,"Rua Natalino José de Paula, 421"
412,PARQUE BURNIER.,10073558,10:40:00,4,0,0,5,2025-01-02T00:00:00.000Z,-43.334645750000,-21.760669710000,"Rua Olga Burnier, 70"
412,PARQUE BURNIER.,10072313,10:40:00,10,0,0,5,2025-01-02T00:00:00.000Z,-43.328846690000,-21.762504770000,"Rua José Teodoro dos Santos, 275"
412,PARQUE BURNIER.,10072358,10:40:00,18,0,0,6,2025-01-02T00:00:00.000Z,-43.328687310000,-21.761675740000,"Rua Natalino José de Paula, 112 - Ponto Final do Parque Burnier"
412,PARQUE BURNIER.,10072359,10:40:00,14,0,0,4,2025-01-02T00:00:00.000Z,-43.326282500000,-21.763143540000,"Rua Adelaide Campos de Resende, 651"
412,PARQUE BURNIER.,10072328,10:40:00,13,0,0,4,2025-01-02T00:00:00.000Z,-43.326450350000,-21.763683320000,"Rua Adelaide Campos de Resende, 669"
412,PARQUE BURNIER.,10073552,10:40:00,3,0,0,5,2025-01-02T00:00:00.000Z,-43.335479020000,-21.760313550000,"Rua São Geraldo, 84"
412,PARQUE BURNIER.,10072377,10:40:00,12,0,0,4,2025-01-02T00:00:00.000Z,-43.327321890000,-21.764062650000,"Rua José Teodoro dos Santos, 25"
412,PARQUE BURNIER.,10072316,10:40:00,11,0,1,4,2025-01-02T00:00:00.000Z,-43.328204750000,-21.763332370000,"Rua José Teodoro dos Santos, 145"
412,PARQUE BURNIER.,10072375,10:40:00,16,0,0,6,2025-01-02T00:00:00.000Z,-43.327420830000,-21.762727850000,"Rua Natalino José de Paula, 319"
412,PARQUE BURNIER.,10072358,11:15:00,1,0,0,0,2025-01-02T00:00:00.000Z,-43.328687310000,-21.761675740000,"Rua Natalino José de Paula, 112 - Ponto Final do Parque Burnier"
412,PARQUE BURNIER.,10072302,11:15:00,15,1,3,14,2025-01-02T00:00:00.000Z,-43.338029500000,-21.760323850000,"Avenida Sete de Setembro, 623"
412,PARQUE BURNIER.,10073589,11:15:00,4,1,0,3,2025-01-02T00:00:00.000Z,-43.326568960000,-21.763629600000,"Rua Adelaide Campos de Resende, 706"
412,PARQUE BURNIER.,10072386,11:15:00,7,3,1,11,2025-01-02T00:00:00.000Z,-43.328850270000,-21.762325320000,"Rua José Teodoro dos Santos, 292"
412,PARQUE BURNIER.,10073583,11:15:00,9,0,0,14,2025-01-02T00:00:00.000Z,-43.330207820000,-21.763072230000,"Rua Adelaide Campos de Resende, 1070"
412,PARQUE BURNIER.,10072363,11:15:00,2,1,0,1,2025-01-02T00:00:00.000Z,-43.327885630000,-21.762179390000,"Rua Natalino José de Paula, 288"
412,PARQUE BURNIER.,10074194,11:15:00,16,7,4,17,2025-01-02T00:00:00.000Z,-43.342338620000,-21.760505960000,"Rua Ângelo Falci, 55"
412,PARQUE BURNIER.,10072382,11:15:00,11,1,0,15,2025-01-02T00:00:00.000Z,-43.332369450000,-21.762522520000,"Rua Olga Burnier, 361"
412,PARQUE BURNIER.,10072384,11:15:00,6,1,0,9,2025-01-02T00:00:00.000Z,-43.327999480000,-21.763301540000,"Rua José Teodoro dos Santos, 126"
412,PARQUE BURNIER.,10072332,11:15:00,14,0,0,16,2025-01-02T00:00:00.000Z,-43.335533860000,-21.760131640000,"Rua São Geraldo, 89"
412,PARQUE BURNIER.,10072337,11:15:00,13,1,0,16,2025-01-02T00:00:00.000Z,-43.334540130000,-21.760522960000,"Rua Olga Burnier, 67"
412,PARQUE BURNIER.,10073584,11:15:00,8,3,0,14,2025-01-02T00:00:00.000Z,-43.329363350000,-21.763255450000,"Rua Adelaide Campos de Resende, 984"
412,PARQUE BURNIER.,10072380,11:15:00,10,0,0,14,2025-01-02T00:00:00.000Z,-43.331466790000,-21.763337580000,"Rua Olga Burnier, 485"
412,PARQUE BURNIER.,10072309,11:15:00,5,5,0,8,2025-01-02T00:00:00.000Z,-43.327273730000,-21.763967940000,"Rua José Teodoro dos Santos, 28"
412,PARQUE BURNIER.,10072335,11:15:00,12,0,0,15,2025-01-02T00:00:00.000Z,-43.333453420000,-21.761562350000,"Rua Olga Burnier, 233"
412,PARQUE BURNIER.,10071108,11:15:00,17,12,17,12,2025-01-02T00:00:00.000Z,-43.349331860000,-21.758144610000,"Avenida Getúlio Vargas, 835"
412,PARQUE BURNIER.,10072362,11:15:00,3,1,0,2,2025-01-02T00:00:00.000Z,-43.327527760000,-21.762798310000,"Rua Natalino José de Paula, 310"
412,PARQUE BURNIER.,10073583,12:10:00,9,0,0,7,2025-01-02T00:00:00.000Z,-43.330207820000,-21.763072230000,"Rua Adelaide Campos de Resende, 1070"
412,PARQUE BURNIER.,10072384,12:10:00,6,0,0,3,2025-01-02T00:00:00.000Z,-43.327999480000,-21.763301540000,"Rua José Teodoro dos Santos, 126"
412,PARQUE BURNIER.,10072332,12:10:00,14,1,0,11,2025-01-02T00:00:00.000Z,-43.335533860000,-21.760131640000,"Rua São Geraldo, 89"
412,PARQUE BURNIER.,10073584,12:10:00,8,2,0,7,2025-01-02T00:00:00.000Z,-43.329363350000,-21.763255450000,"Rua Adelaide Campos de Resende, 984"
412,PARQUE BURNIER.,10072302,12:10:00,15,1,1,11,2025-01-02T00:00:00.000Z,-43.338029500000,-21.760323850000,"Avenida Sete de Setembro, 623"
412,PARQUE BURNIER.,10072362,12:10:00,3,0,1,0,2025-01-02T00:00:00.000Z,-43.327527760000,-21.762798310000,"Rua Natalino José de Paula, 310"
412,PARQUE BURNIER.,10072358,12:10:00,1,1,0,1,2025-01-02T00:00:00.000Z,-43.328687310000,-21.761675740000,"Rua Natalino José de Paula, 112 - Ponto Final do Parque Burnier"
412,PARQUE BURNIER.,10072309,12:10:00,5,0,0,3,2025-01-02T00:00:00.000Z,-43.327273730000,-21.763967940000,"Rua José Teodoro dos Santos, 28"
412,PARQUE BURNIER.,10072380,12:10:00,10,1,0,8,2025-01-02T00:00:00.000Z,-43.331466790000,-21.763337580000,"Rua Olga Burnier, 485"
412,PARQUE BURNIER.,10071108,12:10:00,17,0,18,1,2025-01-02T00:00:00.000Z,-43.349331860000,-21.758144610000,"Avenida Getúlio Vargas, 835"
412,PARQUE BURNIER.,10072337,12:10:00,13,1,0,10,2025-01-02T00:00:00.000Z,-43.334540130000,-21.760522960000,"Rua Olga Burnier, 67"
412,PARQUE BURNIER.,10074194,12:10:00,16,11,3,19,2025-01-02T00:00:00.000Z,-43.342338620000,-21.760505960000,"Rua Ângelo Falci, 55"
412,PARQUE BURNIER.,10073589,12:10:00,4,3,0,3,2025-01-02T00:00:00.000Z,-43.326568960000,-21.763629600000,"Rua Adelaide Campos de Resende, 706"
412,PARQUE BURNIER.,10072363,12:10:00,2,0,0,1,2025-01-02T00:00:00.000Z,-43.327885630000,-21.762179390000,"Rua Natalino José de Paula, 288"
412,PARQUE BURNIER.,10072382,12:10:00,11,0,0,8,2025-01-02T00:00:00.000Z,-43.332369450000,-21.762522520000,"Rua Olga Burnier, 361"
412,PARQUE BURNIER.,10072386,12:10:00,7,2,0,5,2025-01-02T00:00:00.000Z,-43.328850270000,-21.762325320000,"Rua José Teodoro dos Santos, 292"
412,PARQUE BURNIER.,10072335,12:10:00,12,1,0,9,2025-01-02T00:00:00.000Z,-43.333453420000,-21.761562350000,"Rua Olga Burnier, 233"
412,PARQUE BURNIER.,10071503,12:30:00,15,0,0,12,2025-01-02T00:00:00.000Z,-43.326207040000,-21.762717810000,"Rua Natalino José de Paula, 421"
412,PARQUE BURNIER.,10072359,12:30:00,14,0,0,12,2025-01-02T00:00:00.000Z,-43.326282500000,-21.763143540000,"Rua Adelaide Campos de Resende, 651"
412,PARQUE BURNIER.,10072296,12:30:00,9,0,0,14,2025-01-02T00:00:00.000Z,-43.329374790000,-21.763440430000,"Rua Adelaide Campos de Resende, 975"
412,PARQUE BURNIER.,10072305,12:30:00,2,3,1,15,2025-01-02T00:00:00.000Z,-43.337478970000,-21.760922950000,"Rua Djalma de Carvalho, 37"
412,PARQUE BURNIER.,10072328,12:30:00,13,0,0,12,2025-01-02T00:00:00.000Z,-43.326450350000,-21.763683320000,"Rua Adelaide Campos de Resende, 669"
412,PARQUE BURNIER.,10072313,12:30:00,10,0,1,13,2025-01-02T00:00:00.000Z,-43.328846690000,-21.762504770000,"Rua José Teodoro dos Santos, 275"
412,PARQUE BURNIER.,10072377,12:30:00,12,0,0,12,2025-01-02T00:00:00.000Z,-43.327321890000,-21.764062650000,"Rua José Teodoro dos Santos, 25"
412,PARQUE BURNIER.,10071108,12:30:00,1,13,0,13,2025-01-02T00:00:00.000Z,-43.349331860000,-21.758144610000,"Avenida Getúlio Vargas, 835"
412,PARQUE BURNIER.,10073558,12:30:00,4,0,0,14,2025-01-02T00:00:00.000Z,-43.334645750000,-21.760669710000,"Rua Olga Burnier, 70"
412,PARQUE BURNIER.,10072316,12:30:00,11,0,1,12,2025-01-02T00:00:00.000Z,-43.328204750000,-21.763332370000,"Rua José Teodoro dos Santos, 145"
412,PARQUE BURNIER.,10073561,12:30:00,7,0,0,14,2025-01-02T00:00:00.000Z,-43.331552510000,-21.763418910000,"Rua Olga Burnier, 480"
412,PARQUE BURNIER.,10072356,12:30:00,17,0,0,9,2025-01-02T00:00:00.000Z,-43.327793950000,-21.762107030000,"Rua Natalino José de Paula, 271"
412,PARQUE BURNIER.,10072301,12:30:00,8,0,0,14,2025-01-02T00:00:00.000Z,-43.330138330000,-21.763252970000,"Rua Adelaide Campos de Resende, 1061"
412,PARQUE BURNIER.,10073560,12:30:00,5,0,0,14,2025-01-02T00:00:00.000Z,-43.333589670000,-21.761652280000,"Rua Olga Burnier, 230"
412,PARQUE BURNIER.,10072358,12:30:00,18,7,0,16,2025-01-02T00:00:00.000Z,-43.328687310000,-21.761675740000,"Rua Natalino José de Paula, 112 - Ponto Final do Parque Burnier"
412,PARQUE BURNIER.,10073552,12:30:00,3,0,1,14,2025-01-02T00:00:00.000Z,-43.335479020000,-21.760313550000,"Rua São Geraldo, 84"
412,PARQUE BURNIER.,10073557,12:30:00,6,0,0,14,2025-01-02T00:00:00.000Z,-43.332479840000,-21.762640710000,"Rua Olga Burnier, 356"
412,PARQUE BURNIER.,10072375,12:30:00,16,0,3,9,2025-01-02T00:00:00.000Z,-43.327420830000,-21.762727850000,"Rua Natalino José de Paula, 319"
412,PARQUE BURNIER.,10072386,13:05:00,7,4,1,4,2025-01-02T00:00:00.000Z,-43.328850270000,-21.762325320000,"Rua José Teodoro dos Santos, 292"
412,PARQUE BURNIER.,10071108,13:05:00,17,0,9,0,2025-01-02T00:00:00.000Z,-43.349331860000,-21.758144610000,"Avenida Getúlio Vargas, 835"
412,PARQUE BURNIER.,10072384,13:05:00,6,0,0,1,2025-01-02T00:00:00.000Z,-43.327999480000,-21.763301540000,"Rua José Teodoro dos Santos, 126"
412,PARQUE BURNIER.,10073589,13:05:00,4,2,0,2,2025-01-02T00:00:00.000Z,-43.326568960000,-21.763629600000,"Rua Adelaide Campos de Resende, 706"
412,PARQUE BURNIER.,10072337,13:05:00,13,0,0,8,2025-01-02T00:00:00.000Z,-43.334540130000,-21.760522960000,"Rua Olga Burnier, 67"
412,PARQUE BURNIER.,10072380,13:05:00,10,0,0,7,2025-01-02T00:00:00.000Z,-43.331466790000,-21.763337580000,"Rua Olga Burnier, 485"
412,PARQUE BURNIER.,10073583,13:05:00,9,0,0,7,2025-01-02T00:00:00.000Z,-43.330207820000,-21.763072230000,"Rua Adelaide Campos de Resende, 1070"
412,PARQUE BURNIER.,10072358,13:05:00,1,0,0,0,2025-01-02T00:00:00.000Z,-43.328687310000,-21.761675740000,"Rua Natalino José de Paula, 112 - Ponto Final do Parque Burnier"
412,PARQUE BURNIER.,10074194,13:05:00,16,6,2,9,2025-01-02T00:00:00.000Z,-43.342338620000,-21.760505960000,"Rua Ângelo Falci, 55"
412,PARQUE BURNIER.,10072309,13:05:00,5,0,1,1,2025-01-02T00:00:00.000Z,-43.327273730000,-21.763967940000,"Rua José Teodoro dos Santos, 28"
412,PARQUE BURNIER.,10072363,13:05:00,2,0,0,0,2025-01-02T00:00:00.000Z,-43.327885630000,-21.762179390000,"Rua Natalino José de Paula, 288"
412,PARQUE BURNIER.,10072362,13:05:00,3,0,0,0,2025-01-02T00:00:00.000Z,-43.327527760000,-21.762798310000,"Rua Natalino José de Paula, 310"
412,PARQUE BURNIER.,10072382,13:05:00,11,1,0,8,2025-01-02T00:00:00.000Z,-43.332369450000,-21.762522520000,"Rua Olga Burnier, 361"
412,PARQUE BURNIER.,10072332,13:05:00,14,0,1,7,2025-01-02T00:00:00.000Z,-43.335533860000,-21.760131640000,"Rua São Geraldo, 89"
412,PARQUE BURNIER.,10073584,13:05:00,8,3,0,7,2025-01-02T00:00:00.000Z,-43.329363350000,-21.763255450000,"Rua Adelaide Campos de Resende, 984"
412,PARQUE BURNIER.,10072302,13:05:00,15,0,2,5,2025-01-02T00:00:00.000Z,-43.338029500000,-21.760323850000,"Avenida Sete de Setembro, 623"
412,PARQUE BURNIER.,10072335,13:05:00,12,0,0,8,2025-01-02T00:00:00.000Z,-43.333453420000,-21.761562350000,"Rua Olga Burnier, 233"
412,PARQUE BURNIER.,10072356,13:25:00,17,0,0,9,2025-01-02T00:00:00.000Z,-43.327793950000,-21.762107030000,"Rua Natalino José de Paula, 271"
412,PARQUE BURNIER.,10072359,13:25:00,14,0,0,12,2025-01-02T00:00:00.000Z,-43.326282500000,-21.763143540000,"Rua Adelaide Campos de Resende, 651"
412,PARQUE BURNIER.,10071108,13:25:00,1,15,0,15,2025-01-02T00:00:00.000Z,-43.349331860000,-21.758144610000,"Avenida Getúlio Vargas, 835"
412,PARQUE BURNIER.,10072375,13:25:00,16,0,3,9,2025-01-02T00:00:00.000Z,-43.327420830000,-21.762727850000,"Rua Natalino José de Paula, 319"
412,PARQUE BURNIER.,10072358,13:25:00,18,2,0,11,2025-01-02T00:00:00.000Z,-43.328687310000,-21.761675740000,"Rua Natalino José de Paula, 112 - Ponto Final do Parque Burnier"
412,PARQUE BURNIER.,10072377,13:25:00,12,0,0,12,2025-01-02T00:00:00.000Z,-43.327321890000,-21.764062650000,"Rua José Teodoro dos Santos, 25"
412,PARQUE BURNIER.,10071503,13:25:00,15,0,0,12,2025-01-02T00:00:00.000Z,-43.326207040000,-21.762717810000,"Rua Natalino José de Paula, 421"
412,PARQUE BURNIER.,10073560,13:25:00,5,0,0,17,2025-01-02T00:00:00.000Z,-43.333589670000,-21.761652280000,"Rua Olga Burnier, 230"
412,PARQUE BURNIER.,10073552,13:25:00,3,0,0,17,2025-01-02T00:00:00.000Z,-43.335479020000,-21.760313550000,"Rua São Geraldo, 84"
412,PARQUE BURNIER.,10072316,13:25:00,11,0,1,12,2025-01-02T00:00:00.000Z,-43.328204750000,-21.763332370000,"Rua José Teodoro dos Santos, 145"
412,PARQUE BURNIER.,10072328,13:25:00,13,0,0,12,2025-01-02T00:00:00.000Z,-43.326450350000,-21.763683320000,"Rua Adelaide Campos de Resende, 669"
412,PARQUE BURNIER.,10072313,13:25:00,10,0,1,13,2025-01-02T00:00:00.000Z,-43.328846690000,-21.762504770000,"Rua José Teodoro dos Santos, 275"
412,PARQUE BURNIER.,10073561,13:25:00,7,0,0,17,2025-01-02T00:00:00.000Z,-43.331552510000,-21.763418910000,"Rua Olga Burnier, 480"
412,PARQUE BURNIER.,10072296,13:25:00,9,0,1,14,2025-01-02T00:00:00.000Z,-43.329374790000,-21.763440430000,"Rua Adelaide Campos de Resende, 975"
412,PARQUE BURNIER.,10072305,13:25:00,2,3,1,17,2025-01-02T00:00:00.000Z,-43.337478970000,-21.760922950000,"Rua Djalma de Carvalho, 37"
412,PARQUE BURNIER.,10073557,13:25:00,6,0,0,17,2025-01-02T00:00:00.000Z,-43.332479840000,-21.762640710000,"Rua Olga Burnier, 356"
412,PARQUE BURNIER.,10073558,13:25:00,4,0,0,17,2025-01-02T00:00:00.000Z,-43.334645750000,-21.760669710000,"Rua Olga Burnier, 70"
412,PARQUE BURNIER.,10072301,13:25:00,8,0,2,15,2025-01-02T00:00:00.000Z,-43.330138330000,-21.763252970000,"Rua Adelaide Campos de Resende, 1061"
412,PARQUE BURNIER.,10072302,14:00:00,15,0,1,11,2025-01-02T00:00:00.000Z,-43.338029500000,-21.760323850000,"Avenida Sete de Setembro, 623"
412,PARQUE BURNIER.,10072335,14:00:00,12,2,0,12,2025-01-02T00:00:00.000Z,-43.333453420000,-21.761562350000,"Rua Olga Burnier, 233"
412,PARQUE BURNIER.,10072382,14:00:00,11,2,0,10,2025-01-02T00:00:00.000Z,-43.332369450000,-21.762522520000,"Rua Olga Burnier, 361"
412,PARQUE BURNIER.,10072386,14:00:00,7,0,0,5,2025-01-02T00:00:00.000Z,-43.328850270000,-21.762325320000,"Rua José Teodoro dos Santos, 292"
412,PARQUE BURNIER.,10073589,14:00:00,4,0,0,3,2025-01-02T00:00:00.000Z,-43.326568960000,-21.763629600000,"Rua Adelaide Campos de Resende, 706"
412,PARQUE BURNIER.,10071108,14:00:00,17,0,15,3,2025-01-02T00:00:00.000Z,-43.349331860000,-21.758144610000,"Avenida Getúlio Vargas, 835"
412,PARQUE BURNIER.,10072337,14:00:00,13,0,0,12,2025-01-02T00:00:00.000Z,-43.334540130000,-21.760522960000,"Rua Olga Burnier, 67"
412,PARQUE BURNIER.,10072309,14:00:00,5,2,0,5,2025-01-02T00:00:00.000Z,-43.327273730000,-21.763967940000,"Rua José Teodoro dos Santos, 28"
412,PARQUE BURNIER.,10072362,14:00:00,3,1,1,3,2025-01-02T00:00:00.000Z,-43.327527760000,-21.762798310000,"Rua Natalino José de Paula, 310"
412,PARQUE BURNIER.,10072363,14:00:00,2,3,0,3,2025-01-02T00:00:00.000Z,-43.327885630000,-21.762179390000,"Rua Natalino José de Paula, 288"
412,PARQUE BURNIER.,10073583,14:00:00,9,0,0,7,2025-01-02T00:00:00.000Z,-43.330207820000,-21.763072230000,"Rua Adelaide Campos de Resende, 1070"
412,PARQUE BURNIER.,10072332,14:00:00,14,0,0,12,2025-01-02T00:00:00.000Z,-43.335533860000,-21.760131640000,"Rua São Geraldo, 89"
412,PARQUE BURNIER.,10072380,14:00:00,10,1,0,8,2025-01-02T00:00:00.000Z,-43.331466790000,-21.763337580000,"Rua Olga Burnier, 485"
412,PARQUE BURNIER.,10073584,14:00:00,8,2,0,7,2025-01-02T00:00:00.000Z,-43.329363350000,-21.763255450000,"Rua Adelaide Campos de Resende, 984"
412,PARQUE BURNIER.,10072384,14:00:00,6,0,0,5,2025-01-02T00:00:00.000Z,-43.327999480000,-21.763301540000,"Rua José Teodoro dos Santos, 126"
412,PARQUE BURNIER.,10072358,14:00:00,1,0,0,0,2025-01-02T00:00:00.000Z,-43.328687310000,-21.761675740000,"Rua Natalino José de Paula, 112 - Ponto Final do Parque Burnier"
412,PARQUE BURNIER.,10074194,14:00:00,16,8,1,18,2025-01-02T00:00:00.000Z,-43.342338620000,-21.760505960000,"Rua Ângelo Falci, 55"
412,PARQUE BURNIER.,10072305,14:20:00,2,0,2,26,2025-01-02T00:00:00.000Z,-43.337478970000,-21.760922950000,"Rua Djalma de Carvalho, 37"
412,PARQUE BURNIER.,10073561,14:20:00,7,0,1,25,2025-01-02T00:00:00.000Z,-43.331552510000,-21.763418910000,"Rua Olga Burnier, 480"
412,PARQUE BURNIER.,10072313,14:20:00,10,0,2,23,2025-01-02T00:00:00.000Z,-43.328846690000,-21.762504770000,"Rua José Teodoro dos Santos, 275"
412,PARQUE BURNIER.,10072377,14:20:00,12,0,0,23,2025-01-02T00:00:00.000Z,-43.327321890000,-21.764062650000,"Rua José Teodoro dos Santos, 25"
412,PARQUE BURNIER.,10073560,14:20:00,5,0,0,26,2025-01-02T00:00:00.000Z,-43.333589670000,-21.761652280000,"Rua Olga Burnier, 230"
412,PARQUE BURNIER.,10072296,14:20:00,9,0,0,25,2025-01-02T00:00:00.000Z,-43.329374790000,-21.763440430000,"Rua Adelaide Campos de Resende, 975"
412,PARQUE BURNIER.,10071108,14:20:00,1,28,0,28,2025-01-02T00:00:00.000Z,-43.349331860000,-21.758144610000,"Avenida Getúlio Vargas, 835"
412,PARQUE BURNIER.,10071503,14:20:00,15,0,0,22,2025-01-02T00:00:00.000Z,-43.326207040000,-21.762717810000,"Rua Natalino José de Paula, 421"
412,PARQUE BURNIER.,10072375,14:20:00,16,0,1,21,2025-01-02T00:00:00.000Z,-43.327420830000,-21.762727850000,"Rua Natalino José de Paula, 319"
412,PARQUE BURNIER.,10072316,14:20:00,11,0,0,23,2025-01-02T00:00:00.000Z,-43.328204750000,-21.763332370000,"Rua José Teodoro dos Santos, 145"
412,PARQUE BURNIER.,10072358,14:20:00,18,1,0,21,2025-01-02T00:00:00.000Z,-43.328687310000,-21.761675740000,"Rua Natalino José de Paula, 112 - Ponto Final do Parque Burnier"
412,PARQUE BURNIER.,10072328,14:20:00,13,1,1,23,2025-01-02T00:00:00.000Z,-43.326450350000,-21.763683320000,"Rua Adelaide Campos de Resende, 669"
412,PARQUE BURNIER.,10073558,14:20:00,4,0,0,26,2025-01-02T00:00:00.000Z,-43.334645750000,-21.760669710000,"Rua Olga Burnier, 70"
412,PARQUE BURNIER.,10072359,14:20:00,14,0,1,22,2025-01-02T00:00:00.000Z,-43.326282500000,-21.763143540000,"Rua Adelaide Campos de Resende, 651"
412,PARQUE BURNIER.,10072356,14:20:00,17,0,1,20,2025-01-02T00:00:00.000Z,-43.327793950000,-21.762107030000,"Rua Natalino José de Paula, 271"
412,PARQUE BURNIER.,10072301,14:20:00,8,0,0,25,2025-01-02T00:00:00.000Z,-43.330138330000,-21.763252970000,"Rua Adelaide Campos de Resende, 1061"
412,PARQUE BURNIER.,10073552,14:20:00,3,0,0,26,2025-01-02T00:00:00.000Z,-43.335479020000,-21.760313550000,"Rua São Geraldo, 84"
412,PARQUE BURNIER.,10073557,14:20:00,6,1,1,26,2025-01-02T00:00:00.000Z,-43.332479840000,-21.762640710000,"Rua Olga Burnier, 356"
412,PARQUE BURNIER.,10072335,14:55:00,12,2,0,4,2025-01-02T00:00:00.000Z,-43.333453420000,-21.761562350000,"Rua Olga Burnier, 233"
412,PARQUE BURNIER.,10072358,14:55:00,1,0,0,0,2025-01-02T00:00:00.000Z,-43.328687310000,-21.761675740000,"Rua Natalino José de Paula, 112 - Ponto Final do Parque Burnier"
412,PARQUE BURNIER.,10072302,14:55:00,15,1,2,2,2025-01-02T00:00:00.000Z,-43.338029500000,-21.760323850000,"Avenida Sete de Setembro, 623"
412,PARQUE BURNIER.,10072362,14:55:00,3,1,0,3,2025-01-02T00:00:00.000Z,-43.327527760000,-21.762798310000,"Rua Natalino José de Paula, 310"
412,PARQUE BURNIER.,10072386,14:55:00,7,0,1,1,2025-01-02T00:00:00.000Z,-43.328850270000,-21.762325320000,"Rua José Teodoro dos Santos, 292"
412,PARQUE BURNIER.,10074194,14:55:00,16,9,2,9,2025-01-02T00:00:00.000Z,-43.342338620000,-21.760505960000,"Rua Ângelo Falci, 55"
412,PARQUE BURNIER.,10071108,14:55:00,17,0,9,0,2025-01-02T00:00:00.000Z,-43.349331860000,-21.758144610000,"Avenida Getúlio Vargas, 835"
412,PARQUE BURNIER.,10072332,14:55:00,14,0,1,3,2025-01-02T00:00:00.000Z,-43.335533860000,-21.760131640000,"Rua São Geraldo, 89"
412,PARQUE BURNIER.,10073589,14:55:00,4,0,0,3,2025-01-02T00:00:00.000Z,-43.326568960000,-21.763629600000,"Rua Adelaide Campos de Resende, 706"
412,PARQUE BURNIER.,10072337,14:55:00,13,0,0,4,2025-01-02T00:00:00.000Z,-43.334540130000,-21.760522960000,"Rua Olga Burnier, 67"
412,PARQUE BURNIER.,10072309,14:55:00,5,0,1,2,2025-01-02T00:00:00.000Z,-43.327273730000,-21.763967940000,"Rua José Teodoro dos Santos, 28"
412,PARQUE BURNIER.,10073583,14:55:00,9,0,0,1,2025-01-02T00:00:00.000Z,-43.330207820000,-21.763072230000,"Rua Adelaide Campos de Resende, 1070"
412,PARQUE BURNIER.,10073584,14:55:00,8,0,0,1,2025-01-02T00:00:00.000Z,-43.329363350000,-21.763255450000,"Rua Adelaide Campos de Resende, 984"
412,PARQUE BURNIER.,10072380,14:55:00,10,0,0,1,2025-01-02T00:00:00.000Z,-43.331466790000,-21.763337580000,"Rua Olga Burnier, 485"
412,PARQUE BURNIER.,10072363,14:55:00,2,2,0,2,2025-01-02T00:00:00.000Z,-43.327885630000,-21.762179390000,"Rua Natalino José de Paula, 288"
412,PARQUE BURNIER.,10072382,14:55:00,11,1,0,2,2025-01-02T00:00:00.000Z,-43.332369450000,-21.762522520000,"Rua Olga Burnier, 361"
412,PARQUE BURNIER.,10072384,14:55:00,6,0,0,2,2025-01-02T00:00:00.000Z,-43.327999480000,-21.763301540000,"Rua José Teodoro dos Santos, 126"
412,PARQUE BURNIER.,10072301,15:15:00,8,0,0,3,2025-01-02T00:00:00.000Z,-43.330138330000,-21.763252970000,"Rua Adelaide Campos de Resende, 1061"
412,PARQUE BURNIER.,10071503,15:15:00,15,0,1,2,2025-01-02T00:00:00.000Z,-43.326207040000,-21.762717810000,"Rua Natalino José de Paula, 421"
412,PARQUE BURNIER.,10072316,15:15:00,11,0,0,3,2025-01-02T00:00:00.000Z,-43.328204750000,-21.763332370000,"Rua José Teodoro dos Santos, 145"
412,PARQUE BURNIER.,10072377,15:15:00,12,0,0,3,2025-01-02T00:00:00.000Z,-43.327321890000,-21.764062650000,"Rua José Teodoro dos Santos, 25"
412,PARQUE BURNIER.,10073552,15:15:00,3,0,0,3,2025-01-02T00:00:00.000Z,-43.335479020000,-21.760313550000,"Rua São Geraldo, 84"
412,PARQUE BURNIER.,10073557,15:15:00,6,0,0,3,2025-01-02T00:00:00.000Z,-43.332479840000,-21.762640710000,"Rua Olga Burnier, 356"
412,PARQUE BURNIER.,10073560,15:15:00,5,0,0,3,2025-01-02T00:00:00.000Z,-43.333589670000,-21.761652280000,"Rua Olga Burnier, 230"
412,PARQUE BURNIER.,10072356,15:15:00,17,0,0,2,2025-01-02T00:00:00.000Z,-43.327793950000,-21.762107030000,"Rua Natalino José de Paula, 271"
412,PARQUE BURNIER.,10072305,15:15:00,2,1,0,3,2025-01-02T00:00:00.000Z,-43.337478970000,-21.760922950000,"Rua Djalma de Carvalho, 37"
412,PARQUE BURNIER.,10072359,15:15:00,14,0,0,3,2025-01-02T00:00:00.000Z,-43.326282500000,-21.763143540000,"Rua Adelaide Campos de Resende, 651"
412,PARQUE BURNIER.,10072375,15:15:00,16,0,0,2,2025-01-02T00:00:00.000Z,-43.327420830000,-21.762727850000,"Rua Natalino José de Paula, 319"
412,PARQUE BURNIER.,10073561,15:15:00,7,0,0,3,2025-01-02T00:00:00.000Z,-43.331552510000,-21.763418910000,"Rua Olga Burnier, 480"
412,PARQUE BURNIER.,10072358,15:15:00,18,4,0,6,2025-01-02T00:00:00.000Z,-43.328687310000,-21.761675740000,"Rua Natalino José de Paula, 112 - Ponto Final do Parque Burnier"
412,PARQUE BURNIER.,10072313,15:15:00,10,0,0,3,2025-01-02T00:00:00.000Z,-43.328846690000,-21.762504770000,"Rua José Teodoro dos Santos, 275"
412,PARQUE BURNIER.,10072296,15:15:00,9,0,0,3,2025-01-02T00:00:00.000Z,-43.329374790000,-21.763440430000,"Rua Adelaide Campos de Resende, 975"
412,PARQUE BURNIER.,10073558,15:15:00,4,0,0,3,2025-01-02T00:00:00.000Z,-43.334645750000,-21.760669710000,"Rua Olga Burnier, 70"
412,PARQUE BURNIER.,10071108,15:15:00,1,2,0,2,2025-01-02T00:00:00.000Z,-43.349331860000,-21.758144610000,"Avenida Getúlio Vargas, 835"
412,PARQUE BURNIER.,10072328,15:15:00,13,0,0,3,2025-01-02T00:00:00.000Z,-43.326450350000,-21.763683320000,"Rua Adelaide Campos de Resende, 669"
412,PARQUE BURNIER.,10072386,15:50:00,7,0,0,5,2025-01-02T00:00:00.000Z,-43.328850270000,-21.762325320000,"Rua José Teodoro dos Santos, 292"
412,PARQUE BURNIER.,10072382,15:50:00,11,0,0,8,2025-01-02T00:00:00.000Z,-43.332369450000,-21.762522520000,"Rua Olga Burnier, 361"
412,PARQUE BURNIER.,10072309,15:50:00,5,0,0,3,2025-01-02T00:00:00.000Z,-43.327273730000,-21.763967940000,"Rua José Teodoro dos Santos, 28"
412,PARQUE BURNIER.,10072380,15:50:00,10,0,0,8,2025-01-02T00:00:00.000Z,-43.331466790000,-21.763337580000,"Rua Olga Burnier, 485"
412,PARQUE BURNIER.,10072363,15:50:00,2,1,0,1,2025-01-02T00:00:00.000Z,-43.327885630000,-21.762179390000,"Rua Natalino José de Paula, 288"
412,PARQUE BURNIER.,10072358,15:50:00,1,0,0,0,2025-01-02T00:00:00.000Z,-43.328687310000,-21.761675740000,"Rua Natalino José de Paula, 112 - Ponto Final do Parque Burnier"
412,PARQUE BURNIER.,10072384,15:50:00,6,2,0,5,2025-01-02T00:00:00.000Z,-43.327999480000,-21.763301540000,"Rua José Teodoro dos Santos, 126"
412,PARQUE BURNIER.,10072302,15:50:00,15,3,0,11,2025-01-02T00:00:00.000Z,-43.338029500000,-21.760323850000,"Avenida Sete de Setembro, 623"
412,PARQUE BURNIER.,10071108,15:50:00,17,0,1,15,2025-01-02T00:00:00.000Z,-43.349331860000,-21.758144610000,"Avenida Getúlio Vargas, 835"
412,PARQUE BURNIER.,10072332,15:50:00,14,0,0,8,2025-01-02T00:00:00.000Z,-43.335533860000,-21.760131640000,"Rua São Geraldo, 89"
412,PARQUE BURNIER.,10074194,15:50:00,16,6,1,16,2025-01-02T00:00:00.000Z,-43.342338620000,-21.760505960000,"Rua Ângelo Falci, 55"
412,PARQUE BURNIER.,10072362,15:50:00,3,0,0,1,2025-01-02T00:00:00.000Z,-43.327527760000,-21.762798310000,"Rua Natalino José de Paula, 310"
412,PARQUE BURNIER.,10073584,15:50:00,8,2,0,7,2025-01-02T00:00:00.000Z,-43.329363350000,-21.763255450000,"Rua Adelaide Campos de Resende, 984"
412,PARQUE BURNIER.,10073583,15:50:00,9,1,0,8,2025-01-02T00:00:00.000Z,-43.330207820000,-21.763072230000,"Rua Adelaide Campos de Resende, 1070"
412,PARQUE BURNIER.,10072337,15:50:00,13,0,0,8,2025-01-02T00:00:00.000Z,-43.334540130000,-21.760522960000,"Rua Olga Burnier, 67"
412,PARQUE BURNIER.,10073589,15:50:00,4,2,0,3,2025-01-02T00:00:00.000Z,-43.326568960000,-21.763629600000,"Rua Adelaide Campos de Resende, 706"
412,PARQUE BURNIER.,10072335,15:50:00,12,0,0,8,2025-01-02T00:00:00.000Z,-43.333453420000,-21.761562350000,"Rua Olga Burnier, 233"
412,PARQUE BURNIER.,10073560,16:10:00,5,0,0,6,2025-01-02T00:00:00.000Z,-43.333589670000,-21.761652280000,"Rua Olga Burnier, 230"
412,PARQUE BURNIER.,10072375,16:10:00,16,0,1,3,2025-01-02T00:00:00.000Z,-43.327420830000,-21.762727850000,"Rua Natalino José de Paula, 319"
412,PARQUE BURNIER.,10073558,16:10:00,4,0,0,6,2025-01-02T00:00:00.000Z,-43.334645750000,-21.760669710000,"Rua Olga Burnier, 70"
412,PARQUE BURNIER.,10073561,16:10:00,7,0,2,4,2025-01-02T00:00:00.000Z,-43.331552510000,-21.763418910000,"Rua Olga Burnier, 480"
412,PARQUE BURNIER.,10072305,16:10:00,2,0,6,6,2025-01-02T00:00:00.000Z,-43.337478970000,-21.760922950000,"Rua Djalma de Carvalho, 37"
412,PARQUE BURNIER.,10072356,16:10:00,17,0,0,3,2025-01-02T00:00:00.000Z,-43.327793950000,-21.762107030000,"Rua Natalino José de Paula, 271"
412,PARQUE BURNIER.,10072359,16:10:00,14,0,0,4,2025-01-02T00:00:00.000Z,-43.326282500000,-21.763143540000,"Rua Adelaide Campos de Resende, 651"
412,PARQUE BURNIER.,10071503,16:10:00,15,0,0,4,2025-01-02T00:00:00.000Z,-43.326207040000,-21.762717810000,"Rua Natalino José de Paula, 421"
412,PARQUE BURNIER.,10072358,16:10:00,18,0,0,3,2025-01-02T00:00:00.000Z,-43.328687310000,-21.761675740000,"Rua Natalino José de Paula, 112 - Ponto Final do Parque Burnier"
412,PARQUE BURNIER.,10071108,16:10:00,1,12,0,12,2025-01-02T00:00:00.000Z,-43.349331860000,-21.758144610000,"Avenida Getúlio Vargas, 835"
412,PARQUE BURNIER.,10073557,16:10:00,6,0,0,6,2025-01-02T00:00:00.000Z,-43.332479840000,-21.762640710000,"Rua Olga Burnier, 356"
412,PARQUE BURNIER.,10073552,16:10:00,3,0,0,6,2025-01-02T00:00:00.000Z,-43.335479020000,-21.760313550000,"Rua São Geraldo, 84"
412,PARQUE BURNIER.,10072296,16:10:00,9,0,0,4,2025-01-02T00:00:00.000Z,-43.329374790000,-21.763440430000,"Rua Adelaide Campos de Resende, 975"
412,PARQUE BURNIER.,10072313,16:10:00,10,0,0,4,2025-01-02T00:00:00.000Z,-43.328846690000,-21.762504770000,"Rua José Teodoro dos Santos, 275"
412,PARQUE BURNIER.,10072316,16:10:00,11,0,0,4,2025-01-02T00:00:00.000Z,-43.328204750000,-21.763332370000,"Rua José Teodoro dos Santos, 145"
412,PARQUE BURNIER.,10072328,16:10:00,13,0,0,4,2025-01-02T00:00:00.000Z,-43.326450350000,-21.763683320000,"Rua Adelaide Campos de Resende, 669"
412,PARQUE BURNIER.,10072377,16:10:00,12,0,0,4,2025-01-02T00:00:00.000Z,-43.327321890000,-21.764062650000,"Rua José Teodoro dos Santos, 25"
412,PARQUE BURNIER.,10072301,16:10:00,8,0,0,4,2025-01-02T00:00:00.000Z,-43.330138330000,-21.763252970000,"Rua Adelaide Campos de Resende, 1061"
412,PARQUE BURNIER.,10074194,16:45:00,16,20,1,27,2025-01-02T00:00:00.000Z,-43.342338620000,-21.760505960000,"Rua Ângelo Falci, 55"
412,PARQUE BURNIER.,10072309,16:45:00,5,0,0,2,2025-01-02T00:00:00.000Z,-43.327273730000,-21.763967940000,"Rua José Teodoro dos Santos, 28"
412,PARQUE BURNIER.,10071108,16:45:00,17,0,23,4,2025-01-02T00:00:00.000Z,-43.349331860000,-21.758144610000,"Avenida Getúlio Vargas, 835"
412,PARQUE BURNIER.,10072382,16:45:00,11,1,1,6,2025-01-02T00:00:00.000Z,-43.332369450000,-21.762522520000,"Rua Olga Burnier, 361"
412,PARQUE BURNIER.,10072380,16:45:00,10,1,0,6,2025-01-02T00:00:00.000Z,-43.331466790000,-21.763337580000,"Rua Olga Burnier, 485"
412,PARQUE BURNIER.,10073584,16:45:00,8,1,0,5,2025-01-02T00:00:00.000Z,-43.329363350000,-21.763255450000,"Rua Adelaide Campos de Resende, 984"
412,PARQUE BURNIER.,10073583,16:45:00,9,0,0,5,2025-01-02T00:00:00.000Z,-43.330207820000,-21.763072230000,"Rua Adelaide Campos de Resende, 1070"
412,PARQUE BURNIER.,10072332,16:45:00,14,0,0,6,2025-01-02T00:00:00.000Z,-43.335533860000,-21.760131640000,"Rua São Geraldo, 89"
412,PARQUE BURNIER.,10072302,16:45:00,15,2,0,8,2025-01-02T00:00:00.000Z,-43.338029500000,-21.760323850000,"Avenida Sete de Setembro, 623"
412,PARQUE BURNIER.,10072363,16:45:00,2,1,0,1,2025-01-02T00:00:00.000Z,-43.327885630000,-21.762179390000,"Rua Natalino José de Paula, 288"
412,PARQUE BURNIER.,10072337,16:45:00,13,0,0,6,2025-01-02T00:00:00.000Z,-43.334540130000,-21.760522960000,"Rua Olga Burnier, 67"
412,PARQUE BURNIER.,10073589,16:45:00,4,1,1,2,2025-01-02T00:00:00.000Z,-43.326568960000,-21.763629600000,"Rua Adelaide Campos de Resende, 706"
412,PARQUE BURNIER.,10072384,16:45:00,6,0,0,2,2025-01-02T00:00:00.000Z,-43.327999480000,-21.763301540000,"Rua José Teodoro dos Santos, 126"
412,PARQUE BURNIER.,10072335,16:45:00,12,0,0,6,2025-01-02T00:00:00.000Z,-43.333453420000,-21.761562350000,"Rua Olga Burnier, 233"
412,PARQUE BURNIER.,10072362,16:45:00,3,1,0,2,2025-01-02T00:00:00.000Z,-43.327527760000,-21.762798310000,"Rua Natalino José de Paula, 310"
412,PARQUE BURNIER.,10072358,16:45:00,1,0,0,0,2025-01-02T00:00:00.000Z,-43.328687310000,-21.761675740000,"Rua Natalino José de Paula, 112 - Ponto Final do Parque Burnier"
412,PARQUE BURNIER.,10072386,16:45:00,7,2,0,4,2025-01-02T00:00:00.000Z,-43.328850270000,-21.762325320000,"Rua José Teodoro dos Santos, 292"
412,PARQUE BURNIER.,10073552,17:05:00,3,0,1,14,2025-01-02T00:00:00.000Z,-43.335479020000,-21.760313550000,"Rua São Geraldo, 84"
412,PARQUE BURNIER.,10072377,17:05:00,12,0,0,8,2025-01-02T00:00:00.000Z,-43.327321890000,-21.764062650000,"Rua José Teodoro dos Santos, 25"
412,PARQUE BURNIER.,10071503,17:05:00,15,0,2,0,2025-01-02T00:00:00.000Z,-43.326207040000,-21.762717810000,"Rua Natalino José de Paula, 421"
412,PARQUE BURNIER.,10072358,17:05:00,18,6,0,6,2025-01-02T00:00:00.000Z,-43.328687310000,-21.761675740000,"Rua Natalino José de Paula, 112 - Ponto Final do Parque Burnier"
412,PARQUE BURNIER.,10072356,17:05:00,17,0,0,0,2025-01-02T00:00:00.000Z,-43.327793950000,-21.762107030000,"Rua Natalino José de Paula, 271"
412,PARQUE BURNIER.,10073557,17:05:00,6,0,0,12,2025-01-02T00:00:00.000Z,-43.332479840000,-21.762640710000,"Rua Olga Burnier, 356"
412,PARQUE BURNIER.,10071108,17:05:00,1,16,0,16,2025-01-02T00:00:00.000Z,-43.349331860000,-21.758144610000,"Avenida Getúlio Vargas, 835"
412,PARQUE BURNIER.,10073561,17:05:00,7,0,1,11,2025-01-02T00:00:00.000Z,-43.331552510000,-21.763418910000,"Rua Olga Burnier, 480"
412,PARQUE BURNIER.,10072316,17:05:00,11,0,0,8,2025-01-02T00:00:00.000Z,-43.328204750000,-21.763332370000,"Rua José Teodoro dos Santos, 145"
412,PARQUE BURNIER.,10073560,17:05:00,5,0,1,12,2025-01-02T00:00:00.000Z,-43.333589670000,-21.761652280000,"Rua Olga Burnier, 230"
412,PARQUE BURNIER.,10072296,17:05:00,9,0,2,9,2025-01-02T00:00:00.000Z,-43.329374790000,-21.763440430000,"Rua Adelaide Campos de Resende, 975"
412,PARQUE BURNIER.,10072328,17:05:00,13,0,3,5,2025-01-02T00:00:00.000Z,-43.326450350000,-21.763683320000,"Rua Adelaide Campos de Resende, 669"
412,PARQUE BURNIER.,10073558,17:05:00,4,0,1,13,2025-01-02T00:00:00.000Z,-43.334645750000,-21.760669710000,"Rua Olga Burnier, 70"
412,PARQUE BURNIER.,10072313,17:05:00,10,1,2,8,2025-01-02T00:00:00.000Z,-43.328846690000,-21.762504770000,"Rua José Teodoro dos Santos, 275"
412,PARQUE BURNIER.,10072375,17:05:00,16,0,0,0,2025-01-02T00:00:00.000Z,-43.327420830000,-21.762727850000,"Rua Natalino José de Paula, 319"
412,PARQUE BURNIER.,10072305,17:05:00,2,0,1,15,2025-01-02T00:00:00.000Z,-43.337478970000,-21.760922950000,"Rua Djalma de Carvalho, 37"
412,PARQUE BURNIER.,10072359,17:05:00,14,0,3,2,2025-01-02T00:00:00.000Z,-43.326282500000,-21.763143540000,"Rua Adelaide Campos de Resende, 651"
412,PARQUE BURNIER.,10072301,17:05:00,8,0,0,11,2025-01-02T00:00:00.000Z,-43.330138330000,-21.763252970000,"Rua Adelaide Campos de Resende, 1061"
412,PARQUE BURNIER.,10074194,17:40:00,16,7,1,8,2025-01-02T00:00:00.000Z,-43.342338620000,-21.760505960000,"Rua Ângelo Falci, 55"
412,PARQUE BURNIER.,10072302,17:40:00,15,2,0,2,2025-01-02T00:00:00.000Z,-43.338029500000,-21.760323850000,"Avenida Sete de Setembro, 623"
412,PARQUE BURNIER.,10072384,17:40:00,6,1,0,1,2025-01-02T00:00:00.000Z,-43.327999480000,-21.763301540000,"Rua José Teodoro dos Santos, 126"
412,PARQUE BURNIER.,10073583,17:40:00,9,0,0,1,2025-01-02T00:00:00.000Z,-43.330207820000,-21.763072230000,"Rua Adelaide Campos de Resende, 1070"
412,PARQUE BURNIER.,10073584,17:40:00,8,0,0,1,2025-01-02T00:00:00.000Z,-43.329363350000,-21.763255450000,"Rua Adelaide Campos de Resende, 984"
412,PARQUE BURNIER.,10072380,17:40:00,10,0,1,0,2025-01-02T00:00:00.000Z,-43.331466790000,-21.763337580000,"Rua Olga Burnier, 485"
412,PARQUE BURNIER.,10072337,17:40:00,13,0,0,0,2025-01-02T00:00:00.000Z,-43.334540130000,-21.760522960000,"Rua Olga Burnier, 67"
412,PARQUE BURNIER.,10072358,17:40:00,1,0,0,0,2025-01-02T00:00:00.000Z,-43.328687310000,-21.761675740000,"Rua Natalino José de Paula, 112 - Ponto Final do Parque Burnier"
412,PARQUE BURNIER.,10072335,17:40:00,12,0,0,0,2025-01-02T00:00:00.000Z,-43.333453420000,-21.761562350000,"Rua Olga Burnier, 233"
412,PARQUE BURNIER.,10072332,17:40:00,14,0,0,0,2025-01-02T00:00:00.000Z,-43.335533860000,-21.760131640000,"Rua São Geraldo, 89"
412,PARQUE BURNIER.,10072363,17:40:00,2,0,0,0,2025-01-02T00:00:00.000Z,-43.327885630000,-21.762179390000,"Rua Natalino José de Paula, 288"
412,PARQUE BURNIER.,10072382,17:40:00,11,0,0,0,2025-01-02T00:00:00.000Z,-43.332369450000,-21.762522520000,"Rua Olga Burnier, 361"
412,PARQUE BURNIER.,10071108,17:40:00,17,0,8,0,2025-01-02T00:00:00.000Z,-43.349331860000,-21.758144610000,"Avenida Getúlio Vargas, 835"
412,PARQUE BURNIER.,10072386,17:40:00,7,0,0,1,2025-01-02T00:00:00.000Z,-43.328850270000,-21.762325320000,"Rua José Teodoro dos Santos, 292"
412,PARQUE BURNIER.,10072309,17:40:00,5,0,0,0,2025-01-02T00:00:00.000Z,-43.327273730000,-21.763967940000,"Rua José Teodoro dos Santos, 28"
412,PARQUE BURNIER.,10073589,17:40:00,4,0,0,0,2025-01-02T00:00:00.000Z,-43.326568960000,-21.763629600000,"Rua Adelaide Campos de Resende, 706"
412,PARQUE BURNIER.,10072362,17:40:00,3,0,0,0,2025-01-02T00:00:00.000Z,-43.327527760000,-21.762798310000,"Rua Natalino José de Paula, 310"
412,PARQUE BURNIER.,10072356,18:00:00,17,0,0,0,2025-01-02T00:00:00.000Z,-43.327793950000,-21.762107030000,"Rua Natalino José de Paula, 271"
412,PARQUE BURNIER.,10072358,18:00:00,18,1,0,1,2025-01-02T00:00:00.000Z,-43.328687310000,-21.761675740000,"Rua Natalino José de Paula, 112 - Ponto Final do Parque Burnier"
412,PARQUE BURNIER.,10072305,18:00:00,2,0,6,1,2025-01-02T00:00:00.000Z,-43.337478970000,-21.760922950000,"Rua Djalma de Carvalho, 37"
412,PARQUE BURNIER.,10072377,18:00:00,12,0,0,0,2025-01-02T00:00:00.000Z,-43.327321890000,-21.764062650000,"Rua José Teodoro dos Santos, 25"
412,PARQUE BURNIER.,10073557,18:00:00,6,0,0,2,2025-01-02T00:00:00.000Z,-43.332479840000,-21.762640710000,"Rua Olga Burnier, 356"
412,PARQUE BURNIER.,10073560,18:00:00,5,0,0,2,2025-01-02T00:00:00.000Z,-43.333589670000,-21.761652280000,"Rua Olga Burnier, 230"
412,PARQUE BURNIER.,10072301,18:00:00,8,0,0,0,2025-01-02T00:00:00.000Z,-43.330138330000,-21.763252970000,"Rua Adelaide Campos de Resende, 1061"
412,PARQUE BURNIER.,10073552,18:00:00,3,1,0,2,2025-01-02T00:00:00.000Z,-43.335479020000,-21.760313550000,"Rua São Geraldo, 84"
412,PARQUE BURNIER.,10072359,18:00:00,14,0,0,0,2025-01-02T00:00:00.000Z,-43.326282500000,-21.763143540000,"Rua Adelaide Campos de Resende, 651"
412,PARQUE BURNIER.,10072375,18:00:00,16,0,0,0,2025-01-02T00:00:00.000Z,-43.327420830000,-21.762727850000,"Rua Natalino José de Paula, 319"
412,PARQUE BURNIER.,10072328,18:00:00,13,0,0,0,2025-01-02T00:00:00.000Z,-43.326450350000,-21.763683320000,"Rua Adelaide Campos de Resende, 669"
412,PARQUE BURNIER.,10072296,18:00:00,9,0,0,0,2025-01-02T00:00:00.000Z,-43.329374790000,-21.763440430000,"Rua Adelaide Campos de Resende, 975"
412,PARQUE BURNIER.,10072316,18:00:00,11,0,0,0,2025-01-02T00:00:00.000Z,-43.328204750000,-21.763332370000,"Rua José Teodoro dos Santos, 145"
412,PARQUE BURNIER.,10071108,18:00:00,1,7,0,7,2025-01-02T00:00:00.000Z,-43.349331860000,-21.758144610000,"Avenida Getúlio Vargas, 835"
412,PARQUE BURNIER.,10071503,18:00:00,15,0,0,0,2025-01-02T00:00:00.000Z,-43.326207040000,-21.762717810000,"Rua Natalino José de Paula, 421"
412,PARQUE BURNIER.,10073558,18:00:00,4,0,0,2,2025-01-02T00:00:00.000Z,-43.334645750000,-21.760669710000,"Rua Olga Burnier, 70"
412,PARQUE BURNIER.,10073561,18:00:00,7,0,2,0,2025-01-02T00:00:00.000Z,-43.331552510000,-21.763418910000,"Rua Olga Burnier, 480"
412,PARQUE BURNIER.,10072313,18:00:00,10,0,0,0,2025-01-02T00:00:00.000Z,-43.328846690000,-21.762504770000,"Rua José Teodoro dos Santos, 275"
412,PARQUE BURNIER.,10073584,18:35:00,8,0,0,5,2025-01-02T00:00:00.000Z,-43.329363350000,-21.763255450000,"Rua Adelaide Campos de Resende, 984"
412,PARQUE BURNIER.,10072384,18:35:00,6,1,0,4,2025-01-02T00:00:00.000Z,-43.327999480000,-21.763301540000,"Rua José Teodoro dos Santos, 126"
412,PARQUE BURNIER.,10072363,18:35:00,2,0,0,0,2025-01-02T00:00:00.000Z,-43.327885630000,-21.762179390000,"Rua Natalino José de Paula, 288"
412,PARQUE BURNIER.,10072362,18:35:00,3,3,0,3,2025-01-02T00:00:00.000Z,-43.327527760000,-21.762798310000,"Rua Natalino José de Paula, 310"
412,PARQUE BURNIER.,10073589,18:35:00,4,0,0,3,2025-01-02T00:00:00.000Z,-43.326568960000,-21.763629600000,"Rua Adelaide Campos de Resende, 706"
412,PARQUE BURNIER.,10072358,18:35:00,1,0,0,0,2025-01-02T00:00:00.000Z,-43.328687310000,-21.761675740000,"Rua Natalino José de Paula, 112 - Ponto Final do Parque Burnier"
412,PARQUE BURNIER.,10072335,18:35:00,12,0,0,5,2025-01-02T00:00:00.000Z,-43.333453420000,-21.761562350000,"Rua Olga Burnier, 233"
412,PARQUE BURNIER.,10073583,18:35:00,9,0,0,5,2025-01-02T00:00:00.000Z,-43.330207820000,-21.763072230000,"Rua Adelaide Campos de Resende, 1070"
412,PARQUE BURNIER.,10072332,18:35:00,14,0,0,5,2025-01-02T00:00:00.000Z,-43.335533860000,-21.760131640000,"Rua São Geraldo, 89"
412,PARQUE BURNIER.,10072382,18:35:00,11,0,0,5,2025-01-02T00:00:00.000Z,-43.332369450000,-21.762522520000,"Rua Olga Burnier, 361"
412,PARQUE BURNIER.,10072302,18:35:00,15,1,0,6,2025-01-02T00:00:00.000Z,-43.338029500000,-21.760323850000,"Avenida Sete de Setembro, 623"
412,PARQUE BURNIER.,10072309,18:35:00,5,0,0,3,2025-01-02T00:00:00.000Z,-43.327273730000,-21.763967940000,"Rua José Teodoro dos Santos, 28"
412,PARQUE BURNIER.,10072380,18:35:00,10,0,0,5,2025-01-02T00:00:00.000Z,-43.331466790000,-21.763337580000,"Rua Olga Burnier, 485"
412,PARQUE BURNIER.,10072337,18:35:00,13,0,0,5,2025-01-02T00:00:00.000Z,-43.334540130000,-21.760522960000,"Rua Olga Burnier, 67"
412,PARQUE BURNIER.,10071108,18:35:00,17,0,18,2,2025-01-02T00:00:00.000Z,-43.349331860000,-21.758144610000,"Avenida Getúlio Vargas, 835"
412,PARQUE BURNIER.,10072386,18:35:00,7,1,0,5,2025-01-02T00:00:00.000Z,-43.328850270000,-21.762325320000,"Rua José Teodoro dos Santos, 292"
412,PARQUE BURNIER.,10074194,18:35:00,16,15,1,20,2025-01-02T00:00:00.000Z,-43.342338620000,-21.760505960000,"Rua Ângelo Falci, 55"
412,PARQUE BURNIER.,10073561,18:55:00,7,0,0,12,2025-01-02T00:00:00.000Z,-43.331552510000,-21.763418910000,"Rua Olga Burnier, 480"
412,PARQUE BURNIER.,10072313,18:55:00,10,1,0,11,2025-01-02T00:00:00.000Z,-43.328846690000,-21.762504770000,"Rua José Teodoro dos Santos, 275"
412,PARQUE BURNIER.,10072358,18:55:00,18,0,0,7,2025-01-02T00:00:00.000Z,-43.328687310000,-21.761675740000,"Rua Natalino José de Paula, 112 - Ponto Final do Parque Burnier"
412,PARQUE BURNIER.,10072328,18:55:00,13,0,0,12,2025-01-02T00:00:00.000Z,-43.326450350000,-21.763683320000,"Rua Adelaide Campos de Resende, 669"
412,PARQUE BURNIER.,10072305,18:55:00,2,2,1,14,2025-01-02T00:00:00.000Z,-43.337478970000,-21.760922950000,"Rua Djalma de Carvalho, 37"
412,PARQUE BURNIER.,10072356,18:55:00,17,0,2,7,2025-01-02T00:00:00.000Z,-43.327793950000,-21.762107030000,"Rua Natalino José de Paula, 271"
412,PARQUE BURNIER.,10072375,18:55:00,16,0,1,9,2025-01-02T00:00:00.000Z,-43.327420830000,-21.762727850000,"Rua Natalino José de Paula, 319"
412,PARQUE BURNIER.,10072316,18:55:00,11,0,0,11,2025-01-02T00:00:00.000Z,-43.328204750000,-21.763332370000,"Rua José Teodoro dos Santos, 145"
412,PARQUE BURNIER.,10071503,18:55:00,15,1,3,10,2025-01-02T00:00:00.000Z,-43.326207040000,-21.762717810000,"Rua Natalino José de Paula, 421"
412,PARQUE BURNIER.,10073552,18:55:00,3,1,0,15,2025-01-02T00:00:00.000Z,-43.335479020000,-21.760313550000,"Rua São Geraldo, 84"
412,PARQUE BURNIER.,10073560,18:55:00,5,0,2,13,2025-01-02T00:00:00.000Z,-43.333589670000,-21.761652280000,"Rua Olga Burnier, 230"
412,PARQUE BURNIER.,10072359,18:55:00,14,0,0,12,2025-01-02T00:00:00.000Z,-43.326282500000,-21.763143540000,"Rua Adelaide Campos de Resende, 651"
412,PARQUE BURNIER.,10073557,18:55:00,6,0,1,12,2025-01-02T00:00:00.000Z,-43.332479840000,-21.762640710000,"Rua Olga Burnier, 356"
412,PARQUE BURNIER.,10071108,18:55:00,1,13,0,13,2025-01-02T00:00:00.000Z,-43.349331860000,-21.758144610000,"Avenida Getúlio Vargas, 835"
412,PARQUE BURNIER.,10072296,18:55:00,9,0,2,10,2025-01-02T00:00:00.000Z,-43.329374790000,-21.763440430000,"Rua Adelaide Campos de Resende, 975"
412,PARQUE BURNIER.,10073558,18:55:00,4,0,0,15,2025-01-02T00:00:00.000Z,-43.334645750000,-21.760669710000,"Rua Olga Burnier, 70"
412,PARQUE BURNIER.,10072377,18:55:00,12,1,0,12,2025-01-02T00:00:00.000Z,-43.327321890000,-21.764062650000,"Rua José Teodoro dos Santos, 25"
412,PARQUE BURNIER.,10072301,18:55:00,8,0,0,12,2025-01-02T00:00:00.000Z,-43.330138330000,-21.763252970000,"Rua Adelaide Campos de Resende, 1061"
412,PARQUE BURNIER.,10073560,19:50:00,5,0,0,19,2025-01-02T00:00:00.000Z,-43.333589670000,-21.761652280000,"Rua Olga Burnier, 230"
412,PARQUE BURNIER.,10072359,19:50:00,14,0,0,17,2025-01-02T00:00:00.000Z,-43.326282500000,-21.763143540000,"Rua Adelaide Campos de Resende, 651"
412,PARQUE BURNIER.,10072301,19:50:00,8,0,0,19,2025-01-02T00:00:00.000Z,-43.330138330000,-21.763252970000,"Rua Adelaide Campos de Resende, 1061"
412,PARQUE BURNIER.,10073561,19:50:00,7,0,0,19,2025-01-02T00:00:00.000Z,-43.331552510000,-21.763418910000,"Rua Olga Burnier, 480"
412,PARQUE BURNIER.,10073558,19:50:00,4,0,0,19,2025-01-02T00:00:00.000Z,-43.334645750000,-21.760669710000,"Rua Olga Burnier, 70"
412,PARQUE BURNIER.,10072358,19:50:00,18,1,0,15,2025-01-02T00:00:00.000Z,-43.328687310000,-21.761675740000,"Rua Natalino José de Paula, 112 - Ponto Final do Parque Burnier"
412,PARQUE BURNIER.,10072316,19:50:00,11,0,1,17,2025-01-02T00:00:00.000Z,-43.328204750000,-21.763332370000,"Rua José Teodoro dos Santos, 145"
412,PARQUE BURNIER.,10072296,19:50:00,9,0,0,19,2025-01-02T00:00:00.000Z,-43.329374790000,-21.763440430000,"Rua Adelaide Campos de Resende, 975"
412,PARQUE BURNIER.,10072328,19:50:00,13,0,0,17,2025-01-02T00:00:00.000Z,-43.326450350000,-21.763683320000,"Rua Adelaide Campos de Resende, 669"
412,PARQUE BURNIER.,10073552,19:50:00,3,0,0,19,2025-01-02T00:00:00.000Z,-43.335479020000,-21.760313550000,"Rua São Geraldo, 84"
412,PARQUE BURNIER.,10072377,19:50:00,12,0,0,17,2025-01-02T00:00:00.000Z,-43.327321890000,-21.764062650000,"Rua José Teodoro dos Santos, 25"
412,PARQUE BURNIER.,10071108,19:50:00,1,20,0,20,2025-01-02T00:00:00.000Z,-43.349331860000,-21.758144610000,"Avenida Getúlio Vargas, 835"
412,PARQUE BURNIER.,10072356,19:50:00,17,0,1,14,2025-01-02T00:00:00.000Z,-43.327793950000,-21.762107030000,"Rua Natalino José de Paula, 271"
412,PARQUE BURNIER.,10072305,19:50:00,2,0,1,19,2025-01-02T00:00:00.000Z,-43.337478970000,-21.760922950000,"Rua Djalma de Carvalho, 37"
412,PARQUE BURNIER.,10071503,19:50:00,15,0,0,17,2025-01-02T00:00:00.000Z,-43.326207040000,-21.762717810000,"Rua Natalino José de Paula, 421"
412,PARQUE BURNIER.,10073557,19:50:00,6,0,0,19,2025-01-02T00:00:00.000Z,-43.332479840000,-21.762640710000,"Rua Olga Burnier, 356"
412,PARQUE BURNIER.,10072313,19:50:00,10,0,1,18,2025-01-02T00:00:00.000Z,-43.328846690000,-21.762504770000,"Rua José Teodoro dos Santos, 275"
412,PARQUE BURNIER.,10072375,19:50:00,16,1,3,15,2025-01-02T00:00:00.000Z,-43.327420830000,-21.762727850000,"Rua Natalino José de Paula, 319"
412,PARQUE BURNIER.,10073589,20:25:00,4,0,0,1,2025-01-02T00:00:00.000Z,-43.326568960000,-21.763629600000,"Rua Adelaide Campos de Resende, 706"
412,PARQUE BURNIER.,10072386,20:25:00,7,0,0,1,2025-01-02T00:00:00.000Z,-43.328850270000,-21.762325320000,"Rua José Teodoro dos Santos, 292"
412,PARQUE BURNIER.,10072363,20:25:00,2,0,0,0,2025-01-02T00:00:00.000Z,-43.327885630000,-21.762179390000,"Rua Natalino José de Paula, 288"
412,PARQUE BURNIER.,10072302,20:25:00,15,6,0,9,2025-01-02T00:00:00.000Z,-43.338029500000,-21.760323850000,"Avenida Sete de Setembro, 623"
412,PARQUE BURNIER.,10072384,20:25:00,6,0,0,1,2025-01-02T00:00:00.000Z,-43.327999480000,-21.763301540000,"Rua José Teodoro dos Santos, 126"
412,PARQUE BURNIER.,10072380,20:25:00,10,2,0,3,2025-01-02T00:00:00.000Z,-43.331466790000,-21.763337580000,"Rua Olga Burnier, 485"
412,PARQUE BURNIER.,10072362,20:25:00,3,1,0,1,2025-01-02T00:00:00.000Z,-43.327527760000,-21.762798310000,"Rua Natalino José de Paula, 310"
412,PARQUE BURNIER.,10072358,20:25:00,1,0,0,0,2025-01-02T00:00:00.000Z,-43.328687310000,-21.761675740000,"Rua Natalino José de Paula, 112 - Ponto Final do Parque Burnier"
412,PARQUE BURNIER.,10072337,20:25:00,13,0,0,3,2025-01-02T00:00:00.000Z,-43.334540130000,-21.760522960000,"Rua Olga Burnier, 67"
412,PARQUE BURNIER.,10072309,20:25:00,5,0,0,1,2025-01-02T00:00:00.000Z,-43.327273730000,-21.763967940000,"Rua José Teodoro dos Santos, 28"
412,PARQUE BURNIER.,10072332,20:25:00,14,0,0,3,2025-01-02T00:00:00.000Z,-43.335533860000,-21.760131640000,"Rua São Geraldo, 89"
412,PARQUE BURNIER.,10073584,20:25:00,8,0,0,1,2025-01-02T00:00:00.000Z,-43.329363350000,-21.763255450000,"Rua Adelaide Campos de Resende, 984"
412,PARQUE BURNIER.,10072335,20:25:00,12,0,0,3,2025-01-02T00:00:00.000Z,-43.333453420000,-21.761562350000,"Rua Olga Burnier, 233"
412,PARQUE BURNIER.,10073583,20:25:00,9,0,0,1,2025-01-02T00:00:00.000Z,-43.330207820000,-21.763072230000,"Rua Adelaide Campos de Resende, 1070"
412,PARQUE BURNIER.,10072382,20:25:00,11,0,0,3,2025-01-02T00:00:00.000Z,-43.332369450000,-21.762522520000,"Rua Olga Burnier, 361"
412,PARQUE BURNIER.,10074194,20:25:00,16,2,0,11,2025-01-02T00:00:00.000Z,-43.342338620000,-21.760505960000,"Rua Ângelo Falci, 55"
412,PARQUE BURNIER.,10071108,20:25:00,17,0,11,0,2025-01-02T00:00:00.000Z,-43.349331860000,-21.758144610000,"Avenida Getúlio Vargas, 835"
412,PARQUE BURNIER.,10073558,20:45:00,4,1,0,17,2025-01-02T00:00:00.000Z,-43.334645750000,-21.760669710000,"Rua Olga Burnier, 70"
412,PARQUE BURNIER.,10072377,20:45:00,12,0,0,14,2025-01-02T00:00:00.000Z,-43.327321890000,-21.764062650000,"Rua José Teodoro dos Santos, 25"
412,PARQUE BURNIER.,10071503,20:45:00,15,0,0,14,2025-01-02T00:00:00.000Z,-43.326207040000,-21.762717810000,"Rua Natalino José de Paula, 421"
412,PARQUE BURNIER.,10072328,20:45:00,13,0,0,14,2025-01-02T00:00:00.000Z,-43.326450350000,-21.763683320000,"Rua Adelaide Campos de Resende, 669"
412,PARQUE BURNIER.,10072358,20:45:00,18,1,0,12,2025-01-02T00:00:00.000Z,-43.328687310000,-21.761675740000,"Rua Natalino José de Paula, 112 - Ponto Final do Parque Burnier"
412,PARQUE BURNIER.,10073560,20:45:00,5,0,0,17,2025-01-02T00:00:00.000Z,-43.333589670000,-21.761652280000,"Rua Olga Burnier, 230"
412,PARQUE BURNIER.,10072356,20:45:00,17,0,0,11,2025-01-02T00:00:00.000Z,-43.327793950000,-21.762107030000,"Rua Natalino José de Paula, 271"
412,PARQUE BURNIER.,10071108,20:45:00,1,17,0,17,2025-01-02T00:00:00.000Z,-43.349331860000,-21.758144610000,"Avenida Getúlio Vargas, 835"
412,PARQUE BURNIER.,10072316,20:45:00,11,0,1,14,2025-01-02T00:00:00.000Z,-43.328204750000,-21.763332370000,"Rua José Teodoro dos Santos, 145"
412,PARQUE BURNIER.,10072375,20:45:00,16,0,3,11,2025-01-02T00:00:00.000Z,-43.327420830000,-21.762727850000,"Rua Natalino José de Paula, 319"
412,PARQUE BURNIER.,10072301,20:45:00,8,0,1,16,2025-01-02T00:00:00.000Z,-43.330138330000,-21.763252970000,"Rua Adelaide Campos de Resende, 1061"
412,PARQUE BURNIER.,10072296,20:45:00,9,0,0,16,2025-01-02T00:00:00.000Z,-43.329374790000,-21.763440430000,"Rua Adelaide Campos de Resende, 975"
412,PARQUE BURNIER.,10073557,20:45:00,6,0,0,17,2025-01-02T00:00:00.000Z,-43.332479840000,-21.762640710000,"Rua Olga Burnier, 356"
412,PARQUE BURNIER.,10072305,20:45:00,2,0,1,16,2025-01-02T00:00:00.000Z,-43.337478970000,-21.760922950000,"Rua Djalma de Carvalho, 37"
412,PARQUE BURNIER.,10073552,20:45:00,3,0,0,16,2025-01-02T00:00:00.000Z,-43.335479020000,-21.760313550000,"Rua São Geraldo, 84"
412,PARQUE BURNIER.,10072313,20:45:00,10,0,1,15,2025-01-02T00:00:00.000Z,-43.328846690000,-21.762504770000,"Rua José Teodoro dos Santos, 275"
412,PARQUE BURNIER.,10072359,20:45:00,14,0,0,14,2025-01-02T00:00:00.000Z,-43.326282500000,-21.763143540000,"Rua Adelaide Campos de Resende, 651"
412,PARQUE BURNIER.,10073561,20:45:00,7,0,0,17,2025-01-02T00:00:00.000Z,-43.331552510000,-21.763418910000,"Rua Olga Burnier, 480"
412,PARQUE BURNIER.,10073557,21:40:00,6,0,0,2,2025-01-02T00:00:00.000Z,-43.332479840000,-21.762640710000,"Rua Olga Burnier, 356"
412,PARQUE BURNIER.,10071503,21:40:00,15,0,0,1,2025-01-02T00:00:00.000Z,-43.326207040000,-21.762717810000,"Rua Natalino José de Paula, 421"
412,PARQUE BURNIER.,10072359,21:40:00,14,0,0,1,2025-01-02T00:00:00.000Z,-43.326282500000,-21.763143540000,"Rua Adelaide Campos de Resende, 651"
412,PARQUE BURNIER.,10072296,21:40:00,9,0,0,2,2025-01-02T00:00:00.000Z,-43.329374790000,-21.763440430000,"Rua Adelaide Campos de Resende, 975"
412,PARQUE BURNIER.,10072358,21:40:00,18,0,1,5,2025-01-02T00:00:00.000Z,-43.328687310000,-21.761675740000,"Rua Natalino José de Paula, 112 - Ponto Final do Parque Burnier"
412,PARQUE BURNIER.,10073560,21:40:00,5,0,0,2,2025-01-02T00:00:00.000Z,-43.333589670000,-21.761652280000,"Rua Olga Burnier, 230"
412,PARQUE BURNIER.,10073561,21:40:00,7,0,0,2,2025-01-02T00:00:00.000Z,-43.331552510000,-21.763418910000,"Rua Olga Burnier, 480"
412,PARQUE BURNIER.,10071108,21:40:00,1,4,0,4,2025-01-02T00:00:00.000Z,-43.349331860000,-21.758144610000,"Avenida Getúlio Vargas, 835"
412,PARQUE BURNIER.,10072356,21:40:00,17,5,0,6,2025-01-02T00:00:00.000Z,-43.327793950000,-21.762107030000,"Rua Natalino José de Paula, 271"
412,PARQUE BURNIER.,10073558,21:40:00,4,0,0,2,2025-01-02T00:00:00.000Z,-43.334645750000,-21.760669710000,"Rua Olga Burnier, 70"
412,PARQUE BURNIER.,10072316,21:40:00,11,0,1,1,2025-01-02T00:00:00.000Z,-43.328204750000,-21.763332370000,"Rua José Teodoro dos Santos, 145"
412,PARQUE BURNIER.,10072313,21:40:00,10,0,0,2,2025-01-02T00:00:00.000Z,-43.328846690000,-21.762504770000,"Rua José Teodoro dos Santos, 275"
412,PARQUE BURNIER.,10073552,21:40:00,3,0,0,2,2025-01-02T00:00:00.000Z,-43.335479020000,-21.760313550000,"Rua São Geraldo, 84"
412,PARQUE BURNIER.,10072375,21:40:00,16,0,0,1,2025-01-02T00:00:00.000Z,-43.327420830000,-21.762727850000,"Rua Natalino José de Paula, 319"
412,PARQUE BURNIER.,10072305,21:40:00,2,0,2,2,2025-01-02T00:00:00.000Z,-43.337478970000,-21.760922950000,"Rua Djalma de Carvalho, 37"
412,PARQUE BURNIER.,10072328,21:40:00,13,0,0,1,2025-01-02T00:00:00.000Z,-43.326450350000,-21.763683320000,"Rua Adelaide Campos de Resende, 669"
412,PARQUE BURNIER.,10072301,21:40:00,8,0,0,2,2025-01-02T00:00:00.000Z,-43.330138330000,-21.763252970000,"Rua Adelaide Campos de Resende, 1061"
412,PARQUE BURNIER.,10072377,21:40:00,12,0,0,1,2025-01-02T00:00:00.000Z,-43.327321890000,-21.764062650000,"Rua José Teodoro dos Santos, 25"
412,PARQUE BURNIER.,10072362,05:30:00,3,1,1,2,2025-01-03T00:00:00.000Z,-43.327527760000,-21.762798310000,"Rua Natalino José de Paula, 310"
412,PARQUE BURNIER.,10072358,05:30:00,1,0,0,0,2025-01-03T00:00:00.000Z,-43.328687310000,-21.761675740000,"Rua Natalino José de Paula, 112 - Ponto Final do Parque Burnier"
412,PARQUE BURNIER.,10072335,05:30:00,12,0,0,10,2025-01-03T00:00:00.000Z,-43.333453420000,-21.761562350000,"Rua Olga Burnier, 233"
412,PARQUE BURNIER.,10074194,05:30:00,16,0,5,5,2025-01-03T00:00:00.000Z,-43.342338620000,-21.760505960000,"Rua Ângelo Falci, 55"
412,PARQUE BURNIER.,10072332,05:30:00,14,0,0,10,2025-01-03T00:00:00.000Z,-43.335533860000,-21.760131640000,"Rua São Geraldo, 89"
412,PARQUE BURNIER.,10072309,05:30:00,5,0,0,3,2025-01-03T00:00:00.000Z,-43.327273730000,-21.763967940000,"Rua José Teodoro dos Santos, 28"
412,PARQUE BURNIER.,10072386,05:30:00,7,1,0,5,2025-01-03T00:00:00.000Z,-43.328850270000,-21.762325320000,"Rua José Teodoro dos Santos, 292"
412,PARQUE BURNIER.,10072302,05:30:00,15,1,1,10,2025-01-03T00:00:00.000Z,-43.338029500000,-21.760323850000,"Avenida Sete de Setembro, 623"
412,PARQUE BURNIER.,10072363,05:30:00,2,2,0,2,2025-01-03T00:00:00.000Z,-43.327885630000,-21.762179390000,"Rua Natalino José de Paula, 288"
412,PARQUE BURNIER.,10072380,05:30:00,10,0,0,10,2025-01-03T00:00:00.000Z,-43.331466790000,-21.763337580000,"Rua Olga Burnier, 485"
412,PARQUE BURNIER.,10073584,05:30:00,8,5,0,10,2025-01-03T00:00:00.000Z,-43.329363350000,-21.763255450000,"Rua Adelaide Campos de Resende, 984"
412,PARQUE BURNIER.,10071108,05:30:00,17,0,3,2,2025-01-03T00:00:00.000Z,-43.349331860000,-21.758144610000,"Avenida Getúlio Vargas, 835"
412,PARQUE BURNIER.,10072337,05:30:00,13,0,0,10,2025-01-03T00:00:00.000Z,-43.334540130000,-21.760522960000,"Rua Olga Burnier, 67"
412,PARQUE BURNIER.,10073583,05:30:00,9,0,0,10,2025-01-03T00:00:00.000Z,-43.330207820000,-21.763072230000,"Rua Adelaide Campos de Resende, 1070"
412,PARQUE BURNIER.,10073589,05:30:00,4,1,0,3,2025-01-03T00:00:00.000Z,-43.326568960000,-21.763629600000,"Rua Adelaide Campos de Resende, 706"
412,PARQUE BURNIER.,10072382,05:30:00,11,0,0,10,2025-01-03T00:00:00.000Z,-43.332369450000,-21.762522520000,"Rua Olga Burnier, 361"
412,PARQUE BURNIER.,10072384,05:30:00,6,1,0,4,2025-01-03T00:00:00.000Z,-43.327999480000,-21.763301540000,"Rua José Teodoro dos Santos, 126"
412,PARQUE BURNIER.,10071503,05:51:00,15,0,0,0,2025-01-03T00:00:00.000Z,-43.326207040000,-21.762717810000,"Rua Natalino José de Paula, 421"
412,PARQUE BURNIER.,10072301,05:51:00,8,0,0,1,2025-01-03T00:00:00.000Z,-43.330138330000,-21.763252970000,"Rua Adelaide Campos de Resende, 1061"
412,PARQUE BURNIER.,10073552,05:51:00,3,0,0,1,2025-01-03T00:00:00.000Z,-43.335479020000,-21.760313550000,"Rua São Geraldo, 84"
412,PARQUE BURNIER.,10072316,05:51:00,11,0,0,0,2025-01-03T00:00:00.000Z,-43.328204750000,-21.763332370000,"Rua José Teodoro dos Santos, 145"
412,PARQUE BURNIER.,10072328,05:51:00,13,0,0,0,2025-01-03T00:00:00.000Z,-43.326450350000,-21.763683320000,"Rua Adelaide Campos de Resende, 669"
412,PARQUE BURNIER.,10073558,05:51:00,4,0,0,1,2025-01-03T00:00:00.000Z,-43.334645750000,-21.760669710000,"Rua Olga Burnier, 70"
412,PARQUE BURNIER.,10072377,05:51:00,12,0,0,0,2025-01-03T00:00:00.000Z,-43.327321890000,-21.764062650000,"Rua José Teodoro dos Santos, 25"
412,PARQUE BURNIER.,10072359,05:51:00,14,0,0,0,2025-01-03T00:00:00.000Z,-43.326282500000,-21.763143540000,"Rua Adelaide Campos de Resende, 651"
412,PARQUE BURNIER.,10072305,05:51:00,2,0,1,1,2025-01-03T00:00:00.000Z,-43.337478970000,-21.760922950000,"Rua Djalma de Carvalho, 37"
412,PARQUE BURNIER.,10073560,05:51:00,5,0,0,1,2025-01-03T00:00:00.000Z,-43.333589670000,-21.761652280000,"Rua Olga Burnier, 230"
412,PARQUE BURNIER.,10071108,05:51:00,1,2,0,2,2025-01-03T00:00:00.000Z,-43.349331860000,-21.758144610000,"Avenida Getúlio Vargas, 835"
412,PARQUE BURNIER.,10072375,05:51:00,16,0,0,0,2025-01-03T00:00:00.000Z,-43.327420830000,-21.762727850000,"Rua Natalino José de Paula, 319"
412,PARQUE BURNIER.,10072358,05:51:00,18,13,0,13,2025-01-03T00:00:00.000Z,-43.328687310000,-21.761675740000,"Rua Natalino José de Paula, 112 - Ponto Final do Parque Burnier"
412,PARQUE BURNIER.,10072356,05:51:00,17,0,0,0,2025-01-03T00:00:00.000Z,-43.327793950000,-21.762107030000,"Rua Natalino José de Paula, 271"
412,PARQUE BURNIER.,10072296,05:51:00,9,0,1,0,2025-01-03T00:00:00.000Z,-43.329374790000,-21.763440430000,"Rua Adelaide Campos de Resende, 975"
412,PARQUE BURNIER.,10073561,05:51:00,7,0,0,1,2025-01-03T00:00:00.000Z,-43.331552510000,-21.763418910000,"Rua Olga Burnier, 480"
412,PARQUE BURNIER.,10073557,05:51:00,6,0,0,1,2025-01-03T00:00:00.000Z,-43.332479840000,-21.762640710000,"Rua Olga Burnier, 356"
412,PARQUE BURNIER.,10072313,05:51:00,10,0,0,0,2025-01-03T00:00:00.000Z,-43.328846690000,-21.762504770000,"Rua José Teodoro dos Santos, 275"
412,PARQUE BURNIER.,10072337,06:17:00,13,1,0,15,2025-01-03T00:00:00.000Z,-43.334540130000,-21.760522960000,"Rua Olga Burnier, 67"
412,PARQUE BURNIER.,10072380,06:17:00,10,0,0,13,2025-01-03T00:00:00.000Z,-43.331466790000,-21.763337580000,"Rua Olga Burnier, 485"
412,PARQUE BURNIER.,10074194,06:17:00,16,1,3,13,2025-01-03T00:00:00.000Z,-43.342338620000,-21.760505960000,"Rua Ângelo Falci, 55"
412,PARQUE BURNIER.,10073584,06:17:00,8,2,0,13,2025-01-03T00:00:00.000Z,-43.329363350000,-21.763255450000,"Rua Adelaide Campos de Resende, 984"
412,PARQUE BURNIER.,10072386,06:17:00,7,1,0,11,2025-01-03T00:00:00.000Z,-43.328850270000,-21.762325320000,"Rua José Teodoro dos Santos, 292"
412,PARQUE BURNIER.,10072382,06:17:00,11,0,0,13,2025-01-03T00:00:00.000Z,-43.332369450000,-21.762522520000,"Rua Olga Burnier, 361"
412,PARQUE BURNIER.,10072335,06:17:00,12,1,0,14,2025-01-03T00:00:00.000Z,-43.333453420000,-21.761562350000,"Rua Olga Burnier, 233"
412,PARQUE BURNIER.,10072309,06:17:00,5,1,1,9,2025-01-03T00:00:00.000Z,-43.327273730000,-21.763967940000,"Rua José Teodoro dos Santos, 28"
412,PARQUE BURNIER.,10072358,06:17:00,1,0,0,0,2025-01-03T00:00:00.000Z,-43.328687310000,-21.761675740000,"Rua Natalino José de Paula, 112 - Ponto Final do Parque Burnier"
412,PARQUE BURNIER.,10072363,06:17:00,2,2,0,2,2025-01-03T00:00:00.000Z,-43.327885630000,-21.762179390000,"Rua Natalino José de Paula, 288"
412,PARQUE BURNIER.,10073589,06:17:00,4,4,0,9,2025-01-03T00:00:00.000Z,-43.326568960000,-21.763629600000,"Rua Adelaide Campos de Resende, 706"
412,PARQUE BURNIER.,10072362,06:17:00,3,3,0,5,2025-01-03T00:00:00.000Z,-43.327527760000,-21.762798310000,"Rua Natalino José de Paula, 310"
412,PARQUE BURNIER.,10072302,06:17:00,15,0,0,15,2025-01-03T00:00:00.000Z,-43.338029500000,-21.760323850000,"Avenida Sete de Setembro, 623"
412,PARQUE BURNIER.,10072332,06:17:00,14,0,0,15,2025-01-03T00:00:00.000Z,-43.335533860000,-21.760131640000,"Rua São Geraldo, 89"
412,PARQUE BURNIER.,10072384,06:17:00,6,1,0,10,2025-01-03T00:00:00.000Z,-43.327999480000,-21.763301540000,"Rua José Teodoro dos Santos, 126"
412,PARQUE BURNIER.,10071108,06:17:00,17,0,11,2,2025-01-03T00:00:00.000Z,-43.349331860000,-21.758144610000,"Avenida Getúlio Vargas, 835"
412,PARQUE BURNIER.,10073583,06:17:00,9,0,0,13,2025-01-03T00:00:00.000Z,-43.330207820000,-21.763072230000,"Rua Adelaide Campos de Resende, 1070"
412,PARQUE BURNIER.,10072377,06:38:00,12,0,0,1,2025-01-03T00:00:00.000Z,-43.327321890000,-21.764062650000,"Rua José Teodoro dos Santos, 25"
412,PARQUE BURNIER.,10072358,06:38:00,18,8,0,8,2025-01-03T00:00:00.000Z,-43.328687310000,-21.761675740000,"Rua Natalino José de Paula, 112 - Ponto Final do Parque Burnier"
412,PARQUE BURNIER.,10072305,06:38:00,2,0,1,2,2025-01-03T00:00:00.000Z,-43.337478970000,-21.760922950000,"Rua Djalma de Carvalho, 37"
412,PARQUE BURNIER.,10072375,06:38:00,16,0,0,0,2025-01-03T00:00:00.000Z,-43.327420830000,-21.762727850000,"Rua Natalino José de Paula, 319"
412,PARQUE BURNIER.,10073560,06:38:00,5,0,0,2,2025-01-03T00:00:00.000Z,-43.333589670000,-21.761652280000,"Rua Olga Burnier, 230"
412,PARQUE BURNIER.,10072328,06:38:00,13,0,1,0,2025-01-03T00:00:00.000Z,-43.326450350000,-21.763683320000,"Rua Adelaide Campos de Resende, 669"
412,PARQUE BURNIER.,10071503,06:38:00,15,0,0,0,2025-01-03T00:00:00.000Z,-43.326207040000,-21.762717810000,"Rua Natalino José de Paula, 421"
412,PARQUE BURNIER.,10073558,06:38:00,4,0,0,2,2025-01-03T00:00:00.000Z,-43.334645750000,-21.760669710000,"Rua Olga Burnier, 70"
412,PARQUE BURNIER.,10072356,06:38:00,17,0,0,0,2025-01-03T00:00:00.000Z,-43.327793950000,-21.762107030000,"Rua Natalino José de Paula, 271"
412,PARQUE BURNIER.,10072301,06:38:00,8,0,0,3,2025-01-03T00:00:00.000Z,-43.330138330000,-21.763252970000,"Rua Adelaide Campos de Resende, 1061"
412,PARQUE BURNIER.,10073557,06:38:00,6,0,0,2,2025-01-03T00:00:00.000Z,-43.332479840000,-21.762640710000,"Rua Olga Burnier, 356"
412,PARQUE BURNIER.,10072359,06:38:00,14,0,0,0,2025-01-03T00:00:00.000Z,-43.326282500000,-21.763143540000,"Rua Adelaide Campos de Resende, 651"
412,PARQUE BURNIER.,10073561,06:38:00,7,1,0,3,2025-01-03T00:00:00.000Z,-43.331552510000,-21.763418910000,"Rua Olga Burnier, 480"
412,PARQUE BURNIER.,10071108,06:38:00,1,3,0,3,2025-01-03T00:00:00.000Z,-43.349331860000,-21.758144610000,"Avenida Getúlio Vargas, 835"
412,PARQUE BURNIER.,10073552,06:38:00,3,0,0,2,2025-01-03T00:00:00.000Z,-43.335479020000,-21.760313550000,"Rua São Geraldo, 84"
412,PARQUE BURNIER.,10072296,06:38:00,9,0,3,0,2025-01-03T00:00:00.000Z,-43.329374790000,-21.763440430000,"Rua Adelaide Campos de Resende, 975"
412,PARQUE BURNIER.,10072313,06:38:00,10,1,0,1,2025-01-03T00:00:00.000Z,-43.328846690000,-21.762504770000,"Rua José Teodoro dos Santos, 275"
412,PARQUE BURNIER.,10072316,06:38:00,11,0,0,1,2025-01-03T00:00:00.000Z,-43.328204750000,-21.763332370000,"Rua José Teodoro dos Santos, 145"
412,PARQUE BURNIER.,10072309,07:04:00,5,0,0,18,2025-01-03T00:00:00.000Z,-43.327273730000,-21.763967940000,"Rua José Teodoro dos Santos, 28"
412,PARQUE BURNIER.,10072332,07:04:00,14,0,0,22,2025-01-03T00:00:00.000Z,-43.335533860000,-21.760131640000,"Rua São Geraldo, 89"
412,PARQUE BURNIER.,10072386,07:04:00,7,1,0,21,2025-01-03T00:00:00.000Z,-43.328850270000,-21.762325320000,"Rua José Teodoro dos Santos, 292"
412,PARQUE BURNIER.,10072362,07:04:00,3,3,0,7,2025-01-03T00:00:00.000Z,-43.327527760000,-21.762798310000,"Rua Natalino José de Paula, 310"
412,PARQUE BURNIER.,10072302,07:04:00,15,0,1,21,2025-01-03T00:00:00.000Z,-43.338029500000,-21.760323850000,"Avenida Sete de Setembro, 623"
412,PARQUE BURNIER.,10074194,07:04:00,16,0,4,17,2025-01-03T00:00:00.000Z,-43.342338620000,-21.760505960000,"Rua Ângelo Falci, 55"
412,PARQUE BURNIER.,10072337,07:04:00,13,0,0,22,2025-01-03T00:00:00.000Z,-43.334540130000,-21.760522960000,"Rua Olga Burnier, 67"
412,PARQUE BURNIER.,10073584,07:04:00,8,1,0,22,2025-01-03T00:00:00.000Z,-43.329363350000,-21.763255450000,"Rua Adelaide Campos de Resende, 984"
412,PARQUE BURNIER.,10072358,07:04:00,1,0,0,0,2025-01-03T00:00:00.000Z,-43.328687310000,-21.761675740000,"Rua Natalino José de Paula, 112 - Ponto Final do Parque Burnier"
412,PARQUE BURNIER.,10072382,07:04:00,11,0,0,21,2025-01-03T00:00:00.000Z,-43.332369450000,-21.762522520000,"Rua Olga Burnier, 361"
412,PARQUE BURNIER.,10072380,07:04:00,10,0,1,21,2025-01-03T00:00:00.000Z,-43.331466790000,-21.763337580000,"Rua Olga Burnier, 485"
412,PARQUE BURNIER.,10072384,07:04:00,6,2,0,20,2025-01-03T00:00:00.000Z,-43.327999480000,-21.763301540000,"Rua José Teodoro dos Santos, 126"
412,PARQUE BURNIER.,10073583,07:04:00,9,0,0,22,2025-01-03T00:00:00.000Z,-43.330207820000,-21.763072230000,"Rua Adelaide Campos de Resende, 1070"
412,PARQUE BURNIER.,10072363,07:04:00,2,4,0,4,2025-01-03T00:00:00.000Z,-43.327885630000,-21.762179390000,"Rua Natalino José de Paula, 288"
412,PARQUE BURNIER.,10072335,07:04:00,12,1,0,22,2025-01-03T00:00:00.000Z,-43.333453420000,-21.761562350000,"Rua Olga Burnier, 233"
412,PARQUE BURNIER.,10073589,07:04:00,4,12,1,18,2025-01-03T00:00:00.000Z,-43.326568960000,-21.763629600000,"Rua Adelaide Campos de Resende, 706"
412,PARQUE BURNIER.,10071108,07:04:00,17,0,11,6,2025-01-03T00:00:00.000Z,-43.349331860000,-21.758144610000,"Avenida Getúlio Vargas, 835"
412,PARQUE BURNIER.,10072305,07:25:00,2,1,0,3,2025-01-03T00:00:00.000Z,-43.337478970000,-21.760922950000,"Rua Djalma de Carvalho, 37"
412,PARQUE BURNIER.,10072377,07:25:00,12,0,0,4,2025-01-03T00:00:00.000Z,-43.327321890000,-21.764062650000,"Rua José Teodoro dos Santos, 25"
412,PARQUE BURNIER.,10072359,07:25:00,14,0,0,4,2025-01-03T00:00:00.000Z,-43.326282500000,-21.763143540000,"Rua Adelaide Campos de Resende, 651"
412,PARQUE BURNIER.,10071503,07:25:00,15,0,1,3,2025-01-03T00:00:00.000Z,-43.326207040000,-21.762717810000,"Rua Natalino José de Paula, 421"
412,PARQUE BURNIER.,10073558,07:25:00,4,0,0,3,2025-01-03T00:00:00.000Z,-43.334645750000,-21.760669710000,"Rua Olga Burnier, 70"
412,PARQUE BURNIER.,10072328,07:25:00,13,0,0,4,2025-01-03T00:00:00.000Z,-43.326450350000,-21.763683320000,"Rua Adelaide Campos de Resende, 669"
412,PARQUE BURNIER.,10073552,07:25:00,3,0,0,3,2025-01-03T00:00:00.000Z,-43.335479020000,-21.760313550000,"Rua São Geraldo, 84"
412,PARQUE BURNIER.,10073560,07:25:00,5,0,0,3,2025-01-03T00:00:00.000Z,-43.333589670000,-21.761652280000,"Rua Olga Burnier, 230"
412,PARQUE BURNIER.,10071108,07:25:00,1,2,0,2,2025-01-03T00:00:00.000Z,-43.349331860000,-21.758144610000,"Avenida Getúlio Vargas, 835"
412,PARQUE BURNIER.,10073557,07:25:00,6,0,0,3,2025-01-03T00:00:00.000Z,-43.332479840000,-21.762640710000,"Rua Olga Burnier, 356"
412,PARQUE BURNIER.,10072356,07:25:00,17,0,0,3,2025-01-03T00:00:00.000Z,-43.327793950000,-21.762107030000,"Rua Natalino José de Paula, 271"
412,PARQUE BURNIER.,10072296,07:25:00,9,0,0,3,2025-01-03T00:00:00.000Z,-43.329374790000,-21.763440430000,"Rua Adelaide Campos de Resende, 975"
412,PARQUE BURNIER.,10072316,07:25:00,11,1,0,4,2025-01-03T00:00:00.000Z,-43.328204750000,-21.763332370000,"Rua José Teodoro dos Santos, 145"
412,PARQUE BURNIER.,10072375,07:25:00,16,0,0,3,2025-01-03T00:00:00.000Z,-43.327420830000,-21.762727850000,"Rua Natalino José de Paula, 319"
412,PARQUE BURNIER.,10072358,07:25:00,18,3,0,6,2025-01-03T00:00:00.000Z,-43.328687310000,-21.761675740000,"Rua Natalino José de Paula, 112 - Ponto Final do Parque Burnier"
412,PARQUE BURNIER.,10072313,07:25:00,10,0,0,3,2025-01-03T00:00:00.000Z,-43.328846690000,-21.762504770000,"Rua José Teodoro dos Santos, 275"
412,PARQUE BURNIER.,10073561,07:25:00,7,0,0,3,2025-01-03T00:00:00.000Z,-43.331552510000,-21.763418910000,"Rua Olga Burnier, 480"
412,PARQUE BURNIER.,10072301,07:25:00,8,0,0,3,2025-01-03T00:00:00.000Z,-43.330138330000,-21.763252970000,"Rua Adelaide Campos de Resende, 1061"
412,PARQUE BURNIER.,10072332,07:51:00,14,0,0,17,2025-01-03T00:00:00.000Z,-43.335533860000,-21.760131640000,"Rua São Geraldo, 89"
412,PARQUE BURNIER.,10072358,07:51:00,1,0,0,0,2025-01-03T00:00:00.000Z,-43.328687310000,-21.761675740000,"Rua Natalino José de Paula, 112 - Ponto Final do Parque Burnier"
412,PARQUE BURNIER.,10073589,07:51:00,4,6,1,10,2025-01-03T00:00:00.000Z,-43.326568960000,-21.763629600000,"Rua Adelaide Campos de Resende, 706"
412,PARQUE BURNIER.,10072380,07:51:00,10,0,0,17,2025-01-03T00:00:00.000Z,-43.331466790000,-21.763337580000,"Rua Olga Burnier, 485"
412,PARQUE BURNIER.,10073584,07:51:00,8,1,0,17,2025-01-03T00:00:00.000Z,-43.329363350000,-21.763255450000,"Rua Adelaide Campos de Resende, 984"
412,PARQUE BURNIER.,10072386,07:51:00,7,0,0,16,2025-01-03T00:00:00.000Z,-43.328850270000,-21.762325320000,"Rua José Teodoro dos Santos, 292"
412,PARQUE BURNIER.,10072309,07:51:00,5,3,0,13,2025-01-03T00:00:00.000Z,-43.327273730000,-21.763967940000,"Rua José Teodoro dos Santos, 28"
412,PARQUE BURNIER.,10072384,07:51:00,6,3,0,16,2025-01-03T00:00:00.000Z,-43.327999480000,-21.763301540000,"Rua José Teodoro dos Santos, 126"
412,PARQUE BURNIER.,10072337,07:51:00,13,0,0,17,2025-01-03T00:00:00.000Z,-43.334540130000,-21.760522960000,"Rua Olga Burnier, 67"
412,PARQUE BURNIER.,10071108,07:51:00,17,0,12,2,2025-01-03T00:00:00.000Z,-43.349331860000,-21.758144610000,"Avenida Getúlio Vargas, 835"
412,PARQUE BURNIER.,10073583,07:51:00,9,0,0,17,2025-01-03T00:00:00.000Z,-43.330207820000,-21.763072230000,"Rua Adelaide Campos de Resende, 1070"
412,PARQUE BURNIER.,10072382,07:51:00,11,0,0,17,2025-01-03T00:00:00.000Z,-43.332369450000,-21.762522520000,"Rua Olga Burnier, 361"
412,PARQUE BURNIER.,10072302,07:51:00,15,1,1,17,2025-01-03T00:00:00.000Z,-43.338029500000,-21.760323850000,"Avenida Sete de Setembro, 623"
412,PARQUE BURNIER.,10072335,07:51:00,12,1,1,17,2025-01-03T00:00:00.000Z,-43.333453420000,-21.761562350000,"Rua Olga Burnier, 233"
412,PARQUE BURNIER.,10074194,07:51:00,16,0,3,14,2025-01-03T00:00:00.000Z,-43.342338620000,-21.760505960000,"Rua Ângelo Falci, 55"
412,PARQUE BURNIER.,10072363,07:51:00,2,2,0,2,2025-01-03T00:00:00.000Z,-43.327885630000,-21.762179390000,"Rua Natalino José de Paula, 288"
412,PARQUE BURNIER.,10072362,07:51:00,3,3,0,5,2025-01-03T00:00:00.000Z,-43.327527760000,-21.762798310000,"Rua Natalino José de Paula, 310"
412,PARQUE BURNIER.,10073560,08:12:00,5,0,0,4,2025-01-03T00:00:00.000Z,-43.333589670000,-21.761652280000,"Rua Olga Burnier, 230"
412,PARQUE BURNIER.,10072328,08:12:00,13,0,1,0,2025-01-03T00:00:00.000Z,-43.326450350000,-21.763683320000,"Rua Adelaide Campos de Resende, 669"
412,PARQUE BURNIER.,10073552,08:12:00,3,0,0,4,2025-01-03T00:00:00.000Z,-43.335479020000,-21.760313550000,"Rua São Geraldo, 84"
412,PARQUE BURNIER.,10073561,08:12:00,7,0,0,4,2025-01-03T00:00:00.000Z,-43.331552510000,-21.763418910000,"Rua Olga Burnier, 480"
412,PARQUE BURNIER.,10072375,08:12:00,16,1,0,1,2025-01-03T00:00:00.000Z,-43.327420830000,-21.762727850000,"Rua Natalino José de Paula, 319"
412,PARQUE BURNIER.,10072296,08:12:00,9,3,4,3,2025-01-03T00:00:00.000Z,-43.329374790000,-21.763440430000,"Rua Adelaide Campos de Resende, 975"
412,PARQUE BURNIER.,10072301,08:12:00,8,0,0,4,2025-01-03T00:00:00.000Z,-43.330138330000,-21.763252970000,"Rua Adelaide Campos de Resende, 1061"
412,PARQUE BURNIER.,10072377,08:12:00,12,0,0,1,2025-01-03T00:00:00.000Z,-43.327321890000,-21.764062650000,"Rua José Teodoro dos Santos, 25"
412,PARQUE BURNIER.,10072359,08:12:00,14,0,0,0,2025-01-03T00:00:00.000Z,-43.326282500000,-21.763143540000,"Rua Adelaide Campos de Resende, 651"
412,PARQUE BURNIER.,10072305,08:12:00,2,2,1,4,2025-01-03T00:00:00.000Z,-43.337478970000,-21.760922950000,"Rua Djalma de Carvalho, 37"
412,PARQUE BURNIER.,10072358,08:12:00,18,2,0,2,2025-01-03T00:00:00.000Z,-43.328687310000,-21.761675740000,"Rua Natalino José de Paula, 112 - Ponto Final do Parque Burnier"
412,PARQUE BURNIER.,10072313,08:12:00,10,0,1,2,2025-01-03T00:00:00.000Z,-43.328846690000,-21.762504770000,"Rua José Teodoro dos Santos, 275"
412,PARQUE BURNIER.,10071503,08:12:00,15,0,0,0,2025-01-03T00:00:00.000Z,-43.326207040000,-21.762717810000,"Rua Natalino José de Paula, 421"
412,PARQUE BURNIER.,10073558,08:12:00,4,0,0,4,2025-01-03T00:00:00.000Z,-43.334645750000,-21.760669710000,"Rua Olga Burnier, 70"
412,PARQUE BURNIER.,10073557,08:12:00,6,0,0,4,2025-01-03T00:00:00.000Z,-43.332479840000,-21.762640710000,"Rua Olga Burnier, 356"
412,PARQUE BURNIER.,10071108,08:12:00,1,3,0,3,2025-01-03T00:00:00.000Z,-43.349331860000,-21.758144610000,"Avenida Getúlio Vargas, 835"
412,PARQUE BURNIER.,10072316,08:12:00,11,0,1,1,2025-01-03T00:00:00.000Z,-43.328204750000,-21.763332370000,"Rua José Teodoro dos Santos, 145"
412,PARQUE BURNIER.,10072356,08:12:00,17,0,1,0,2025-01-03T00:00:00.000Z,-43.327793950000,-21.762107030000,"Rua Natalino José de Paula, 271"
412,PARQUE BURNIER.,10073589,08:38:00,4,12,0,18,2025-01-03T00:00:00.000Z,-43.326568960000,-21.763629600000,"Rua Adelaide Campos de Resende, 706"
412,PARQUE BURNIER.,10072362,08:38:00,3,5,1,6,2025-01-03T00:00:00.000Z,-43.327527760000,-21.762798310000,"Rua Natalino José de Paula, 310"
412,PARQUE BURNIER.,10072332,08:38:00,14,0,1,32,2025-01-03T00:00:00.000Z,-43.335533860000,-21.760131640000,"Rua São Geraldo, 89"
412,PARQUE BURNIER.,10072302,08:38:00,15,0,3,29,2025-01-03T00:00:00.000Z,-43.338029500000,-21.760323850000,"Avenida Sete de Setembro, 623"
412,PARQUE BURNIER.,10072337,08:38:00,13,4,0,33,2025-01-03T00:00:00.000Z,-43.334540130000,-21.760522960000,"Rua Olga Burnier, 67"
412,PARQUE BURNIER.,10071108,08:38:00,17,0,32,0,2025-01-03T00:00:00.000Z,-43.349331860000,-21.758144610000,"Avenida Getúlio Vargas, 835"
412,PARQUE BURNIER.,10072309,08:38:00,5,0,0,18,2025-01-03T00:00:00.000Z,-43.327273730000,-21.763967940000,"Rua José Teodoro dos Santos, 28"
412,PARQUE BURNIER.,10072384,08:38:00,6,3,0,21,2025-01-03T00:00:00.000Z,-43.327999480000,-21.763301540000,"Rua José Teodoro dos Santos, 126"
412,PARQUE BURNIER.,10073584,08:38:00,8,1,0,24,2025-01-03T00:00:00.000Z,-43.329363350000,-21.763255450000,"Rua Adelaide Campos de Resende, 984"
412,PARQUE BURNIER.,10072363,08:38:00,2,2,0,2,2025-01-03T00:00:00.000Z,-43.327885630000,-21.762179390000,"Rua Natalino José de Paula, 288"
412,PARQUE BURNIER.,10072386,08:38:00,7,2,0,23,2025-01-03T00:00:00.000Z,-43.328850270000,-21.762325320000,"Rua José Teodoro dos Santos, 292"
412,PARQUE BURNIER.,10072335,08:38:00,12,0,0,29,2025-01-03T00:00:00.000Z,-43.333453420000,-21.761562350000,"Rua Olga Burnier, 233"
412,PARQUE BURNIER.,10072358,08:38:00,1,0,0,0,2025-01-03T00:00:00.000Z,-43.328687310000,-21.761675740000,"Rua Natalino José de Paula, 112 - Ponto Final do Parque Burnier"
412,PARQUE BURNIER.,10073583,08:38:00,9,3,0,27,2025-01-03T00:00:00.000Z,-43.330207820000,-21.763072230000,"Rua Adelaide Campos de Resende, 1070"
412,PARQUE BURNIER.,10074194,08:38:00,16,7,4,32,2025-01-03T00:00:00.000Z,-43.342338620000,-21.760505960000,"Rua Ângelo Falci, 55"
412,PARQUE BURNIER.,10072382,08:38:00,11,1,0,29,2025-01-03T00:00:00.000Z,-43.332369450000,-21.762522520000,"Rua Olga Burnier, 361"
412,PARQUE BURNIER.,10072380,08:38:00,10,2,1,28,2025-01-03T00:00:00.000Z,-43.331466790000,-21.763337580000,"Rua Olga Burnier, 485"
412,PARQUE BURNIER.,10072305,08:59:00,2,0,0,14,2025-01-03T00:00:00.000Z,-43.337478970000,-21.760922950000,"Rua Djalma de Carvalho, 37"
412,PARQUE BURNIER.,10071503,08:59:00,15,0,0,10,2025-01-03T00:00:00.000Z,-43.326207040000,-21.762717810000,"Rua Natalino José de Paula, 421"
412,PARQUE BURNIER.,10072356,08:59:00,17,0,0,9,2025-01-03T00:00:00.000Z,-43.327793950000,-21.762107030000,"Rua Natalino José de Paula, 271"
412,PARQUE BURNIER.,10072377,08:59:00,12,0,0,10,2025-01-03T00:00:00.000Z,-43.327321890000,-21.764062650000,"Rua José Teodoro dos Santos, 25"
412,PARQUE BURNIER.,10072296,08:59:00,9,0,0,10,2025-01-03T00:00:00.000Z,-43.329374790000,-21.763440430000,"Rua Adelaide Campos de Resende, 975"
412,PARQUE BURNIER.,10073557,08:59:00,6,0,0,11,2025-01-03T00:00:00.000Z,-43.332479840000,-21.762640710000,"Rua Olga Burnier, 356"
412,PARQUE BURNIER.,10073560,08:59:00,5,0,0,11,2025-01-03T00:00:00.000Z,-43.333589670000,-21.761652280000,"Rua Olga Burnier, 230"
412,PARQUE BURNIER.,10072313,08:59:00,10,0,0,10,2025-01-03T00:00:00.000Z,-43.328846690000,-21.762504770000,"Rua José Teodoro dos Santos, 275"
412,PARQUE BURNIER.,10071108,08:59:00,1,14,0,14,2025-01-03T00:00:00.000Z,-43.349331860000,-21.758144610000,"Avenida Getúlio Vargas, 835"
412,PARQUE BURNIER.,10073558,08:59:00,4,0,3,11,2025-01-03T00:00:00.000Z,-43.334645750000,-21.760669710000,"Rua Olga Burnier, 70"
412,PARQUE BURNIER.,10072328,08:59:00,13,0,0,10,2025-01-03T00:00:00.000Z,-43.326450350000,-21.763683320000,"Rua Adelaide Campos de Resende, 669"
412,PARQUE BURNIER.,10073561,08:59:00,7,0,1,10,2025-01-03T00:00:00.000Z,-43.331552510000,-21.763418910000,"Rua Olga Burnier, 480"
412,PARQUE BURNIER.,10073552,08:59:00,3,0,0,14,2025-01-03T00:00:00.000Z,-43.335479020000,-21.760313550000,"Rua São Geraldo, 84"
412,PARQUE BURNIER.,10072359,08:59:00,14,0,0,10,2025-01-03T00:00:00.000Z,-43.326282500000,-21.763143540000,"Rua Adelaide Campos de Resende, 651"
412,PARQUE BURNIER.,10072375,08:59:00,16,0,1,9,2025-01-03T00:00:00.000Z,-43.327420830000,-21.762727850000,"Rua Natalino José de Paula, 319"
412,PARQUE BURNIER.,10072301,08:59:00,8,0,0,10,2025-01-03T00:00:00.000Z,-43.330138330000,-21.763252970000,"Rua Adelaide Campos de Resende, 1061"
412,PARQUE BURNIER.,10072358,08:59:00,18,1,0,10,2025-01-03T00:00:00.000Z,-43.328687310000,-21.761675740000,"Rua Natalino José de Paula, 112 - Ponto Final do Parque Burnier"
412,PARQUE BURNIER.,10072316,08:59:00,11,0,0,10,2025-01-03T00:00:00.000Z,-43.328204750000,-21.763332370000,"Rua José Teodoro dos Santos, 145"
412,PARQUE BURNIER.,10071108,09:25:00,17,0,20,4,2025-01-03T00:00:00.000Z,-43.349331860000,-21.758144610000,"Avenida Getúlio Vargas, 835"
412,PARQUE BURNIER.,10072337,09:25:00,13,0,0,21,2025-01-03T00:00:00.000Z,-43.334540130000,-21.760522960000,"Rua Olga Burnier, 67"
412,PARQUE BURNIER.,10072386,09:25:00,7,4,0,14,2025-01-03T00:00:00.000Z,-43.328850270000,-21.762325320000,"Rua José Teodoro dos Santos, 292"
412,PARQUE BURNIER.,10074194,09:25:00,16,6,4,24,2025-01-03T00:00:00.000Z,-43.342338620000,-21.760505960000,"Rua Ângelo Falci, 55"
412,PARQUE BURNIER.,10072382,09:25:00,11,1,0,22,2025-01-03T00:00:00.000Z,-43.332369450000,-21.762522520000,"Rua Olga Burnier, 361"
412,PARQUE BURNIER.,10072309,09:25:00,5,0,0,10,2025-01-03T00:00:00.000Z,-43.327273730000,-21.763967940000,"Rua José Teodoro dos Santos, 28"
412,PARQUE BURNIER.,10072332,09:25:00,14,0,0,21,2025-01-03T00:00:00.000Z,-43.335533860000,-21.760131640000,"Rua São Geraldo, 89"
412,PARQUE BURNIER.,10072363,09:25:00,2,2,0,2,2025-01-03T00:00:00.000Z,-43.327885630000,-21.762179390000,"Rua Natalino José de Paula, 288"
412,PARQUE BURNIER.,10073583,09:25:00,9,1,0,20,2025-01-03T00:00:00.000Z,-43.330207820000,-21.763072230000,"Rua Adelaide Campos de Resende, 1070"
412,PARQUE BURNIER.,10072362,09:25:00,3,1,0,3,2025-01-03T00:00:00.000Z,-43.327527760000,-21.762798310000,"Rua Natalino José de Paula, 310"
412,PARQUE BURNIER.,10072384,09:25:00,6,0,0,10,2025-01-03T00:00:00.000Z,-43.327999480000,-21.763301540000,"Rua José Teodoro dos Santos, 126"
412,PARQUE BURNIER.,10072302,09:25:00,15,1,0,22,2025-01-03T00:00:00.000Z,-43.338029500000,-21.760323850000,"Avenida Sete de Setembro, 623"
412,PARQUE BURNIER.,10072358,09:25:00,1,0,0,0,2025-01-03T00:00:00.000Z,-43.328687310000,-21.761675740000,"Rua Natalino José de Paula, 112 - Ponto Final do Parque Burnier"
412,PARQUE BURNIER.,10073584,09:25:00,8,5,0,19,2025-01-03T00:00:00.000Z,-43.329363350000,-21.763255450000,"Rua Adelaide Campos de Resende, 984"
412,PARQUE BURNIER.,10072335,09:25:00,12,0,1,21,2025-01-03T00:00:00.000Z,-43.333453420000,-21.761562350000,"Rua Olga Burnier, 233"
412,PARQUE BURNIER.,10072380,09:25:00,10,1,0,21,2025-01-03T00:00:00.000Z,-43.331466790000,-21.763337580000,"Rua Olga Burnier, 485"
412,PARQUE BURNIER.,10073589,09:25:00,4,7,0,10,2025-01-03T00:00:00.000Z,-43.326568960000,-21.763629600000,"Rua Adelaide Campos de Resende, 706"
412,PARQUE BURNIER.,10073552,09:45:00,3,0,0,1,2025-01-03T00:00:00.000Z,-43.335479020000,-21.760313550000,"Rua São Geraldo, 84"
412,PARQUE BURNIER.,10073561,09:45:00,7,0,0,1,2025-01-03T00:00:00.000Z,-43.331552510000,-21.763418910000,"Rua Olga Burnier, 480"
412,PARQUE BURNIER.,10072316,09:45:00,11,0,0,0,2025-01-03T00:00:00.000Z,-43.328204750000,-21.763332370000,"Rua José Teodoro dos Santos, 145"
412,PARQUE BURNIER.,10073557,09:45:00,6,0,0,1,2025-01-03T00:00:00.000Z,-43.332479840000,-21.762640710000,"Rua Olga Burnier, 356"
412,PARQUE BURNIER.,10072305,09:45:00,2,1,1,1,2025-01-03T00:00:00.000Z,-43.337478970000,-21.760922950000,"Rua Djalma de Carvalho, 37"
412,PARQUE BURNIER.,10073558,09:45:00,4,0,0,1,2025-01-03T00:00:00.000Z,-43.334645750000,-21.760669710000,"Rua Olga Burnier, 70"
412,PARQUE BURNIER.,10073560,09:45:00,5,0,0,1,2025-01-03T00:00:00.000Z,-43.333589670000,-21.761652280000,"Rua Olga Burnier, 230"
412,PARQUE BURNIER.,10072301,09:45:00,8,0,0,1,2025-01-03T00:00:00.000Z,-43.330138330000,-21.763252970000,"Rua Adelaide Campos de Resende, 1061"
412,PARQUE BURNIER.,10072358,09:45:00,18,8,0,8,2025-01-03T00:00:00.000Z,-43.328687310000,-21.761675740000,"Rua Natalino José de Paula, 112 - Ponto Final do Parque Burnier"
412,PARQUE BURNIER.,10071503,09:45:00,15,0,0,0,2025-01-03T00:00:00.000Z,-43.326207040000,-21.762717810000,"Rua Natalino José de Paula, 421"
412,PARQUE BURNIER.,10072359,09:45:00,14,0,0,0,2025-01-03T00:00:00.000Z,-43.326282500000,-21.763143540000,"Rua Adelaide Campos de Resende, 651"
412,PARQUE BURNIER.,10072328,09:45:00,13,0,0,0,2025-01-03T00:00:00.000Z,-43.326450350000,-21.763683320000,"Rua Adelaide Campos de Resende, 669"
412,PARQUE BURNIER.,10071108,09:45:00,1,1,0,1,2025-01-03T00:00:00.000Z,-43.349331860000,-21.758144610000,"Avenida Getúlio Vargas, 835"
412,PARQUE BURNIER.,10072313,09:45:00,10,0,0,0,2025-01-03T00:00:00.000Z,-43.328846690000,-21.762504770000,"Rua José Teodoro dos Santos, 275"
412,PARQUE BURNIER.,10072377,09:45:00,12,0,0,0,2025-01-03T00:00:00.000Z,-43.327321890000,-21.764062650000,"Rua José Teodoro dos Santos, 25"
412,PARQUE BURNIER.,10072375,09:45:00,16,1,0,1,2025-01-03T00:00:00.000Z,-43.327420830000,-21.762727850000,"Rua Natalino José de Paula, 319"
412,PARQUE BURNIER.,10072296,09:45:00,9,0,1,0,2025-01-03T00:00:00.000Z,-43.329374790000,-21.763440430000,"Rua Adelaide Campos de Resende, 975"
412,PARQUE BURNIER.,10072356,09:45:00,17,0,1,0,2025-01-03T00:00:00.000Z,-43.327793950000,-21.762107030000,"Rua Natalino José de Paula, 271"
412,PARQUE BURNIER.,10073584,10:20:00,8,5,0,17,2025-01-03T00:00:00.000Z,-43.329363350000,-21.763255450000,"Rua Adelaide Campos de Resende, 984"
412,PARQUE BURNIER.,10072302,10:20:00,15,0,0,18,2025-01-03T00:00:00.000Z,-43.338029500000,-21.760323850000,"Avenida Sete de Setembro, 623"
412,PARQUE BURNIER.,10074194,10:20:00,16,14,4,28,2025-01-03T00:00:00.000Z,-43.342338620000,-21.760505960000,"Rua Ângelo Falci, 55"
412,PARQUE BURNIER.,10072332,10:20:00,14,0,0,18,2025-01-03T00:00:00.000Z,-43.335533860000,-21.760131640000,"Rua São Geraldo, 89"
412,PARQUE BURNIER.,10072358,10:20:00,1,0,0,0,2025-01-03T00:00:00.000Z,-43.328687310000,-21.761675740000,"Rua Natalino José de Paula, 112 - Ponto Final do Parque Burnier"
412,PARQUE BURNIER.,10072382,10:20:00,11,0,0,17,2025-01-03T00:00:00.000Z,-43.332369450000,-21.762522520000,"Rua Olga Burnier, 361"
412,PARQUE BURNIER.,10073583,10:20:00,9,0,0,17,2025-01-03T00:00:00.000Z,-43.330207820000,-21.763072230000,"Rua Adelaide Campos de Resende, 1070"
412,PARQUE BURNIER.,10072337,10:20:00,13,0,0,18,2025-01-03T00:00:00.000Z,-43.334540130000,-21.760522960000,"Rua Olga Burnier, 67"
412,PARQUE BURNIER.,10072335,10:20:00,12,1,0,18,2025-01-03T00:00:00.000Z,-43.333453420000,-21.761562350000,"Rua Olga Burnier, 233"
412,PARQUE BURNIER.,10072362,10:20:00,3,0,0,1,2025-01-03T00:00:00.000Z,-43.327527760000,-21.762798310000,"Rua Natalino José de Paula, 310"
412,PARQUE BURNIER.,10072380,10:20:00,10,0,0,17,2025-01-03T00:00:00.000Z,-43.331466790000,-21.763337580000,"Rua Olga Burnier, 485"
412,PARQUE BURNIER.,10071108,10:20:00,17,0,23,5,2025-01-03T00:00:00.000Z,-43.349331860000,-21.758144610000,"Avenida Getúlio Vargas, 835"
412,PARQUE BURNIER.,10072386,10:20:00,7,2,0,12,2025-01-03T00:00:00.000Z,-43.328850270000,-21.762325320000,"Rua José Teodoro dos Santos, 292"
412,PARQUE BURNIER.,10073589,10:20:00,4,4,0,5,2025-01-03T00:00:00.000Z,-43.326568960000,-21.763629600000,"Rua Adelaide Campos de Resende, 706"
412,PARQUE BURNIER.,10072309,10:20:00,5,1,0,6,2025-01-03T00:00:00.000Z,-43.327273730000,-21.763967940000,"Rua José Teodoro dos Santos, 28"
412,PARQUE BURNIER.,10072363,10:20:00,2,1,0,1,2025-01-03T00:00:00.000Z,-43.327885630000,-21.762179390000,"Rua Natalino José de Paula, 288"
412,PARQUE BURNIER.,10072384,10:20:00,6,4,0,10,2025-01-03T00:00:00.000Z,-43.327999480000,-21.763301540000,"Rua José Teodoro dos Santos, 126"
412,PARQUE BURNIER.,10072375,10:40:00,16,0,0,6,2025-01-03T00:00:00.000Z,-43.327420830000,-21.762727850000,"Rua Natalino José de Paula, 319"
412,PARQUE BURNIER.,10072359,10:40:00,14,0,0,6,2025-01-03T00:00:00.000Z,-43.326282500000,-21.763143540000,"Rua Adelaide Campos de Resende, 651"
412,PARQUE BURNIER.,10072328,10:40:00,13,0,0,6,2025-01-03T00:00:00.000Z,-43.326450350000,-21.763683320000,"Rua Adelaide Campos de Resende, 669"
412,PARQUE BURNIER.,10073558,10:40:00,4,0,0,5,2025-01-03T00:00:00.000Z,-43.334645750000,-21.760669710000,"Rua Olga Burnier, 70"
412,PARQUE BURNIER.,10073560,10:40:00,5,0,0,5,2025-01-03T00:00:00.000Z,-43.333589670000,-21.761652280000,"Rua Olga Burnier, 230"
412,PARQUE BURNIER.,10073561,10:40:00,7,0,0,5,2025-01-03T00:00:00.000Z,-43.331552510000,-21.763418910000,"Rua Olga Burnier, 480"
412,PARQUE BURNIER.,10073552,10:40:00,3,0,0,5,2025-01-03T00:00:00.000Z,-43.335479020000,-21.760313550000,"Rua São Geraldo, 84"
412,PARQUE BURNIER.,10072313,10:40:00,10,1,0,6,2025-01-03T00:00:00.000Z,-43.328846690000,-21.762504770000,"Rua José Teodoro dos Santos, 275"
412,PARQUE BURNIER.,10072377,10:40:00,12,0,0,6,2025-01-03T00:00:00.000Z,-43.327321890000,-21.764062650000,"Rua José Teodoro dos Santos, 25"
412,PARQUE BURNIER.,10071108,10:40:00,1,5,0,5,2025-01-03T00:00:00.000Z,-43.349331860000,-21.758144610000,"Avenida Getúlio Vargas, 835"
412,PARQUE BURNIER.,10072301,10:40:00,8,0,0,5,2025-01-03T00:00:00.000Z,-43.330138330000,-21.763252970000,"Rua Adelaide Campos de Resende, 1061"
412,PARQUE BURNIER.,10072296,10:40:00,9,0,0,5,2025-01-03T00:00:00.000Z,-43.329374790000,-21.763440430000,"Rua Adelaide Campos de Resende, 975"
412,PARQUE BURNIER.,10072316,10:40:00,11,0,0,6,2025-01-03T00:00:00.000Z,-43.328204750000,-21.763332370000,"Rua José Teodoro dos Santos, 145"
412,PARQUE BURNIER.,10073557,10:40:00,6,0,0,5,2025-01-03T00:00:00.000Z,-43.332479840000,-21.762640710000,"Rua Olga Burnier, 356"
412,PARQUE BURNIER.,10071503,10:40:00,15,0,0,6,2025-01-03T00:00:00.000Z,-43.326207040000,-21.762717810000,"Rua Natalino José de Paula, 421"
412,PARQUE BURNIER.,10072358,10:40:00,18,1,0,7,2025-01-03T00:00:00.000Z,-43.328687310000,-21.761675740000,"Rua Natalino José de Paula, 112 - Ponto Final do Parque Burnier"
412,PARQUE BURNIER.,10072305,10:40:00,2,0,0,5,2025-01-03T00:00:00.000Z,-43.337478970000,-21.760922950000,"Rua Djalma de Carvalho, 37"
412,PARQUE BURNIER.,10072356,10:40:00,17,0,0,6,2025-01-03T00:00:00.000Z,-43.327793950000,-21.762107030000,"Rua Natalino José de Paula, 271"
412,PARQUE BURNIER.,10073589,11:15:00,4,0,0,0,2025-01-03T00:00:00.000Z,-43.326568960000,-21.763629600000,"Rua Adelaide Campos de Resende, 706"
412,PARQUE BURNIER.,10072335,11:15:00,12,0,1,6,2025-01-03T00:00:00.000Z,-43.333453420000,-21.761562350000,"Rua Olga Burnier, 233"
412,PARQUE BURNIER.,10072332,11:15:00,14,1,0,8,2025-01-03T00:00:00.000Z,-43.335533860000,-21.760131640000,"Rua São Geraldo, 89"
412,PARQUE BURNIER.,10072363,11:15:00,2,0,0,0,2025-01-03T00:00:00.000Z,-43.327885630000,-21.762179390000,"Rua Natalino José de Paula, 288"
412,PARQUE BURNIER.,10072362,11:15:00,3,0,0,0,2025-01-03T00:00:00.000Z,-43.327527760000,-21.762798310000,"Rua Natalino José de Paula, 310"
412,PARQUE BURNIER.,10071108,11:15:00,17,0,20,4,2025-01-03T00:00:00.000Z,-43.349331860000,-21.758144610000,"Avenida Getúlio Vargas, 835"
412,PARQUE BURNIER.,10073583,11:15:00,9,0,0,6,2025-01-03T00:00:00.000Z,-43.330207820000,-21.763072230000,"Rua Adelaide Campos de Resende, 1070"
412,PARQUE BURNIER.,10073584,11:15:00,8,1,0,6,2025-01-03T00:00:00.000Z,-43.329363350000,-21.763255450000,"Rua Adelaide Campos de Resende, 984"
412,PARQUE BURNIER.,10072337,11:15:00,13,1,0,7,2025-01-03T00:00:00.000Z,-43.334540130000,-21.760522960000,"Rua Olga Burnier, 67"
412,PARQUE BURNIER.,10072302,11:15:00,15,17,0,25,2025-01-03T00:00:00.000Z,-43.338029500000,-21.760323850000,"Avenida Sete de Setembro, 623"
412,PARQUE BURNIER.,10072358,11:15:00,1,0,0,0,2025-01-03T00:00:00.000Z,-43.328687310000,-21.761675740000,"Rua Natalino José de Paula, 112 - Ponto Final do Parque Burnier"
412,PARQUE BURNIER.,10072384,11:15:00,6,0,0,0,2025-01-03T00:00:00.000Z,-43.327999480000,-21.763301540000,"Rua José Teodoro dos Santos, 126"
412,PARQUE BURNIER.,10072380,11:15:00,10,1,0,7,2025-01-03T00:00:00.000Z,-43.331466790000,-21.763337580000,"Rua Olga Burnier, 485"
412,PARQUE BURNIER.,10072382,11:15:00,11,0,0,7,2025-01-03T00:00:00.000Z,-43.332369450000,-21.762522520000,"Rua Olga Burnier, 361"
412,PARQUE BURNIER.,10074194,11:15:00,16,1,2,24,2025-01-03T00:00:00.000Z,-43.342338620000,-21.760505960000,"Rua Ângelo Falci, 55"
412,PARQUE BURNIER.,10072309,11:15:00,5,0,0,0,2025-01-03T00:00:00.000Z,-43.327273730000,-21.763967940000,"Rua José Teodoro dos Santos, 28"
412,PARQUE BURNIER.,10072386,11:15:00,7,5,0,5,2025-01-03T00:00:00.000Z,-43.328850270000,-21.762325320000,"Rua José Teodoro dos Santos, 292"
412,PARQUE BURNIER.,10073561,11:35:00,7,0,0,18,2025-01-03T00:00:00.000Z,-43.331552510000,-21.763418910000,"Rua Olga Burnier, 480"
412,PARQUE BURNIER.,10073558,11:35:00,4,0,0,19,2025-01-03T00:00:00.000Z,-43.334645750000,-21.760669710000,"Rua Olga Burnier, 70"
412,PARQUE BURNIER.,10072305,11:35:00,2,0,0,19,2025-01-03T00:00:00.000Z,-43.337478970000,-21.760922950000,"Rua Djalma de Carvalho, 37"
412,PARQUE BURNIER.,10072313,11:35:00,10,0,1,17,2025-01-03T00:00:00.000Z,-43.328846690000,-21.762504770000,"Rua José Teodoro dos Santos, 275"
412,PARQUE BURNIER.,10072301,11:35:00,8,1,0,19,2025-01-03T00:00:00.000Z,-43.330138330000,-21.763252970000,"Rua Adelaide Campos de Resende, 1061"
412,PARQUE BURNIER.,10072359,11:35:00,14,0,4,0,2025-01-03T00:00:00.000Z,-43.326282500000,-21.763143540000,"Rua Adelaide Campos de Resende, 651"
412,PARQUE BURNIER.,10073557,11:35:00,6,0,0,18,2025-01-03T00:00:00.000Z,-43.332479840000,-21.762640710000,"Rua Olga Burnier, 356"
412,PARQUE BURNIER.,10071108,11:35:00,1,19,0,19,2025-01-03T00:00:00.000Z,-43.349331860000,-21.758144610000,"Avenida Getúlio Vargas, 835"
412,PARQUE BURNIER.,10073552,11:35:00,3,0,0,19,2025-01-03T00:00:00.000Z,-43.335479020000,-21.760313550000,"Rua São Geraldo, 84"
412,PARQUE BURNIER.,10072328,11:35:00,13,1,12,4,2025-01-03T00:00:00.000Z,-43.326450350000,-21.763683320000,"Rua Adelaide Campos de Resende, 669"
412,PARQUE BURNIER.,10072375,11:35:00,16,0,0,0,2025-01-03T00:00:00.000Z,-43.327420830000,-21.762727850000,"Rua Natalino José de Paula, 319"
412,PARQUE BURNIER.,10072356,11:35:00,17,0,0,0,2025-01-03T00:00:00.000Z,-43.327793950000,-21.762107030000,"Rua Natalino José de Paula, 271"
412,PARQUE BURNIER.,10073560,11:35:00,5,0,1,18,2025-01-03T00:00:00.000Z,-43.333589670000,-21.761652280000,"Rua Olga Burnier, 230"
412,PARQUE BURNIER.,10072358,11:35:00,18,7,0,7,2025-01-03T00:00:00.000Z,-43.328687310000,-21.761675740000,"Rua Natalino José de Paula, 112 - Ponto Final do Parque Burnier"
412,PARQUE BURNIER.,10072377,11:35:00,12,0,0,15,2025-01-03T00:00:00.000Z,-43.327321890000,-21.764062650000,"Rua José Teodoro dos Santos, 25"
412,PARQUE BURNIER.,10072316,11:35:00,11,0,2,15,2025-01-03T00:00:00.000Z,-43.328204750000,-21.763332370000,"Rua José Teodoro dos Santos, 145"
412,PARQUE BURNIER.,10072296,11:35:00,9,0,1,18,2025-01-03T00:00:00.000Z,-43.329374790000,-21.763440430000,"Rua Adelaide Campos de Resende, 975"
412,PARQUE BURNIER.,10071503,11:35:00,15,0,0,0,2025-01-03T00:00:00.000Z,-43.326207040000,-21.762717810000,"Rua Natalino José de Paula, 421"
412,PARQUE BURNIER.,10072386,12:10:00,7,0,0,8,2025-01-03T00:00:00.000Z,-43.328850270000,-21.762325320000,"Rua José Teodoro dos Santos, 292"
412,PARQUE BURNIER.,10072337,12:10:00,13,0,0,8,2025-01-03T00:00:00.000Z,-43.334540130000,-21.760522960000,"Rua Olga Burnier, 67"
412,PARQUE BURNIER.,10073583,12:10:00,9,0,1,9,2025-01-03T00:00:00.000Z,-43.330207820000,-21.763072230000,"Rua Adelaide Campos de Resende, 1070"
412,PARQUE BURNIER.,10072384,12:10:00,6,2,0,8,2025-01-03T00:00:00.000Z,-43.327999480000,-21.763301540000,"Rua José Teodoro dos Santos, 126"
412,PARQUE BURNIER.,10072362,12:10:00,3,3,0,3,2025-01-03T00:00:00.000Z,-43.327527760000,-21.762798310000,"Rua Natalino José de Paula, 310"
412,PARQUE BURNIER.,10073589,12:10:00,4,2,0,5,2025-01-03T00:00:00.000Z,-43.326568960000,-21.763629600000,"Rua Adelaide Campos de Resende, 706"
412,PARQUE BURNIER.,10072358,12:10:00,1,0,0,0,2025-01-03T00:00:00.000Z,-43.328687310000,-21.761675740000,"Rua Natalino José de Paula, 112 - Ponto Final do Parque Burnier"
412,PARQUE BURNIER.,10073584,12:10:00,8,2,0,10,2025-01-03T00:00:00.000Z,-43.329363350000,-21.763255450000,"Rua Adelaide Campos de Resende, 984"
412,PARQUE BURNIER.,10072332,12:10:00,14,1,1,8,2025-01-03T00:00:00.000Z,-43.335533860000,-21.760131640000,"Rua São Geraldo, 89"
412,PARQUE BURNIER.,10072335,12:10:00,12,0,1,8,2025-01-03T00:00:00.000Z,-43.333453420000,-21.761562350000,"Rua Olga Burnier, 233"
412,PARQUE BURNIER.,10072302,12:10:00,15,1,1,8,2025-01-03T00:00:00.000Z,-43.338029500000,-21.760323850000,"Avenida Sete de Setembro, 623"
412,PARQUE BURNIER.,10072309,12:10:00,5,1,0,6,2025-01-03T00:00:00.000Z,-43.327273730000,-21.763967940000,"Rua José Teodoro dos Santos, 28"
412,PARQUE BURNIER.,10072382,12:10:00,11,0,0,9,2025-01-03T00:00:00.000Z,-43.332369450000,-21.762522520000,"Rua Olga Burnier, 361"
412,PARQUE BURNIER.,10074194,12:10:00,16,9,0,17,2025-01-03T00:00:00.000Z,-43.342338620000,-21.760505960000,"Rua Ângelo Falci, 55"
412,PARQUE BURNIER.,10072363,12:10:00,2,0,0,0,2025-01-03T00:00:00.000Z,-43.327885630000,-21.762179390000,"Rua Natalino José de Paula, 288"
412,PARQUE BURNIER.,10071108,12:10:00,17,0,11,6,2025-01-03T00:00:00.000Z,-43.349331860000,-21.758144610000,"Avenida Getúlio Vargas, 835"
412,PARQUE BURNIER.,10072380,12:10:00,10,0,0,9,2025-01-03T00:00:00.000Z,-43.331466790000,-21.763337580000,"Rua Olga Burnier, 485"
412,PARQUE BURNIER.,10072356,12:30:00,17,0,0,8,2025-01-03T00:00:00.000Z,-43.327793950000,-21.762107030000,"Rua Natalino José de Paula, 271"
412,PARQUE BURNIER.,10072328,12:30:00,13,1,0,11,2025-01-03T00:00:00.000Z,-43.326450350000,-21.763683320000,"Rua Adelaide Campos de Resende, 669"
412,PARQUE BURNIER.,10073557,12:30:00,6,0,0,11,2025-01-03T00:00:00.000Z,-43.332479840000,-21.762640710000,"Rua Olga Burnier, 356"
412,PARQUE BURNIER.,10073561,12:30:00,7,1,0,12,2025-01-03T00:00:00.000Z,-43.331552510000,-21.763418910000,"Rua Olga Burnier, 480"
412,PARQUE BURNIER.,10072301,12:30:00,8,0,0,12,2025-01-03T00:00:00.000Z,-43.330138330000,-21.763252970000,"Rua Adelaide Campos de Resende, 1061"
412,PARQUE BURNIER.,10072359,12:30:00,14,0,0,11,2025-01-03T00:00:00.000Z,-43.326282500000,-21.763143540000,"Rua Adelaide Campos de Resende, 651"
412,PARQUE BURNIER.,10072358,12:30:00,18,4,0,12,2025-01-03T00:00:00.000Z,-43.328687310000,-21.761675740000,"Rua Natalino José de Paula, 112 - Ponto Final do Parque Burnier"
412,PARQUE BURNIER.,10072313,12:30:00,10,0,0,11,2025-01-03T00:00:00.000Z,-43.328846690000,-21.762504770000,"Rua José Teodoro dos Santos, 275"
412,PARQUE BURNIER.,10072375,12:30:00,16,0,2,8,2025-01-03T00:00:00.000Z,-43.327420830000,-21.762727850000,"Rua Natalino José de Paula, 319"
412,PARQUE BURNIER.,10071108,12:30:00,1,13,0,13,2025-01-03T00:00:00.000Z,-43.349331860000,-21.758144610000,"Avenida Getúlio Vargas, 835"
412,PARQUE BURNIER.,10071503,12:30:00,15,0,1,10,2025-01-03T00:00:00.000Z,-43.326207040000,-21.762717810000,"Rua Natalino José de Paula, 421"
412,PARQUE BURNIER.,10072305,12:30:00,2,1,2,12,2025-01-03T00:00:00.000Z,-43.337478970000,-21.760922950000,"Rua Djalma de Carvalho, 37"
412,PARQUE BURNIER.,10072316,12:30:00,11,0,0,11,2025-01-03T00:00:00.000Z,-43.328204750000,-21.763332370000,"Rua José Teodoro dos Santos, 145"
412,PARQUE BURNIER.,10073552,12:30:00,3,0,1,11,2025-01-03T00:00:00.000Z,-43.335479020000,-21.760313550000,"Rua São Geraldo, 84"
412,PARQUE BURNIER.,10072296,12:30:00,9,0,1,11,2025-01-03T00:00:00.000Z,-43.329374790000,-21.763440430000,"Rua Adelaide Campos de Resende, 975"
412,PARQUE BURNIER.,10073560,12:30:00,5,0,0,11,2025-01-03T00:00:00.000Z,-43.333589670000,-21.761652280000,"Rua Olga Burnier, 230"
412,PARQUE BURNIER.,10072377,12:30:00,12,0,1,10,2025-01-03T00:00:00.000Z,-43.327321890000,-21.764062650000,"Rua José Teodoro dos Santos, 25"
412,PARQUE BURNIER.,10073558,12:30:00,4,0,0,11,2025-01-03T00:00:00.000Z,-43.334645750000,-21.760669710000,"Rua Olga Burnier, 70"
412,PARQUE BURNIER.,10072362,13:05:00,3,2,0,3,2025-01-03T00:00:00.000Z,-43.327527760000,-21.762798310000,"Rua Natalino José de Paula, 310"
412,PARQUE BURNIER.,10072302,13:05:00,15,1,2,9,2025-01-03T00:00:00.000Z,-43.338029500000,-21.760323850000,"Avenida Sete de Setembro, 623"
412,PARQUE BURNIER.,10072384,13:05:00,6,1,0,4,2025-01-03T00:00:00.000Z,-43.327999480000,-21.763301540000,"Rua José Teodoro dos Santos, 126"
412,PARQUE BURNIER.,10072337,13:05:00,13,0,0,10,2025-01-03T00:00:00.000Z,-43.334540130000,-21.760522960000,"Rua Olga Burnier, 67"
412,PARQUE BURNIER.,10072363,13:05:00,2,1,0,1,2025-01-03T00:00:00.000Z,-43.327885630000,-21.762179390000,"Rua Natalino José de Paula, 288"
412,PARQUE BURNIER.,10072380,13:05:00,10,0,0,10,2025-01-03T00:00:00.000Z,-43.331466790000,-21.763337580000,"Rua Olga Burnier, 485"
412,PARQUE BURNIER.,10072382,13:05:00,11,0,0,10,2025-01-03T00:00:00.000Z,-43.332369450000,-21.762522520000,"Rua Olga Burnier, 361"
412,PARQUE BURNIER.,10072309,13:05:00,5,0,1,3,2025-01-03T00:00:00.000Z,-43.327273730000,-21.763967940000,"Rua José Teodoro dos Santos, 28"
412,PARQUE BURNIER.,10073583,13:05:00,9,0,0,10,2025-01-03T00:00:00.000Z,-43.330207820000,-21.763072230000,"Rua Adelaide Campos de Resende, 1070"
412,PARQUE BURNIER.,10074194,13:05:00,16,3,2,10,2025-01-03T00:00:00.000Z,-43.342338620000,-21.760505960000,"Rua Ângelo Falci, 55"
412,PARQUE BURNIER.,10072335,13:05:00,12,0,0,10,2025-01-03T00:00:00.000Z,-43.333453420000,-21.761562350000,"Rua Olga Burnier, 233"
412,PARQUE BURNIER.,10073584,13:05:00,8,6,0,10,2025-01-03T00:00:00.000Z,-43.329363350000,-21.763255450000,"Rua Adelaide Campos de Resende, 984"
412,PARQUE BURNIER.,10072332,13:05:00,14,0,0,10,2025-01-03T00:00:00.000Z,-43.335533860000,-21.760131640000,"Rua São Geraldo, 89"
412,PARQUE BURNIER.,10071108,13:05:00,17,0,3,7,2025-01-03T00:00:00.000Z,-43.349331860000,-21.758144610000,"Avenida Getúlio Vargas, 835"
412,PARQUE BURNIER.,10073589,13:05:00,4,1,0,4,2025-01-03T00:00:00.000Z,-43.326568960000,-21.763629600000,"Rua Adelaide Campos de Resende, 706"
412,PARQUE BURNIER.,10072386,13:05:00,7,0,0,4,2025-01-03T00:00:00.000Z,-43.328850270000,-21.762325320000,"Rua José Teodoro dos Santos, 292"
412,PARQUE BURNIER.,10072358,13:05:00,1,0,0,0,2025-01-03T00:00:00.000Z,-43.328687310000,-21.761675740000,"Rua Natalino José de Paula, 112 - Ponto Final do Parque Burnier"
412,PARQUE BURNIER.,10072302,14:00:00,15,1,1,15,2025-01-03T00:00:00.000Z,-43.338029500000,-21.760323850000,"Avenida Sete de Setembro, 623"
412,PARQUE BURNIER.,10072384,14:00:00,6,0,0,10,2025-01-03T00:00:00.000Z,-43.327999480000,-21.763301540000,"Rua José Teodoro dos Santos, 126"
412,PARQUE BURNIER.,10072358,14:00:00,1,0,0,0,2025-01-03T00:00:00.000Z,-43.328687310000,-21.761675740000,"Rua Natalino José de Paula, 112 - Ponto Final do Parque Burnier"
412,PARQUE BURNIER.,10073584,14:00:00,8,2,0,15,2025-01-03T00:00:00.000Z,-43.329363350000,-21.763255450000,"Rua Adelaide Campos de Resende, 984"
412,PARQUE BURNIER.,10073589,14:00:00,4,2,0,9,2025-01-03T00:00:00.000Z,-43.326568960000,-21.763629600000,"Rua Adelaide Campos de Resende, 706"
412,PARQUE BURNIER.,10072332,14:00:00,14,0,0,15,2025-01-03T00:00:00.000Z,-43.335533860000,-21.760131640000,"Rua São Geraldo, 89"
412,PARQUE BURNIER.,10074194,14:00:00,16,16,4,27,2025-01-03T00:00:00.000Z,-43.342338620000,-21.760505960000,"Rua Ângelo Falci, 55"
412,PARQUE BURNIER.,10072386,14:00:00,7,3,0,13,2025-01-03T00:00:00.000Z,-43.328850270000,-21.762325320000,"Rua José Teodoro dos Santos, 292"
412,PARQUE BURNIER.,10072363,14:00:00,2,3,0,3,2025-01-03T00:00:00.000Z,-43.327885630000,-21.762179390000,"Rua Natalino José de Paula, 288"
412,PARQUE BURNIER.,10072309,14:00:00,5,1,0,10,2025-01-03T00:00:00.000Z,-43.327273730000,-21.763967940000,"Rua José Teodoro dos Santos, 28"
412,PARQUE BURNIER.,10072362,14:00:00,3,4,0,7,2025-01-03T00:00:00.000Z,-43.327527760000,-21.762798310000,"Rua Natalino José de Paula, 310"
412,PARQUE BURNIER.,10073583,14:00:00,9,0,0,15,2025-01-03T00:00:00.000Z,-43.330207820000,-21.763072230000,"Rua Adelaide Campos de Resende, 1070"
412,PARQUE BURNIER.,10072335,14:00:00,12,1,1,15,2025-01-03T00:00:00.000Z,-43.333453420000,-21.761562350000,"Rua Olga Burnier, 233"
412,PARQUE BURNIER.,10072337,14:00:00,13,0,0,15,2025-01-03T00:00:00.000Z,-43.334540130000,-21.760522960000,"Rua Olga Burnier, 67"
412,PARQUE BURNIER.,10072382,14:00:00,11,0,0,15,2025-01-03T00:00:00.000Z,-43.332369450000,-21.762522520000,"Rua Olga Burnier, 361"
412,PARQUE BURNIER.,10072380,14:00:00,10,0,0,15,2025-01-03T00:00:00.000Z,-43.331466790000,-21.763337580000,"Rua Olga Burnier, 485"
412,PARQUE BURNIER.,10071108,14:00:00,17,0,24,3,2025-01-03T00:00:00.000Z,-43.349331860000,-21.758144610000,"Avenida Getúlio Vargas, 835"
412,PARQUE BURNIER.,10072375,14:20:00,16,0,1,6,2025-01-03T00:00:00.000Z,-43.327420830000,-21.762727850000,"Rua Natalino José de Paula, 319"
412,PARQUE BURNIER.,10073561,14:20:00,7,0,1,6,2025-01-03T00:00:00.000Z,-43.331552510000,-21.763418910000,"Rua Olga Burnier, 480"
412,PARQUE BURNIER.,10072328,14:20:00,13,0,0,7,2025-01-03T00:00:00.000Z,-43.326450350000,-21.763683320000,"Rua Adelaide Campos de Resende, 669"
412,PARQUE BURNIER.,10071108,14:20:00,1,10,0,10,2025-01-03T00:00:00.000Z,-43.349331860000,-21.758144610000,"Avenida Getúlio Vargas, 835"
412,PARQUE BURNIER.,10072377,14:20:00,12,0,0,7,2025-01-03T00:00:00.000Z,-43.327321890000,-21.764062650000,"Rua José Teodoro dos Santos, 25"
412,PARQUE BURNIER.,10071503,14:20:00,15,1,1,7,2025-01-03T00:00:00.000Z,-43.326207040000,-21.762717810000,"Rua Natalino José de Paula, 421"
412,PARQUE BURNIER.,10072301,14:20:00,8,0,0,6,2025-01-03T00:00:00.000Z,-43.330138330000,-21.763252970000,"Rua Adelaide Campos de Resende, 1061"
412,PARQUE BURNIER.,10072316,14:20:00,11,0,0,7,2025-01-03T00:00:00.000Z,-43.328204750000,-21.763332370000,"Rua José Teodoro dos Santos, 145"
412,PARQUE BURNIER.,10073560,14:20:00,5,0,0,7,2025-01-03T00:00:00.000Z,-43.333589670000,-21.761652280000,"Rua Olga Burnier, 230"
412,PARQUE BURNIER.,10072313,14:20:00,10,1,0,7,2025-01-03T00:00:00.000Z,-43.328846690000,-21.762504770000,"Rua José Teodoro dos Santos, 275"
412,PARQUE BURNIER.,10073558,14:20:00,4,0,3,7,2025-01-03T00:00:00.000Z,-43.334645750000,-21.760669710000,"Rua Olga Burnier, 70"
412,PARQUE BURNIER.,10072305,14:20:00,2,0,0,10,2025-01-03T00:00:00.000Z,-43.337478970000,-21.760922950000,"Rua Djalma de Carvalho, 37"
412,PARQUE BURNIER.,10072358,14:20:00,18,0,0,8,2025-01-03T00:00:00.000Z,-43.328687310000,-21.761675740000,"Rua Natalino José de Paula, 112 - Ponto Final do Parque Burnier"
412,PARQUE BURNIER.,10072356,14:20:00,17,2,0,8,2025-01-03T00:00:00.000Z,-43.327793950000,-21.762107030000,"Rua Natalino José de Paula, 271"
412,PARQUE BURNIER.,10072359,14:20:00,14,0,0,7,2025-01-03T00:00:00.000Z,-43.326282500000,-21.763143540000,"Rua Adelaide Campos de Resende, 651"
412,PARQUE BURNIER.,10072296,14:20:00,9,0,0,6,2025-01-03T00:00:00.000Z,-43.329374790000,-21.763440430000,"Rua Adelaide Campos de Resende, 975"
412,PARQUE BURNIER.,10073557,14:20:00,6,0,0,7,2025-01-03T00:00:00.000Z,-43.332479840000,-21.762640710000,"Rua Olga Burnier, 356"
412,PARQUE BURNIER.,10073552,14:20:00,3,0,0,10,2025-01-03T00:00:00.000Z,-43.335479020000,-21.760313550000,"Rua São Geraldo, 84"
412,PARQUE BURNIER.,10073589,14:55:00,4,2,0,3,2025-01-03T00:00:00.000Z,-43.326568960000,-21.763629600000,"Rua Adelaide Campos de Resende, 706"
412,PARQUE BURNIER.,10072386,14:55:00,7,1,0,4,2025-01-03T00:00:00.000Z,-43.328850270000,-21.762325320000,"Rua José Teodoro dos Santos, 292"
412,PARQUE BURNIER.,10072302,14:55:00,15,4,0,13,2025-01-03T00:00:00.000Z,-43.338029500000,-21.760323850000,"Avenida Sete de Setembro, 623"
412,PARQUE BURNIER.,10072335,14:55:00,12,0,1,9,2025-01-03T00:00:00.000Z,-43.333453420000,-21.761562350000,"Rua Olga Burnier, 233"
412,PARQUE BURNIER.,10073583,14:55:00,9,2,1,10,2025-01-03T00:00:00.000Z,-43.330207820000,-21.763072230000,"Rua Adelaide Campos de Resende, 1070"
412,PARQUE BURNIER.,10072309,14:55:00,5,0,0,3,2025-01-03T00:00:00.000Z,-43.327273730000,-21.763967940000,"Rua José Teodoro dos Santos, 28"
412,PARQUE BURNIER.,10072380,14:55:00,10,0,0,10,2025-01-03T00:00:00.000Z,-43.331466790000,-21.763337580000,"Rua Olga Burnier, 485"
412,PARQUE BURNIER.,10074194,14:55:00,16,9,1,21,2025-01-03T00:00:00.000Z,-43.342338620000,-21.760505960000,"Rua Ângelo Falci, 55"
412,PARQUE BURNIER.,10072363,14:55:00,2,0,0,0,2025-01-03T00:00:00.000Z,-43.327885630000,-21.762179390000,"Rua Natalino José de Paula, 288"
412,PARQUE BURNIER.,10071108,14:55:00,17,0,21,0,2025-01-03T00:00:00.000Z,-43.349331860000,-21.758144610000,"Avenida Getúlio Vargas, 835"
412,PARQUE BURNIER.,10072382,14:55:00,11,0,0,10,2025-01-03T00:00:00.000Z,-43.332369450000,-21.762522520000,"Rua Olga Burnier, 361"
412,PARQUE BURNIER.,10073584,14:55:00,8,5,0,9,2025-01-03T00:00:00.000Z,-43.329363350000,-21.763255450000,"Rua Adelaide Campos de Resende, 984"
412,PARQUE BURNIER.,10072332,14:55:00,14,0,0,9,2025-01-03T00:00:00.000Z,-43.335533860000,-21.760131640000,"Rua São Geraldo, 89"
412,PARQUE BURNIER.,10072337,14:55:00,13,0,0,9,2025-01-03T00:00:00.000Z,-43.334540130000,-21.760522960000,"Rua Olga Burnier, 67"
412,PARQUE BURNIER.,10072384,14:55:00,6,0,0,3,2025-01-03T00:00:00.000Z,-43.327999480000,-21.763301540000,"Rua José Teodoro dos Santos, 126"
412,PARQUE BURNIER.,10072362,14:55:00,3,1,0,1,2025-01-03T00:00:00.000Z,-43.327527760000,-21.762798310000,"Rua Natalino José de Paula, 310"
412,PARQUE BURNIER.,10072358,14:55:00,1,0,0,0,2025-01-03T00:00:00.000Z,-43.328687310000,-21.761675740000,"Rua Natalino José de Paula, 112 - Ponto Final do Parque Burnier"
412,PARQUE BURNIER.,10073561,15:15:00,7,0,0,12,2025-01-03T00:00:00.000Z,-43.331552510000,-21.763418910000,"Rua Olga Burnier, 480"
412,PARQUE BURNIER.,10073552,15:15:00,3,0,0,12,2025-01-03T00:00:00.000Z,-43.335479020000,-21.760313550000,"Rua São Geraldo, 84"
412,PARQUE BURNIER.,10071503,15:15:00,15,0,1,11,2025-01-03T00:00:00.000Z,-43.326207040000,-21.762717810000,"Rua Natalino José de Paula, 421"
412,PARQUE BURNIER.,10073557,15:15:00,6,0,0,12,2025-01-03T00:00:00.000Z,-43.332479840000,-21.762640710000,"Rua Olga Burnier, 356"
412,PARQUE BURNIER.,10073560,15:15:00,5,0,0,12,2025-01-03T00:00:00.000Z,-43.333589670000,-21.761652280000,"Rua Olga Burnier, 230"
412,PARQUE BURNIER.,10073558,15:15:00,4,0,0,12,2025-01-03T00:00:00.000Z,-43.334645750000,-21.760669710000,"Rua Olga Burnier, 70"
412,PARQUE BURNIER.,10072375,15:15:00,16,0,2,9,2025-01-03T00:00:00.000Z,-43.327420830000,-21.762727850000,"Rua Natalino José de Paula, 319"
412,PARQUE BURNIER.,10072305,15:15:00,2,0,2,12,2025-01-03T00:00:00.000Z,-43.337478970000,-21.760922950000,"Rua Djalma de Carvalho, 37"
412,PARQUE BURNIER.,10072358,15:15:00,18,2,0,12,2025-01-03T00:00:00.000Z,-43.328687310000,-21.761675740000,"Rua Natalino José de Paula, 112 - Ponto Final do Parque Burnier"
412,PARQUE BURNIER.,10072377,15:15:00,12,0,1,11,2025-01-03T00:00:00.000Z,-43.327321890000,-21.764062650000,"Rua José Teodoro dos Santos, 25"
412,PARQUE BURNIER.,10072313,15:15:00,10,0,0,12,2025-01-03T00:00:00.000Z,-43.328846690000,-21.762504770000,"Rua José Teodoro dos Santos, 275"
412,PARQUE BURNIER.,10072301,15:15:00,8,0,0,12,2025-01-03T00:00:00.000Z,-43.330138330000,-21.763252970000,"Rua Adelaide Campos de Resende, 1061"
412,PARQUE BURNIER.,10072316,15:15:00,11,0,0,12,2025-01-03T00:00:00.000Z,-43.328204750000,-21.763332370000,"Rua José Teodoro dos Santos, 145"
412,PARQUE BURNIER.,10072328,15:15:00,13,1,0,12,2025-01-03T00:00:00.000Z,-43.326450350000,-21.763683320000,"Rua Adelaide Campos de Resende, 669"
412,PARQUE BURNIER.,10072359,15:15:00,14,0,0,12,2025-01-03T00:00:00.000Z,-43.326282500000,-21.763143540000,"Rua Adelaide Campos de Resende, 651"
412,PARQUE BURNIER.,10072356,15:15:00,17,1,0,10,2025-01-03T00:00:00.000Z,-43.327793950000,-21.762107030000,"Rua Natalino José de Paula, 271"
412,PARQUE BURNIER.,10072296,15:15:00,9,0,0,12,2025-01-03T00:00:00.000Z,-43.329374790000,-21.763440430000,"Rua Adelaide Campos de Resende, 975"
412,PARQUE BURNIER.,10071108,15:15:00,1,14,0,14,2025-01-03T00:00:00.000Z,-43.349331860000,-21.758144610000,"Avenida Getúlio Vargas, 835"
412,PARQUE BURNIER.,10072362,15:50:00,3,0,0,2,2025-01-03T00:00:00.000Z,-43.327527760000,-21.762798310000,"Rua Natalino José de Paula, 310"
412,PARQUE BURNIER.,10073583,15:50:00,9,0,0,8,2025-01-03T00:00:00.000Z,-43.330207820000,-21.763072230000,"Rua Adelaide Campos de Resende, 1070"
412,PARQUE BURNIER.,10071108,15:50:00,17,0,11,5,2025-01-03T00:00:00.000Z,-43.349331860000,-21.758144610000,"Avenida Getúlio Vargas, 835"
412,PARQUE BURNIER.,10072309,15:50:00,5,0,0,4,2025-01-03T00:00:00.000Z,-43.327273730000,-21.763967940000,"Rua José Teodoro dos Santos, 28"
412,PARQUE BURNIER.,10074194,15:50:00,16,9,0,16,2025-01-03T00:00:00.000Z,-43.342338620000,-21.760505960000,"Rua Ângelo Falci, 55"
412,PARQUE BURNIER.,10072337,15:50:00,13,0,0,7,2025-01-03T00:00:00.000Z,-43.334540130000,-21.760522960000,"Rua Olga Burnier, 67"
412,PARQUE BURNIER.,10072380,15:50:00,10,0,1,7,2025-01-03T00:00:00.000Z,-43.331466790000,-21.763337580000,"Rua Olga Burnier, 485"
412,PARQUE BURNIER.,10073584,15:50:00,8,0,0,8,2025-01-03T00:00:00.000Z,-43.329363350000,-21.763255450000,"Rua Adelaide Campos de Resende, 984"
412,PARQUE BURNIER.,10072384,15:50:00,6,0,0,4,2025-01-03T00:00:00.000Z,-43.327999480000,-21.763301540000,"Rua José Teodoro dos Santos, 126"
412,PARQUE BURNIER.,10072363,15:50:00,2,2,0,2,2025-01-03T00:00:00.000Z,-43.327885630000,-21.762179390000,"Rua Natalino José de Paula, 288"
412,PARQUE BURNIER.,10072335,15:50:00,12,0,0,7,2025-01-03T00:00:00.000Z,-43.333453420000,-21.761562350000,"Rua Olga Burnier, 233"
412,PARQUE BURNIER.,10072386,15:50:00,7,4,0,8,2025-01-03T00:00:00.000Z,-43.328850270000,-21.762325320000,"Rua José Teodoro dos Santos, 292"
412,PARQUE BURNIER.,10072332,15:50:00,14,0,0,7,2025-01-03T00:00:00.000Z,-43.335533860000,-21.760131640000,"Rua São Geraldo, 89"
412,PARQUE BURNIER.,10073589,15:50:00,4,3,1,4,2025-01-03T00:00:00.000Z,-43.326568960000,-21.763629600000,"Rua Adelaide Campos de Resende, 706"
412,PARQUE BURNIER.,10072302,15:50:00,15,1,1,7,2025-01-03T00:00:00.000Z,-43.338029500000,-21.760323850000,"Avenida Sete de Setembro, 623"
412,PARQUE BURNIER.,10072358,15:50:00,1,0,0,0,2025-01-03T00:00:00.000Z,-43.328687310000,-21.761675740000,"Rua Natalino José de Paula, 112 - Ponto Final do Parque Burnier"
412,PARQUE BURNIER.,10072382,15:50:00,11,0,0,7,2025-01-03T00:00:00.000Z,-43.332369450000,-21.762522520000,"Rua Olga Burnier, 361"
412,PARQUE BURNIER.,10072301,16:10:00,8,0,1,24,2025-01-03T00:00:00.000Z,-43.330138330000,-21.763252970000,"Rua Adelaide Campos de Resende, 1061"
412,PARQUE BURNIER.,10072316,16:10:00,11,0,0,20,2025-01-03T00:00:00.000Z,-43.328204750000,-21.763332370000,"Rua José Teodoro dos Santos, 145"
412,PARQUE BURNIER.,10073552,16:10:00,3,0,0,26,2025-01-03T00:00:00.000Z,-43.335479020000,-21.760313550000,"Rua São Geraldo, 84"
412,PARQUE BURNIER.,10072375,16:10:00,16,0,4,9,2025-01-03T00:00:00.000Z,-43.327420830000,-21.762727850000,"Rua Natalino José de Paula, 319"
412,PARQUE BURNIER.,10072313,16:10:00,10,0,3,20,2025-01-03T00:00:00.000Z,-43.328846690000,-21.762504770000,"Rua José Teodoro dos Santos, 275"
412,PARQUE BURNIER.,10072356,16:10:00,17,0,3,6,2025-01-03T00:00:00.000Z,-43.327793950000,-21.762107030000,"Rua Natalino José de Paula, 271"
412,PARQUE BURNIER.,10073561,16:10:00,7,0,0,25,2025-01-03T00:00:00.000Z,-43.331552510000,-21.763418910000,"Rua Olga Burnier, 480"
412,PARQUE BURNIER.,10073560,16:10:00,5,0,1,25,2025-01-03T00:00:00.000Z,-43.333589670000,-21.761652280000,"Rua Olga Burnier, 230"
412,PARQUE BURNIER.,10072358,16:10:00,18,3,0,9,2025-01-03T00:00:00.000Z,-43.328687310000,-21.761675740000,"Rua Natalino José de Paula, 112 - Ponto Final do Parque Burnier"
412,PARQUE BURNIER.,10072377,16:10:00,12,0,1,19,2025-01-03T00:00:00.000Z,-43.327321890000,-21.764062650000,"Rua José Teodoro dos Santos, 25"
412,PARQUE BURNIER.,10071108,16:10:00,1,25,0,25,2025-01-03T00:00:00.000Z,-43.349331860000,-21.758144610000,"Avenida Getúlio Vargas, 835"
412,PARQUE BURNIER.,10072328,16:10:00,13,0,2,17,2025-01-03T00:00:00.000Z,-43.326450350000,-21.763683320000,"Rua Adelaide Campos de Resende, 669"
412,PARQUE BURNIER.,10072296,16:10:00,9,0,1,23,2025-01-03T00:00:00.000Z,-43.329374790000,-21.763440430000,"Rua Adelaide Campos de Resende, 975"
412,PARQUE BURNIER.,10071503,16:10:00,15,0,2,13,2025-01-03T00:00:00.000Z,-43.326207040000,-21.762717810000,"Rua Natalino José de Paula, 421"
412,PARQUE BURNIER.,10073557,16:10:00,6,0,0,25,2025-01-03T00:00:00.000Z,-43.332479840000,-21.762640710000,"Rua Olga Burnier, 356"
412,PARQUE BURNIER.,10073558,16:10:00,4,0,0,26,2025-01-03T00:00:00.000Z,-43.334645750000,-21.760669710000,"Rua Olga Burnier, 70"
412,PARQUE BURNIER.,10072305,16:10:00,2,2,1,26,2025-01-03T00:00:00.000Z,-43.337478970000,-21.760922950000,"Rua Djalma de Carvalho, 37"
412,PARQUE BURNIER.,10072359,16:10:00,14,0,2,15,2025-01-03T00:00:00.000Z,-43.326282500000,-21.763143540000,"Rua Adelaide Campos de Resende, 651"
412,PARQUE BURNIER.,10072362,16:45:00,3,2,0,2,2025-01-03T00:00:00.000Z,-43.327527760000,-21.762798310000,"Rua Natalino José de Paula, 310"
412,PARQUE BURNIER.,10071108,16:45:00,17,0,12,3,2025-01-03T00:00:00.000Z,-43.349331860000,-21.758144610000,"Avenida Getúlio Vargas, 835"
412,PARQUE BURNIER.,10073584,16:45:00,8,0,0,2,2025-01-03T00:00:00.000Z,-43.329363350000,-21.763255450000,"Rua Adelaide Campos de Resende, 984"
412,PARQUE BURNIER.,10072382,16:45:00,11,0,0,1,2025-01-03T00:00:00.000Z,-43.332369450000,-21.762522520000,"Rua Olga Burnier, 361"
412,PARQUE BURNIER.,10072386,16:45:00,7,0,0,2,2025-01-03T00:00:00.000Z,-43.328850270000,-21.762325320000,"Rua José Teodoro dos Santos, 292"
412,PARQUE BURNIER.,10074194,16:45:00,16,13,0,15,2025-01-03T00:00:00.000Z,-43.342338620000,-21.760505960000,"Rua Ângelo Falci, 55"
412,PARQUE BURNIER.,10073589,16:45:00,4,0,1,1,2025-01-03T00:00:00.000Z,-43.326568960000,-21.763629600000,"Rua Adelaide Campos de Resende, 706"
412,PARQUE BURNIER.,10072380,16:45:00,10,0,1,1,2025-01-03T00:00:00.000Z,-43.331466790000,-21.763337580000,"Rua Olga Burnier, 485"
412,PARQUE BURNIER.,10072384,16:45:00,6,0,0,2,2025-01-03T00:00:00.000Z,-43.327999480000,-21.763301540000,"Rua José Teodoro dos Santos, 126"
412,PARQUE BURNIER.,10072337,16:45:00,13,0,0,1,2025-01-03T00:00:00.000Z,-43.334540130000,-21.760522960000,"Rua Olga Burnier, 67"
412,PARQUE BURNIER.,10072309,16:45:00,5,1,0,2,2025-01-03T00:00:00.000Z,-43.327273730000,-21.763967940000,"Rua José Teodoro dos Santos, 28"
412,PARQUE BURNIER.,10072302,16:45:00,15,2,1,2,2025-01-03T00:00:00.000Z,-43.338029500000,-21.760323850000,"Avenida Sete de Setembro, 623"
412,PARQUE BURNIER.,10072332,16:45:00,14,0,0,1,2025-01-03T00:00:00.000Z,-43.335533860000,-21.760131640000,"Rua São Geraldo, 89"
412,PARQUE BURNIER.,10073583,16:45:00,9,0,0,2,2025-01-03T00:00:00.000Z,-43.330207820000,-21.763072230000,"Rua Adelaide Campos de Resende, 1070"
412,PARQUE BURNIER.,10072335,16:45:00,12,0,0,1,2025-01-03T00:00:00.000Z,-43.333453420000,-21.761562350000,"Rua Olga Burnier, 233"
412,PARQUE BURNIER.,10072358,16:45:00,1,0,0,0,2025-01-03T00:00:00.000Z,-43.328687310000,-21.761675740000,"Rua Natalino José de Paula, 112 - Ponto Final do Parque Burnier"
412,PARQUE BURNIER.,10072363,16:45:00,2,0,0,0,2025-01-03T00:00:00.000Z,-43.327885630000,-21.762179390000,"Rua Natalino José de Paula, 288"
412,PARQUE BURNIER.,10072359,17:05:00,14,0,0,0,2025-01-03T00:00:00.000Z,-43.326282500000,-21.763143540000,"Rua Adelaide Campos de Resende, 651"
412,PARQUE BURNIER.,10073552,17:05:00,3,1,0,13,2025-01-03T00:00:00.000Z,-43.335479020000,-21.760313550000,"Rua São Geraldo, 84"
412,PARQUE BURNIER.,10073557,17:05:00,6,0,0,13,2025-01-03T00:00:00.000Z,-43.332479840000,-21.762640710000,"Rua Olga Burnier, 356"
412,PARQUE BURNIER.,10072356,17:05:00,17,1,0,1,2025-01-03T00:00:00.000Z,-43.327793950000,-21.762107030000,"Rua Natalino José de Paula, 271"
412,PARQUE BURNIER.,10073558,17:05:00,4,0,0,13,2025-01-03T00:00:00.000Z,-43.334645750000,-21.760669710000,"Rua Olga Burnier, 70"
412,PARQUE BURNIER.,10072305,17:05:00,2,0,1,12,2025-01-03T00:00:00.000Z,-43.337478970000,-21.760922950000,"Rua Djalma de Carvalho, 37"
412,PARQUE BURNIER.,10072301,17:05:00,8,1,0,14,2025-01-03T00:00:00.000Z,-43.330138330000,-21.763252970000,"Rua Adelaide Campos de Resende, 1061"
412,PARQUE BURNIER.,10072316,17:05:00,11,0,3,8,2025-01-03T00:00:00.000Z,-43.328204750000,-21.763332370000,"Rua José Teodoro dos Santos, 145"
412,PARQUE BURNIER.,10073560,17:05:00,5,1,1,13,2025-01-03T00:00:00.000Z,-43.333589670000,-21.761652280000,"Rua Olga Burnier, 230"
412,PARQUE BURNIER.,10072328,17:05:00,13,0,5,0,2025-01-03T00:00:00.000Z,-43.326450350000,-21.763683320000,"Rua Adelaide Campos de Resende, 669"
412,PARQUE BURNIER.,10072296,17:05:00,9,0,3,11,2025-01-03T00:00:00.000Z,-43.329374790000,-21.763440430000,"Rua Adelaide Campos de Resende, 975"
412,PARQUE BURNIER.,10071503,17:05:00,15,0,0,0,2025-01-03T00:00:00.000Z,-43.326207040000,-21.762717810000,"Rua Natalino José de Paula, 421"
412,PARQUE BURNIER.,10071108,17:05:00,1,13,0,13,2025-01-03T00:00:00.000Z,-43.349331860000,-21.758144610000,"Avenida Getúlio Vargas, 835"
412,PARQUE BURNIER.,10073561,17:05:00,7,0,0,13,2025-01-03T00:00:00.000Z,-43.331552510000,-21.763418910000,"Rua Olga Burnier, 480"
412,PARQUE BURNIER.,10072358,17:05:00,18,1,0,2,2025-01-03T00:00:00.000Z,-43.328687310000,-21.761675740000,"Rua Natalino José de Paula, 112 - Ponto Final do Parque Burnier"
412,PARQUE BURNIER.,10072313,17:05:00,10,0,0,11,2025-01-03T00:00:00.000Z,-43.328846690000,-21.762504770000,"Rua José Teodoro dos Santos, 275"
412,PARQUE BURNIER.,10072377,17:05:00,12,0,3,5,2025-01-03T00:00:00.000Z,-43.327321890000,-21.764062650000,"Rua José Teodoro dos Santos, 25"
412,PARQUE BURNIER.,10072375,17:05:00,16,0,0,0,2025-01-03T00:00:00.000Z,-43.327420830000,-21.762727850000,"Rua Natalino José de Paula, 319"
412,PARQUE BURNIER.,10072309,17:40:00,5,1,0,2,2025-01-03T00:00:00.000Z,-43.327273730000,-21.763967940000,"Rua José Teodoro dos Santos, 28"
412,PARQUE BURNIER.,10072380,17:40:00,10,0,1,5,2025-01-03T00:00:00.000Z,-43.331466790000,-21.763337580000,"Rua Olga Burnier, 485"
412,PARQUE BURNIER.,10072335,17:40:00,12,0,0,5,2025-01-03T00:00:00.000Z,-43.333453420000,-21.761562350000,"Rua Olga Burnier, 233"
412,PARQUE BURNIER.,10072384,17:40:00,6,1,0,3,2025-01-03T00:00:00.000Z,-43.327999480000,-21.763301540000,"Rua José Teodoro dos Santos, 126"
412,PARQUE BURNIER.,10074194,17:40:00,16,13,0,20,2025-01-03T00:00:00.000Z,-43.342338620000,-21.760505960000,"Rua Ângelo Falci, 55"
412,PARQUE BURNIER.,10073589,17:40:00,4,1,0,1,2025-01-03T00:00:00.000Z,-43.326568960000,-21.763629600000,"Rua Adelaide Campos de Resende, 706"
412,PARQUE BURNIER.,10072302,17:40:00,15,2,1,7,2025-01-03T00:00:00.000Z,-43.338029500000,-21.760323850000,"Avenida Sete de Setembro, 623"
412,PARQUE BURNIER.,10072358,17:40:00,1,0,0,0,2025-01-03T00:00:00.000Z,-43.328687310000,-21.761675740000,"Rua Natalino José de Paula, 112 - Ponto Final do Parque Burnier"
412,PARQUE BURNIER.,10072386,17:40:00,7,3,0,6,2025-01-03T00:00:00.000Z,-43.328850270000,-21.762325320000,"Rua José Teodoro dos Santos, 292"
412,PARQUE BURNIER.,10072337,17:40:00,13,0,0,5,2025-01-03T00:00:00.000Z,-43.334540130000,-21.760522960000,"Rua Olga Burnier, 67"
412,PARQUE BURNIER.,10072332,17:40:00,14,1,0,6,2025-01-03T00:00:00.000Z,-43.335533860000,-21.760131640000,"Rua São Geraldo, 89"
412,PARQUE BURNIER.,10072362,17:40:00,3,0,0,0,2025-01-03T00:00:00.000Z,-43.327527760000,-21.762798310000,"Rua Natalino José de Paula, 310"
412,PARQUE BURNIER.,10073583,17:40:00,9,0,0,6,2025-01-03T00:00:00.000Z,-43.330207820000,-21.763072230000,"Rua Adelaide Campos de Resende, 1070"
412,PARQUE BURNIER.,10072382,17:40:00,11,0,0,5,2025-01-03T00:00:00.000Z,-43.332369450000,-21.762522520000,"Rua Olga Burnier, 361"
412,PARQUE BURNIER.,10073584,17:40:00,8,0,0,6,2025-01-03T00:00:00.000Z,-43.329363350000,-21.763255450000,"Rua Adelaide Campos de Resende, 984"
412,PARQUE BURNIER.,10071108,17:40:00,17,0,11,9,2025-01-03T00:00:00.000Z,-43.349331860000,-21.758144610000,"Avenida Getúlio Vargas, 835"
412,PARQUE BURNIER.,10072363,17:40:00,2,0,0,0,2025-01-03T00:00:00.000Z,-43.327885630000,-21.762179390000,"Rua Natalino José de Paula, 288"
412,PARQUE BURNIER.,10073560,18:00:00,5,1,1,26,2025-01-03T00:00:00.000Z,-43.333589670000,-21.761652280000,"Rua Olga Burnier, 230"
412,PARQUE BURNIER.,10072328,18:00:00,13,0,2,19,2025-01-03T00:00:00.000Z,-43.326450350000,-21.763683320000,"Rua Adelaide Campos de Resende, 669"
412,PARQUE BURNIER.,10073561,18:00:00,7,0,0,26,2025-01-03T00:00:00.000Z,-43.331552510000,-21.763418910000,"Rua Olga Burnier, 480"
412,PARQUE BURNIER.,10072358,18:00:00,18,1,0,9,2025-01-03T00:00:00.000Z,-43.328687310000,-21.761675740000,"Rua Natalino José de Paula, 112 - Ponto Final do Parque Burnier"
412,PARQUE BURNIER.,10072313,18:00:00,10,0,3,22,2025-01-03T00:00:00.000Z,-43.328846690000,-21.762504770000,"Rua José Teodoro dos Santos, 275"
412,PARQUE BURNIER.,10073558,18:00:00,4,0,0,26,2025-01-03T00:00:00.000Z,-43.334645750000,-21.760669710000,"Rua Olga Burnier, 70"
412,PARQUE BURNIER.,10071108,18:00:00,1,27,0,27,2025-01-03T00:00:00.000Z,-43.349331860000,-21.758144610000,"Avenida Getúlio Vargas, 835"
412,PARQUE BURNIER.,10072359,18:00:00,14,0,2,17,2025-01-03T00:00:00.000Z,-43.326282500000,-21.763143540000,"Rua Adelaide Campos de Resende, 651"
412,PARQUE BURNIER.,10072377,18:00:00,12,0,1,21,2025-01-03T00:00:00.000Z,-43.327321890000,-21.764062650000,"Rua José Teodoro dos Santos, 25"
412,PARQUE BURNIER.,10071503,18:00:00,15,0,2,15,2025-01-03T00:00:00.000Z,-43.326207040000,-21.762717810000,"Rua Natalino José de Paula, 421"
412,PARQUE BURNIER.,10072356,18:00:00,17,0,3,8,2025-01-03T00:00:00.000Z,-43.327793950000,-21.762107030000,"Rua Natalino José de Paula, 271"
412,PARQUE BURNIER.,10072305,18:00:00,2,0,1,26,2025-01-03T00:00:00.000Z,-43.337478970000,-21.760922950000,"Rua Djalma de Carvalho, 37"
412,PARQUE BURNIER.,10072316,18:00:00,11,0,0,22,2025-01-03T00:00:00.000Z,-43.328204750000,-21.763332370000,"Rua José Teodoro dos Santos, 145"
412,PARQUE BURNIER.,10072301,18:00:00,8,0,0,26,2025-01-03T00:00:00.000Z,-43.330138330000,-21.763252970000,"Rua Adelaide Campos de Resende, 1061"
412,PARQUE BURNIER.,10073552,18:00:00,3,0,0,26,2025-01-03T00:00:00.000Z,-43.335479020000,-21.760313550000,"Rua São Geraldo, 84"
412,PARQUE BURNIER.,10073557,18:00:00,6,0,0,26,2025-01-03T00:00:00.000Z,-43.332479840000,-21.762640710000,"Rua Olga Burnier, 356"
412,PARQUE BURNIER.,10072296,18:00:00,9,0,1,25,2025-01-03T00:00:00.000Z,-43.329374790000,-21.763440430000,"Rua Adelaide Campos de Resende, 975"
412,PARQUE BURNIER.,10072375,18:00:00,16,0,4,11,2025-01-03T00:00:00.000Z,-43.327420830000,-21.762727850000,"Rua Natalino José de Paula, 319"
412,PARQUE BURNIER.,10072363,18:35:00,2,0,0,0,2025-01-03T00:00:00.000Z,-43.327885630000,-21.762179390000,"Rua Natalino José de Paula, 288"
412,PARQUE BURNIER.,10072362,18:35:00,3,3,0,3,2025-01-03T00:00:00.000Z,-43.327527760000,-21.762798310000,"Rua Natalino José de Paula, 310"
412,PARQUE BURNIER.,10071108,18:35:00,17,0,18,0,2025-01-03T00:00:00.000Z,-43.349331860000,-21.758144610000,"Avenida Getúlio Vargas, 835"
412,PARQUE BURNIER.,10072337,18:35:00,13,0,0,5,2025-01-03T00:00:00.000Z,-43.334540130000,-21.760522960000,"Rua Olga Burnier, 67"
412,PARQUE BURNIER.,10072382,18:35:00,11,0,0,5,2025-01-03T00:00:00.000Z,-43.332369450000,-21.762522520000,"Rua Olga Burnier, 361"
412,PARQUE BURNIER.,10072386,18:35:00,7,3,0,5,2025-01-03T00:00:00.000Z,-43.328850270000,-21.762325320000,"Rua José Teodoro dos Santos, 292"
412,PARQUE BURNIER.,10072302,18:35:00,15,3,1,5,2025-01-03T00:00:00.000Z,-43.338029500000,-21.760323850000,"Avenida Sete de Setembro, 623"
412,PARQUE BURNIER.,10073583,18:35:00,9,0,1,5,2025-01-03T00:00:00.000Z,-43.330207820000,-21.763072230000,"Rua Adelaide Campos de Resende, 1070"
412,PARQUE BURNIER.,10072380,18:35:00,10,0,0,5,2025-01-03T00:00:00.000Z,-43.331466790000,-21.763337580000,"Rua Olga Burnier, 485"
412,PARQUE BURNIER.,10073589,18:35:00,4,0,1,2,2025-01-03T00:00:00.000Z,-43.326568960000,-21.763629600000,"Rua Adelaide Campos de Resende, 706"
412,PARQUE BURNIER.,10072332,18:35:00,14,0,2,3,2025-01-03T00:00:00.000Z,-43.335533860000,-21.760131640000,"Rua São Geraldo, 89"
412,PARQUE BURNIER.,10072384,18:35:00,6,0,0,2,2025-01-03T00:00:00.000Z,-43.327999480000,-21.763301540000,"Rua José Teodoro dos Santos, 126"
412,PARQUE BURNIER.,10074194,18:35:00,16,13,0,18,2025-01-03T00:00:00.000Z,-43.342338620000,-21.760505960000,"Rua Ângelo Falci, 55"
412,PARQUE BURNIER.,10072309,18:35:00,5,0,0,2,2025-01-03T00:00:00.000Z,-43.327273730000,-21.763967940000,"Rua José Teodoro dos Santos, 28"
412,PARQUE BURNIER.,10073584,18:35:00,8,1,0,6,2025-01-03T00:00:00.000Z,-43.329363350000,-21.763255450000,"Rua Adelaide Campos de Resende, 984"
412,PARQUE BURNIER.,10072358,18:35:00,1,0,0,0,2025-01-03T00:00:00.000Z,-43.328687310000,-21.761675740000,"Rua Natalino José de Paula, 112 - Ponto Final do Parque Burnier"
412,PARQUE BURNIER.,10072335,18:35:00,12,0,0,5,2025-01-03T00:00:00.000Z,-43.333453420000,-21.761562350000,"Rua Olga Burnier, 233"
412,PARQUE BURNIER.,10072358,18:55:00,18,3,0,6,2025-01-03T00:00:00.000Z,-43.328687310000,-21.761675740000,"Rua Natalino José de Paula, 112 - Ponto Final do Parque Burnier"
412,PARQUE BURNIER.,10072377,18:55:00,12,0,0,3,2025-01-03T00:00:00.000Z,-43.327321890000,-21.764062650000,"Rua José Teodoro dos Santos, 25"
412,PARQUE BURNIER.,10072328,18:55:00,13,0,0,3,2025-01-03T00:00:00.000Z,-43.326450350000,-21.763683320000,"Rua Adelaide Campos de Resende, 669"
412,PARQUE BURNIER.,10073552,18:55:00,3,0,0,4,2025-01-03T00:00:00.000Z,-43.335479020000,-21.760313550000,"Rua São Geraldo, 84"
412,PARQUE BURNIER.,10071503,18:55:00,15,0,0,3,2025-01-03T00:00:00.000Z,-43.326207040000,-21.762717810000,"Rua Natalino José de Paula, 421"
412,PARQUE BURNIER.,10072356,18:55:00,17,0,0,3,2025-01-03T00:00:00.000Z,-43.327793950000,-21.762107030000,"Rua Natalino José de Paula, 271"
412,PARQUE BURNIER.,10072375,18:55:00,16,0,0,3,2025-01-03T00:00:00.000Z,-43.327420830000,-21.762727850000,"Rua Natalino José de Paula, 319"
412,PARQUE BURNIER.,10072359,18:55:00,14,0,0,3,2025-01-03T00:00:00.000Z,-43.326282500000,-21.763143540000,"Rua Adelaide Campos de Resende, 651"
412,PARQUE BURNIER.,10072316,18:55:00,11,0,0,3,2025-01-03T00:00:00.000Z,-43.328204750000,-21.763332370000,"Rua José Teodoro dos Santos, 145"
412,PARQUE BURNIER.,10072305,18:55:00,2,3,0,4,2025-01-03T00:00:00.000Z,-43.337478970000,-21.760922950000,"Rua Djalma de Carvalho, 37"
412,PARQUE BURNIER.,10071108,18:55:00,1,1,0,1,2025-01-03T00:00:00.000Z,-43.349331860000,-21.758144610000,"Avenida Getúlio Vargas, 835"
412,PARQUE BURNIER.,10072313,18:55:00,10,1,0,3,2025-01-03T00:00:00.000Z,-43.328846690000,-21.762504770000,"Rua José Teodoro dos Santos, 275"
412,PARQUE BURNIER.,10072296,18:55:00,9,0,0,2,2025-01-03T00:00:00.000Z,-43.329374790000,-21.763440430000,"Rua Adelaide Campos de Resende, 975"
412,PARQUE BURNIER.,10073561,18:55:00,7,0,0,4,2025-01-03T00:00:00.000Z,-43.331552510000,-21.763418910000,"Rua Olga Burnier, 480"
412,PARQUE BURNIER.,10073560,18:55:00,5,0,0,4,2025-01-03T00:00:00.000Z,-43.333589670000,-21.761652280000,"Rua Olga Burnier, 230"
412,PARQUE BURNIER.,10073557,18:55:00,6,0,0,4,2025-01-03T00:00:00.000Z,-43.332479840000,-21.762640710000,"Rua Olga Burnier, 356"
412,PARQUE BURNIER.,10072301,18:55:00,8,0,2,2,2025-01-03T00:00:00.000Z,-43.330138330000,-21.763252970000,"Rua Adelaide Campos de Resende, 1061"
412,PARQUE BURNIER.,10073558,18:55:00,4,0,0,4,2025-01-03T00:00:00.000Z,-43.334645750000,-21.760669710000,"Rua Olga Burnier, 70"
412,PARQUE BURNIER.,10072332,19:30:00,14,0,0,0,2025-01-03T00:00:00.000Z,-43.335533860000,-21.760131640000,"Rua São Geraldo, 89"
412,PARQUE BURNIER.,10074194,19:30:00,16,6,0,6,2025-01-03T00:00:00.000Z,-43.342338620000,-21.760505960000,"Rua Ângelo Falci, 55"
412,PARQUE BURNIER.,10072335,19:30:00,12,0,0,0,2025-01-03T00:00:00.000Z,-43.333453420000,-21.761562350000,"Rua Olga Burnier, 233"
412,PARQUE BURNIER.,10072382,19:30:00,11,0,0,0,2025-01-03T00:00:00.000Z,-43.332369450000,-21.762522520000,"Rua Olga Burnier, 361"
412,PARQUE BURNIER.,10073583,19:30:00,9,0,0,0,2025-01-03T00:00:00.000Z,-43.330207820000,-21.763072230000,"Rua Adelaide Campos de Resende, 1070"
412,PARQUE BURNIER.,10072386,19:30:00,7,0,0,0,2025-01-03T00:00:00.000Z,-43.328850270000,-21.762325320000,"Rua José Teodoro dos Santos, 292"
412,PARQUE BURNIER.,10072337,19:30:00,13,0,0,0,2025-01-03T00:00:00.000Z,-43.334540130000,-21.760522960000,"Rua Olga Burnier, 67"
412,PARQUE BURNIER.,10072384,19:30:00,6,0,0,0,2025-01-03T00:00:00.000Z,-43.327999480000,-21.763301540000,"Rua José Teodoro dos Santos, 126"
412,PARQUE BURNIER.,10073589,19:30:00,4,0,0,0,2025-01-03T00:00:00.000Z,-43.326568960000,-21.763629600000,"Rua Adelaide Campos de Resende, 706"
412,PARQUE BURNIER.,10072380,19:30:00,10,0,0,0,2025-01-03T00:00:00.000Z,-43.331466790000,-21.763337580000,"Rua Olga Burnier, 485"
412,PARQUE BURNIER.,10073584,19:30:00,8,0,0,0,2025-01-03T00:00:00.000Z,-43.329363350000,-21.763255450000,"Rua Adelaide Campos de Resende, 984"
412,PARQUE BURNIER.,10071108,19:30:00,17,0,5,1,2025-01-03T00:00:00.000Z,-43.349331860000,-21.758144610000,"Avenida Getúlio Vargas, 835"
412,PARQUE BURNIER.,10072362,19:30:00,3,0,0,0,2025-01-03T00:00:00.000Z,-43.327527760000,-21.762798310000,"Rua Natalino José de Paula, 310"
412,PARQUE BURNIER.,10072358,19:30:00,1,0,0,0,2025-01-03T00:00:00.000Z,-43.328687310000,-21.761675740000,"Rua Natalino José de Paula, 112 - Ponto Final do Parque Burnier"
412,PARQUE BURNIER.,10072363,19:30:00,2,0,0,0,2025-01-03T00:00:00.000Z,-43.327885630000,-21.762179390000,"Rua Natalino José de Paula, 288"
412,PARQUE BURNIER.,10072309,19:30:00,5,0,0,0,2025-01-03T00:00:00.000Z,-43.327273730000,-21.763967940000,"Rua José Teodoro dos Santos, 28"
412,PARQUE BURNIER.,10072302,19:30:00,15,0,0,0,2025-01-03T00:00:00.000Z,-43.338029500000,-21.760323850000,"Avenida Sete de Setembro, 623"
412,PARQUE BURNIER.,10072377,19:50:00,12,0,1,12,2025-01-03T00:00:00.000Z,-43.327321890000,-21.764062650000,"Rua José Teodoro dos Santos, 25"
412,PARQUE BURNIER.,10072301,19:50:00,8,0,0,14,2025-01-03T00:00:00.000Z,-43.330138330000,-21.763252970000,"Rua Adelaide Campos de Resende, 1061"
412,PARQUE BURNIER.,10072328,19:50:00,13,0,0,12,2025-01-03T00:00:00.000Z,-43.326450350000,-21.763683320000,"Rua Adelaide Campos de Resende, 669"
412,PARQUE BURNIER.,10072305,19:50:00,2,3,2,14,2025-01-03T00:00:00.000Z,-43.337478970000,-21.760922950000,"Rua Djalma de Carvalho, 37"
412,PARQUE BURNIER.,10072316,19:50:00,11,0,0,13,2025-01-03T00:00:00.000Z,-43.328204750000,-21.763332370000,"Rua José Teodoro dos Santos, 145"
412,PARQUE BURNIER.,10073560,19:50:00,5,0,0,14,2025-01-03T00:00:00.000Z,-43.333589670000,-21.761652280000,"Rua Olga Burnier, 230"
412,PARQUE BURNIER.,10073557,19:50:00,6,0,0,14,2025-01-03T00:00:00.000Z,-43.332479840000,-21.762640710000,"Rua Olga Burnier, 356"
412,PARQUE BURNIER.,10072359,19:50:00,14,0,0,12,2025-01-03T00:00:00.000Z,-43.326282500000,-21.763143540000,"Rua Adelaide Campos de Resende, 651"
412,PARQUE BURNIER.,10071108,19:50:00,1,13,0,13,2025-01-03T00:00:00.000Z,-43.349331860000,-21.758144610000,"Avenida Getúlio Vargas, 835"
412,PARQUE BURNIER.,10072296,19:50:00,9,0,1,13,2025-01-03T00:00:00.000Z,-43.329374790000,-21.763440430000,"Rua Adelaide Campos de Resende, 975"
412,PARQUE BURNIER.,10072375,19:50:00,16,0,2,8,2025-01-03T00:00:00.000Z,-43.327420830000,-21.762727850000,"Rua Natalino José de Paula, 319"
412,PARQUE BURNIER.,10072356,19:50:00,17,0,0,8,2025-01-03T00:00:00.000Z,-43.327793950000,-21.762107030000,"Rua Natalino José de Paula, 271"
412,PARQUE BURNIER.,10071503,19:50:00,15,0,2,10,2025-01-03T00:00:00.000Z,-43.326207040000,-21.762717810000,"Rua Natalino José de Paula, 421"
412,PARQUE BURNIER.,10073552,19:50:00,3,0,0,14,2025-01-03T00:00:00.000Z,-43.335479020000,-21.760313550000,"Rua São Geraldo, 84"
412,PARQUE BURNIER.,10073558,19:50:00,4,0,0,14,2025-01-03T00:00:00.000Z,-43.334645750000,-21.760669710000,"Rua Olga Burnier, 70"
412,PARQUE BURNIER.,10072313,19:50:00,10,0,0,13,2025-01-03T00:00:00.000Z,-43.328846690000,-21.762504770000,"Rua José Teodoro dos Santos, 275"
412,PARQUE BURNIER.,10073561,19:50:00,7,0,0,14,2025-01-03T00:00:00.000Z,-43.331552510000,-21.763418910000,"Rua Olga Burnier, 480"
412,PARQUE BURNIER.,10072358,19:50:00,18,0,0,8,2025-01-03T00:00:00.000Z,-43.328687310000,-21.761675740000,"Rua Natalino José de Paula, 112 - Ponto Final do Parque Burnier"
412,PARQUE BURNIER.,10072337,20:25:00,13,3,0,5,2025-01-03T00:00:00.000Z,-43.334540130000,-21.760522960000,"Rua Olga Burnier, 67"
412,PARQUE BURNIER.,10072382,20:25:00,11,0,0,2,2025-01-03T00:00:00.000Z,-43.332369450000,-21.762522520000,"Rua Olga Burnier, 361"
412,PARQUE BURNIER.,10073583,20:25:00,9,0,0,1,2025-01-03T00:00:00.000Z,-43.330207820000,-21.763072230000,"Rua Adelaide Campos de Resende, 1070"
412,PARQUE BURNIER.,10072386,20:25:00,7,0,0,1,2025-01-03T00:00:00.000Z,-43.328850270000,-21.762325320000,"Rua José Teodoro dos Santos, 292"
412,PARQUE BURNIER.,10072302,20:25:00,15,0,0,5,2025-01-03T00:00:00.000Z,-43.338029500000,-21.760323850000,"Avenida Sete de Setembro, 623"
412,PARQUE BURNIER.,10074194,20:25:00,16,9,0,14,2025-01-03T00:00:00.000Z,-43.342338620000,-21.760505960000,"Rua Ângelo Falci, 55"
412,PARQUE BURNIER.,10072332,20:25:00,14,0,0,5,2025-01-03T00:00:00.000Z,-43.335533860000,-21.760131640000,"Rua São Geraldo, 89"
412,PARQUE BURNIER.,10072362,20:25:00,3,1,0,1,2025-01-03T00:00:00.000Z,-43.327527760000,-21.762798310000,"Rua Natalino José de Paula, 310"
412,PARQUE BURNIER.,10072363,20:25:00,2,0,0,0,2025-01-03T00:00:00.000Z,-43.327885630000,-21.762179390000,"Rua Natalino José de Paula, 288"
412,PARQUE BURNIER.,10071108,20:25:00,17,0,14,0,2025-01-03T00:00:00.000Z,-43.349331860000,-21.758144610000,"Avenida Getúlio Vargas, 835"
412,PARQUE BURNIER.,10072309,20:25:00,5,0,0,1,2025-01-03T00:00:00.000Z,-43.327273730000,-21.763967940000,"Rua José Teodoro dos Santos, 28"
412,PARQUE BURNIER.,10072380,20:25:00,10,1,0,2,2025-01-03T00:00:00.000Z,-43.331466790000,-21.763337580000,"Rua Olga Burnier, 485"
412,PARQUE BURNIER.,10072335,20:25:00,12,0,0,2,2025-01-03T00:00:00.000Z,-43.333453420000,-21.761562350000,"Rua Olga Burnier, 233"
412,PARQUE BURNIER.,10073589,20:25:00,4,0,0,1,2025-01-03T00:00:00.000Z,-43.326568960000,-21.763629600000,"Rua Adelaide Campos de Resende, 706"
412,PARQUE BURNIER.,10073584,20:25:00,8,0,0,1,2025-01-03T00:00:00.000Z,-43.329363350000,-21.763255450000,"Rua Adelaide Campos de Resende, 984"
412,PARQUE BURNIER.,10072384,20:25:00,6,0,0,1,2025-01-03T00:00:00.000Z,-43.327999480000,-21.763301540000,"Rua José Teodoro dos Santos, 126"
412,PARQUE BURNIER.,10072358,20:25:00,1,0,0,0,2025-01-03T00:00:00.000Z,-43.328687310000,-21.761675740000,"Rua Natalino José de Paula, 112 - Ponto Final do Parque Burnier"
412,PARQUE BURNIER.,10072356,20:45:00,17,0,0,0,2025-01-03T00:00:00.000Z,-43.327793950000,-21.762107030000,"Rua Natalino José de Paula, 271"
412,PARQUE BURNIER.,10072313,20:45:00,10,0,1,2,2025-01-03T00:00:00.000Z,-43.328846690000,-21.762504770000,"Rua José Teodoro dos Santos, 275"
412,PARQUE BURNIER.,10072358,20:45:00,18,1,0,1,2025-01-03T00:00:00.000Z,-43.328687310000,-21.761675740000,"Rua Natalino José de Paula, 112 - Ponto Final do Parque Burnier"
412,PARQUE BURNIER.,10071108,20:45:00,1,9,0,9,2025-01-03T00:00:00.000Z,-43.349331860000,-21.758144610000,"Avenida Getúlio Vargas, 835"
412,PARQUE BURNIER.,10072375,20:45:00,16,0,0,0,2025-01-03T00:00:00.000Z,-43.327420830000,-21.762727850000,"Rua Natalino José de Paula, 319"
412,PARQUE BURNIER.,10073560,20:45:00,5,0,0,8,2025-01-03T00:00:00.000Z,-43.333589670000,-21.761652280000,"Rua Olga Burnier, 230"
412,PARQUE BURNIER.,10071503,20:45:00,15,0,0,0,2025-01-03T00:00:00.000Z,-43.326207040000,-21.762717810000,"Rua Natalino José de Paula, 421"
412,PARQUE BURNIER.,10072296,20:45:00,9,0,5,3,2025-01-03T00:00:00.000Z,-43.329374790000,-21.763440430000,"Rua Adelaide Campos de Resende, 975"
412,PARQUE BURNIER.,10072377,20:45:00,12,0,0,1,2025-01-03T00:00:00.000Z,-43.327321890000,-21.764062650000,"Rua José Teodoro dos Santos, 25"
412,PARQUE BURNIER.,10073561,20:45:00,7,0,0,8,2025-01-03T00:00:00.000Z,-43.331552510000,-21.763418910000,"Rua Olga Burnier, 480"
412,PARQUE BURNIER.,10072359,20:45:00,14,0,1,0,2025-01-03T00:00:00.000Z,-43.326282500000,-21.763143540000,"Rua Adelaide Campos de Resende, 651"
412,PARQUE BURNIER.,10073552,20:45:00,3,0,1,8,2025-01-03T00:00:00.000Z,-43.335479020000,-21.760313550000,"Rua São Geraldo, 84"
412,PARQUE BURNIER.,10072328,20:45:00,13,1,1,1,2025-01-03T00:00:00.000Z,-43.326450350000,-21.763683320000,"Rua Adelaide Campos de Resende, 669"
412,PARQUE BURNIER.,10073558,20:45:00,4,0,0,8,2025-01-03T00:00:00.000Z,-43.334645750000,-21.760669710000,"Rua Olga Burnier, 70"
412,PARQUE BURNIER.,10072301,20:45:00,8,0,0,8,2025-01-03T00:00:00.000Z,-43.330138330000,-21.763252970000,"Rua Adelaide Campos de Resende, 1061"
412,PARQUE BURNIER.,10072305,20:45:00,2,1,1,9,2025-01-03T00:00:00.000Z,-43.337478970000,-21.760922950000,"Rua Djalma de Carvalho, 37"
412,PARQUE BURNIER.,10073557,20:45:00,6,0,0,8,2025-01-03T00:00:00.000Z,-43.332479840000,-21.762640710000,"Rua Olga Burnier, 356"
412,PARQUE BURNIER.,10072316,20:45:00,11,0,1,1,2025-01-03T00:00:00.000Z,-43.328204750000,-21.763332370000,"Rua José Teodoro dos Santos, 145"
412,PARQUE BURNIER.,10072375,21:40:00,16,0,0,9,2025-01-03T00:00:00.000Z,-43.327420830000,-21.762727850000,"Rua Natalino José de Paula, 319"
412,PARQUE BURNIER.,10072328,21:40:00,13,0,0,9,2025-01-03T00:00:00.000Z,-43.326450350000,-21.763683320000,"Rua Adelaide Campos de Resende, 669"
412,PARQUE BURNIER.,10072358,21:40:00,18,0,0,9,2025-01-03T00:00:00.000Z,-43.328687310000,-21.761675740000,"Rua Natalino José de Paula, 112 - Ponto Final do Parque Burnier"
412,PARQUE BURNIER.,10072296,21:40:00,9,0,0,9,2025-01-03T00:00:00.000Z,-43.329374790000,-21.763440430000,"Rua Adelaide Campos de Resende, 975"
412,PARQUE BURNIER.,10072313,21:40:00,10,0,0,9,2025-01-03T00:00:00.000Z,-43.328846690000,-21.762504770000,"Rua José Teodoro dos Santos, 275"
412,PARQUE BURNIER.,10072377,21:40:00,12,0,0,9,2025-01-03T00:00:00.000Z,-43.327321890000,-21.764062650000,"Rua José Teodoro dos Santos, 25"
412,PARQUE BURNIER.,10072301,21:40:00,8,0,0,9,2025-01-03T00:00:00.000Z,-43.330138330000,-21.763252970000,"Rua Adelaide Campos de Resende, 1061"
412,PARQUE BURNIER.,10072316,21:40:00,11,0,0,9,2025-01-03T00:00:00.000Z,-43.328204750000,-21.763332370000,"Rua José Teodoro dos Santos, 145"
412,PARQUE BURNIER.,10073552,21:40:00,3,0,0,9,2025-01-03T00:00:00.000Z,-43.335479020000,-21.760313550000,"Rua São Geraldo, 84"
412,PARQUE BURNIER.,10073557,21:40:00,6,0,0,9,2025-01-03T00:00:00.000Z,-43.332479840000,-21.762640710000,"Rua Olga Burnier, 356"
412,PARQUE BURNIER.,10073560,21:40:00,5,0,0,9,2025-01-03T00:00:00.000Z,-43.333589670000,-21.761652280000,"Rua Olga Burnier, 230"
412,PARQUE BURNIER.,10072356,21:40:00,17,0,0,9,2025-01-03T00:00:00.000Z,-43.327793950000,-21.762107030000,"Rua Natalino José de Paula, 271"
412,PARQUE BURNIER.,10072359,21:40:00,14,0,0,9,2025-01-03T00:00:00.000Z,-43.326282500000,-21.763143540000,"Rua Adelaide Campos de Resende, 651"
412,PARQUE BURNIER.,10072305,21:40:00,2,0,0,9,2025-01-03T00:00:00.000Z,-43.337478970000,-21.760922950000,"Rua Djalma de Carvalho, 37"
412,PARQUE BURNIER.,10073561,21:40:00,7,0,0,9,2025-01-03T00:00:00.000Z,-43.331552510000,-21.763418910000,"Rua Olga Burnier, 480"
412,PARQUE BURNIER.,10071108,21:40:00,1,9,0,9,2025-01-03T00:00:00.000Z,-43.349331860000,-21.758144610000,"Avenida Getúlio Vargas, 835"
412,PARQUE BURNIER.,10073558,21:40:00,4,0,0,9,2025-01-03T00:00:00.000Z,-43.334645750000,-21.760669710000,"Rua Olga Burnier, 70"
412,PARQUE BURNIER.,10071503,21:40:00,15,0,0,9,2025-01-03T00:00:00.000Z,-43.326207040000,-21.762717810000,"Rua Natalino José de Paula, 421"
412,PARQUE BURNIER.,10072296,22:30:00,9,0,0,5,2025-01-03T00:00:00.000Z,-43.329374790000,-21.763440430000,"Rua Adelaide Campos de Resende, 975"
412,PARQUE BURNIER.,10072359,22:30:00,14,0,0,6,2025-01-03T00:00:00.000Z,-43.326282500000,-21.763143540000,"Rua Adelaide Campos de Resende, 651"
412,PARQUE BURNIER.,10073561,22:30:00,7,0,0,5,2025-01-03T00:00:00.000Z,-43.331552510000,-21.763418910000,"Rua Olga Burnier, 480"
412,PARQUE BURNIER.,10072358,22:30:00,18,2,0,7,2025-01-03T00:00:00.000Z,-43.328687310000,-21.761675740000,"Rua Natalino José de Paula, 112 - Ponto Final do Parque Burnier"
412,PARQUE BURNIER.,10072377,22:30:00,12,0,0,6,2025-01-03T00:00:00.000Z,-43.327321890000,-21.764062650000,"Rua José Teodoro dos Santos, 25"
412,PARQUE BURNIER.,10073552,22:30:00,3,0,0,5,2025-01-03T00:00:00.000Z,-43.335479020000,-21.760313550000,"Rua São Geraldo, 84"
412,PARQUE BURNIER.,10072375,22:30:00,16,0,0,5,2025-01-03T00:00:00.000Z,-43.327420830000,-21.762727850000,"Rua Natalino José de Paula, 319"
412,PARQUE BURNIER.,10072305,22:30:00,2,0,0,5,2025-01-03T00:00:00.000Z,-43.337478970000,-21.760922950000,"Rua Djalma de Carvalho, 37"
412,PARQUE BURNIER.,10071503,22:30:00,15,0,1,5,2025-01-03T00:00:00.000Z,-43.326207040000,-21.762717810000,"Rua Natalino José de Paula, 421"
412,PARQUE BURNIER.,10072356,22:30:00,17,0,0,5,2025-01-03T00:00:00.000Z,-43.327793950000,-21.762107030000,"Rua Natalino José de Paula, 271"
412,PARQUE BURNIER.,10072301,22:30:00,8,0,0,5,2025-01-03T00:00:00.000Z,-43.330138330000,-21.763252970000,"Rua Adelaide Campos de Resende, 1061"
412,PARQUE BURNIER.,10072313,22:30:00,10,1,0,6,2025-01-03T00:00:00.000Z,-43.328846690000,-21.762504770000,"Rua José Teodoro dos Santos, 275"
412,PARQUE BURNIER.,10072328,22:30:00,13,0,0,6,2025-01-03T00:00:00.000Z,-43.326450350000,-21.763683320000,"Rua Adelaide Campos de Resende, 669"
412,PARQUE BURNIER.,10072316,22:30:00,11,0,0,6,2025-01-03T00:00:00.000Z,-43.328204750000,-21.763332370000,"Rua José Teodoro dos Santos, 145"
412,PARQUE BURNIER.,10071108,22:30:00,1,5,0,5,2025-01-03T00:00:00.000Z,-43.349331860000,-21.758144610000,"Avenida Getúlio Vargas, 835"
412,PARQUE BURNIER.,10073560,22:30:00,5,0,0,5,2025-01-03T00:00:00.000Z,-43.333589670000,-21.761652280000,"Rua Olga Burnier, 230"
412,PARQUE BURNIER.,10073558,22:30:00,4,0,0,5,2025-01-03T00:00:00.000Z,-43.334645750000,-21.760669710000,"Rua Olga Burnier, 70"
412,PARQUE BURNIER.,10073557,22:30:00,6,0,0,5,2025-01-03T00:00:00.000Z,-43.332479840000,-21.762640710000,"Rua Olga Burnier, 356"
412,PARQUE BURNIER.,10072380,22:55:00,10,0,0,1,2025-01-03T00:00:00.000Z,-43.331466790000,-21.763337580000,"Rua Olga Burnier, 485"
412,PARQUE BURNIER.,10072337,22:55:00,13,0,0,1,2025-01-03T00:00:00.000Z,-43.334540130000,-21.760522960000,"Rua Olga Burnier, 67"
412,PARQUE BURNIER.,10073584,22:55:00,8,1,0,1,2025-01-03T00:00:00.000Z,-43.329363350000,-21.763255450000,"Rua Adelaide Campos de Resende, 984"
412,PARQUE BURNIER.,10072362,22:55:00,3,0,0,0,2025-01-03T00:00:00.000Z,-43.327527760000,-21.762798310000,"Rua Natalino José de Paula, 310"
412,PARQUE BURNIER.,10072384,22:55:00,6,0,0,0,2025-01-03T00:00:00.000Z,-43.327999480000,-21.763301540000,"Rua José Teodoro dos Santos, 126"
412,PARQUE BURNIER.,10072386,22:55:00,7,0,0,0,2025-01-03T00:00:00.000Z,-43.328850270000,-21.762325320000,"Rua José Teodoro dos Santos, 292"
412,PARQUE BURNIER.,10072363,22:55:00,2,0,0,0,2025-01-03T00:00:00.000Z,-43.327885630000,-21.762179390000,"Rua Natalino José de Paula, 288"
412,PARQUE BURNIER.,10072382,22:55:00,11,0,0,1,2025-01-03T00:00:00.000Z,-43.332369450000,-21.762522520000,"Rua Olga Burnier, 361"
412,PARQUE BURNIER.,10072309,22:55:00,5,0,0,0,2025-01-03T00:00:00.000Z,-43.327273730000,-21.763967940000,"Rua José Teodoro dos Santos, 28"
412,PARQUE BURNIER.,10072358,22:55:00,1,0,0,0,2025-01-03T00:00:00.000Z,-43.328687310000,-21.761675740000,"Rua Natalino José de Paula, 112 - Ponto Final do Parque Burnier"
412,PARQUE BURNIER.,10072302,22:55:00,15,2,0,3,2025-01-03T00:00:00.000Z,-43.338029500000,-21.760323850000,"Avenida Sete de Setembro, 623"
412,PARQUE BURNIER.,10073583,22:55:00,9,0,0,1,2025-01-03T00:00:00.000Z,-43.330207820000,-21.763072230000,"Rua Adelaide Campos de Resende, 1070"
412,PARQUE BURNIER.,10074194,22:55:00,16,3,0,6,2025-01-03T00:00:00.000Z,-43.342338620000,-21.760505960000,"Rua Ângelo Falci, 55"
412,PARQUE BURNIER.,10072332,22:55:00,14,0,0,1,2025-01-03T00:00:00.000Z,-43.335533860000,-21.760131640000,"Rua São Geraldo, 89"
412,PARQUE BURNIER.,10073589,22:55:00,4,0,0,0,2025-01-03T00:00:00.000Z,-43.326568960000,-21.763629600000,"Rua Adelaide Campos de Resende, 706"
412,PARQUE BURNIER.,10072335,22:55:00,12,0,0,1,2025-01-03T00:00:00.000Z,-43.333453420000,-21.761562350000,"Rua Olga Burnier, 233"
412,PARQUE BURNIER.,10071108,22:55:00,17,0,5,1,2025-01-03T00:00:00.000Z,-43.349331860000,-21.758144610000,"Avenida Getúlio Vargas, 835"
412,PARQUE BURNIER.,10071503,05:51:00,15,0,0,0,2025-01-04T00:00:00.000Z,-43.326207040000,-21.762717810000,"Rua Natalino José de Paula, 421"
412,PARQUE BURNIER.,10072328,05:51:00,13,0,3,2,2025-01-04T00:00:00.000Z,-43.326450350000,-21.763683320000,"Rua Adelaide Campos de Resende, 669"
412,PARQUE BURNIER.,10071108,05:51:00,1,7,0,7,2025-01-04T00:00:00.000Z,-43.349331860000,-21.758144610000,"Avenida Getúlio Vargas, 835"
412,PARQUE BURNIER.,10073558,05:51:00,4,0,0,6,2025-01-04T00:00:00.000Z,-43.334645750000,-21.760669710000,"Rua Olga Burnier, 70"
412,PARQUE BURNIER.,10072377,05:51:00,12,0,0,5,2025-01-04T00:00:00.000Z,-43.327321890000,-21.764062650000,"Rua José Teodoro dos Santos, 25"
412,PARQUE BURNIER.,10072316,05:51:00,11,0,1,5,2025-01-04T00:00:00.000Z,-43.328204750000,-21.763332370000,"Rua José Teodoro dos Santos, 145"
412,PARQUE BURNIER.,10072358,05:51:00,18,4,0,4,2025-01-04T00:00:00.000Z,-43.328687310000,-21.761675740000,"Rua Natalino José de Paula, 112 - Ponto Final do Parque Burnier"
412,PARQUE BURNIER.,10072305,05:51:00,2,0,1,6,2025-01-04T00:00:00.000Z,-43.337478970000,-21.760922950000,"Rua Djalma de Carvalho, 37"
412,PARQUE BURNIER.,10073552,05:51:00,3,0,0,6,2025-01-04T00:00:00.000Z,-43.335479020000,-21.760313550000,"Rua São Geraldo, 84"
412,PARQUE BURNIER.,10072359,05:51:00,14,0,2,0,2025-01-04T00:00:00.000Z,-43.326282500000,-21.763143540000,"Rua Adelaide Campos de Resende, 651"
412,PARQUE BURNIER.,10073560,05:51:00,5,0,0,6,2025-01-04T00:00:00.000Z,-43.333589670000,-21.761652280000,"Rua Olga Burnier, 230"
412,PARQUE BURNIER.,10072356,05:51:00,17,0,0,0,2025-01-04T00:00:00.000Z,-43.327793950000,-21.762107030000,"Rua Natalino José de Paula, 271"
412,PARQUE BURNIER.,10072375,05:51:00,16,0,0,0,2025-01-04T00:00:00.000Z,-43.327420830000,-21.762727850000,"Rua Natalino José de Paula, 319"
412,PARQUE BURNIER.,10072296,05:51:00,9,0,0,6,2025-01-04T00:00:00.000Z,-43.329374790000,-21.763440430000,"Rua Adelaide Campos de Resende, 975"
412,PARQUE BURNIER.,10073557,05:51:00,6,0,0,6,2025-01-04T00:00:00.000Z,-43.332479840000,-21.762640710000,"Rua Olga Burnier, 356"
412,PARQUE BURNIER.,10073561,05:51:00,7,0,0,6,2025-01-04T00:00:00.000Z,-43.331552510000,-21.763418910000,"Rua Olga Burnier, 480"
412,PARQUE BURNIER.,10072313,05:51:00,10,0,0,6,2025-01-04T00:00:00.000Z,-43.328846690000,-21.762504770000,"Rua José Teodoro dos Santos, 275"
412,PARQUE BURNIER.,10072301,05:51:00,8,0,0,6,2025-01-04T00:00:00.000Z,-43.330138330000,-21.763252970000,"Rua Adelaide Campos de Resende, 1061"
412,PARQUE BURNIER.,10072302,06:17:00,15,2,1,12,2025-01-04T00:00:00.000Z,-43.338029500000,-21.760323850000,"Avenida Sete de Setembro, 623"
412,PARQUE BURNIER.,10072386,06:17:00,7,1,0,6,2025-01-04T00:00:00.000Z,-43.328850270000,-21.762325320000,"Rua José Teodoro dos Santos, 292"
412,PARQUE BURNIER.,10072309,06:17:00,5,0,1,5,2025-01-04T00:00:00.000Z,-43.327273730000,-21.763967940000,"Rua José Teodoro dos Santos, 28"
412,PARQUE BURNIER.,10071108,06:17:00,17,0,4,2,2025-01-04T00:00:00.000Z,-43.349331860000,-21.758144610000,"Avenida Getúlio Vargas, 835"
412,PARQUE BURNIER.,10072337,06:17:00,13,0,0,11,2025-01-04T00:00:00.000Z,-43.334540130000,-21.760522960000,"Rua Olga Burnier, 67"
412,PARQUE BURNIER.,10072362,06:17:00,3,0,0,2,2025-01-04T00:00:00.000Z,-43.327527760000,-21.762798310000,"Rua Natalino José de Paula, 310"
412,PARQUE BURNIER.,10072384,06:17:00,6,0,0,5,2025-01-04T00:00:00.000Z,-43.327999480000,-21.763301540000,"Rua José Teodoro dos Santos, 126"
412,PARQUE BURNIER.,10072358,06:17:00,1,0,0,0,2025-01-04T00:00:00.000Z,-43.328687310000,-21.761675740000,"Rua Natalino José de Paula, 112 - Ponto Final do Parque Burnier"
412,PARQUE BURNIER.,10072382,06:17:00,11,0,0,10,2025-01-04T00:00:00.000Z,-43.332369450000,-21.762522520000,"Rua Olga Burnier, 361"
412,PARQUE BURNIER.,10072363,06:17:00,2,2,0,2,2025-01-04T00:00:00.000Z,-43.327885630000,-21.762179390000,"Rua Natalino José de Paula, 288"
412,PARQUE BURNIER.,10073589,06:17:00,4,4,0,6,2025-01-04T00:00:00.000Z,-43.326568960000,-21.763629600000,"Rua Adelaide Campos de Resende, 706"
412,PARQUE BURNIER.,10073583,06:17:00,9,1,0,11,2025-01-04T00:00:00.000Z,-43.330207820000,-21.763072230000,"Rua Adelaide Campos de Resende, 1070"
412,PARQUE BURNIER.,10072380,06:17:00,10,0,1,10,2025-01-04T00:00:00.000Z,-43.331466790000,-21.763337580000,"Rua Olga Burnier, 485"
412,PARQUE BURNIER.,10074194,06:17:00,16,1,7,6,2025-01-04T00:00:00.000Z,-43.342338620000,-21.760505960000,"Rua Ângelo Falci, 55"
412,PARQUE BURNIER.,10072332,06:17:00,14,0,0,11,2025-01-04T00:00:00.000Z,-43.335533860000,-21.760131640000,"Rua São Geraldo, 89"
412,PARQUE BURNIER.,10073584,06:17:00,8,4,0,10,2025-01-04T00:00:00.000Z,-43.329363350000,-21.763255450000,"Rua Adelaide Campos de Resende, 984"
412,PARQUE BURNIER.,10072335,06:17:00,12,1,0,11,2025-01-04T00:00:00.000Z,-43.333453420000,-21.761562350000,"Rua Olga Burnier, 233"
412,PARQUE BURNIER.,10072375,06:38:00,16,0,0,0,2025-01-04T00:00:00.000Z,-43.327420830000,-21.762727850000,"Rua Natalino José de Paula, 319"
412,PARQUE BURNIER.,10073558,06:38:00,4,0,0,2,2025-01-04T00:00:00.000Z,-43.334645750000,-21.760669710000,"Rua Olga Burnier, 70"
412,PARQUE BURNIER.,10073557,06:38:00,6,0,0,2,2025-01-04T00:00:00.000Z,-43.332479840000,-21.762640710000,"Rua Olga Burnier, 356"
412,PARQUE BURNIER.,10072313,06:38:00,10,0,1,1,2025-01-04T00:00:00.000Z,-43.328846690000,-21.762504770000,"Rua José Teodoro dos Santos, 275"
412,PARQUE BURNIER.,10072328,06:38:00,13,0,0,0,2025-01-04T00:00:00.000Z,-43.326450350000,-21.763683320000,"Rua Adelaide Campos de Resende, 669"
412,PARQUE BURNIER.,10072356,06:38:00,17,0,0,0,2025-01-04T00:00:00.000Z,-43.327793950000,-21.762107030000,"Rua Natalino José de Paula, 271"
412,PARQUE BURNIER.,10072358,06:38:00,18,6,0,6,2025-01-04T00:00:00.000Z,-43.328687310000,-21.761675740000,"Rua Natalino José de Paula, 112 - Ponto Final do Parque Burnier"
412,PARQUE BURNIER.,10073561,06:38:00,7,0,0,2,2025-01-04T00:00:00.000Z,-43.331552510000,-21.763418910000,"Rua Olga Burnier, 480"
412,PARQUE BURNIER.,10072316,06:38:00,11,0,1,0,2025-01-04T00:00:00.000Z,-43.328204750000,-21.763332370000,"Rua José Teodoro dos Santos, 145"
412,PARQUE BURNIER.,10072305,06:38:00,2,0,1,2,2025-01-04T00:00:00.000Z,-43.337478970000,-21.760922950000,"Rua Djalma de Carvalho, 37"
412,PARQUE BURNIER.,10072296,06:38:00,9,0,0,2,2025-01-04T00:00:00.000Z,-43.329374790000,-21.763440430000,"Rua Adelaide Campos de Resende, 975"
412,PARQUE BURNIER.,10072377,06:38:00,12,0,0,0,2025-01-04T00:00:00.000Z,-43.327321890000,-21.764062650000,"Rua José Teodoro dos Santos, 25"
412,PARQUE BURNIER.,10072301,06:38:00,8,0,0,2,2025-01-04T00:00:00.000Z,-43.330138330000,-21.763252970000,"Rua Adelaide Campos de Resende, 1061"
412,PARQUE BURNIER.,10071108,06:38:00,1,3,0,3,2025-01-04T00:00:00.000Z,-43.349331860000,-21.758144610000,"Avenida Getúlio Vargas, 835"
412,PARQUE BURNIER.,10073552,06:38:00,3,0,0,2,2025-01-04T00:00:00.000Z,-43.335479020000,-21.760313550000,"Rua São Geraldo, 84"
412,PARQUE BURNIER.,10073560,06:38:00,5,0,0,2,2025-01-04T00:00:00.000Z,-43.333589670000,-21.761652280000,"Rua Olga Burnier, 230"
412,PARQUE BURNIER.,10071503,06:38:00,15,0,0,0,2025-01-04T00:00:00.000Z,-43.326207040000,-21.762717810000,"Rua Natalino José de Paula, 421"
412,PARQUE BURNIER.,10072359,06:38:00,14,0,0,0,2025-01-04T00:00:00.000Z,-43.326282500000,-21.763143540000,"Rua Adelaide Campos de Resende, 651"
412,PARQUE BURNIER.,10072332,07:04:00,14,0,0,14,2025-01-04T00:00:00.000Z,-43.335533860000,-21.760131640000,"Rua São Geraldo, 89"
412,PARQUE BURNIER.,10072384,07:04:00,6,0,0,11,2025-01-04T00:00:00.000Z,-43.327999480000,-21.763301540000,"Rua José Teodoro dos Santos, 126"
412,PARQUE BURNIER.,10072363,07:04:00,2,3,0,3,2025-01-04T00:00:00.000Z,-43.327885630000,-21.762179390000,"Rua Natalino José de Paula, 288"
412,PARQUE BURNIER.,10072382,07:04:00,11,0,0,14,2025-01-04T00:00:00.000Z,-43.332369450000,-21.762522520000,"Rua Olga Burnier, 361"
412,PARQUE BURNIER.,10074194,07:04:00,16,2,2,15,2025-01-04T00:00:00.000Z,-43.342338620000,-21.760505960000,"Rua Ângelo Falci, 55"
412,PARQUE BURNIER.,10073584,07:04:00,8,2,0,13,2025-01-04T00:00:00.000Z,-43.329363350000,-21.763255450000,"Rua Adelaide Campos de Resende, 984"
412,PARQUE BURNIER.,10072335,07:04:00,12,0,0,14,2025-01-04T00:00:00.000Z,-43.333453420000,-21.761562350000,"Rua Olga Burnier, 233"
412,PARQUE BURNIER.,10073589,07:04:00,4,5,0,11,2025-01-04T00:00:00.000Z,-43.326568960000,-21.763629600000,"Rua Adelaide Campos de Resende, 706"
412,PARQUE BURNIER.,10072386,07:04:00,7,0,0,11,2025-01-04T00:00:00.000Z,-43.328850270000,-21.762325320000,"Rua José Teodoro dos Santos, 292"
412,PARQUE BURNIER.,10073583,07:04:00,9,0,0,13,2025-01-04T00:00:00.000Z,-43.330207820000,-21.763072230000,"Rua Adelaide Campos de Resende, 1070"
412,PARQUE BURNIER.,10072309,07:04:00,5,0,0,11,2025-01-04T00:00:00.000Z,-43.327273730000,-21.763967940000,"Rua José Teodoro dos Santos, 28"
412,PARQUE BURNIER.,10072358,07:04:00,1,0,0,0,2025-01-04T00:00:00.000Z,-43.328687310000,-21.761675740000,"Rua Natalino José de Paula, 112 - Ponto Final do Parque Burnier"
412,PARQUE BURNIER.,10072362,07:04:00,3,3,0,6,2025-01-04T00:00:00.000Z,-43.327527760000,-21.762798310000,"Rua Natalino José de Paula, 310"
412,PARQUE BURNIER.,10072302,07:04:00,15,1,0,15,2025-01-04T00:00:00.000Z,-43.338029500000,-21.760323850000,"Avenida Sete de Setembro, 623"
412,PARQUE BURNIER.,10072337,07:04:00,13,0,0,14,2025-01-04T00:00:00.000Z,-43.334540130000,-21.760522960000,"Rua Olga Burnier, 67"
412,PARQUE BURNIER.,10071108,07:04:00,17,0,2,13,2025-01-04T00:00:00.000Z,-43.349331860000,-21.758144610000,"Avenida Getúlio Vargas, 835"
412,PARQUE BURNIER.,10072380,07:04:00,10,1,0,14,2025-01-04T00:00:00.000Z,-43.331466790000,-21.763337580000,"Rua Olga Burnier, 485"
412,PARQUE BURNIER.,10072316,07:25:00,11,0,0,0,2025-01-04T00:00:00.000Z,-43.328204750000,-21.763332370000,"Rua José Teodoro dos Santos, 145"
412,PARQUE BURNIER.,10072356,07:25:00,17,0,0,0,2025-01-04T00:00:00.000Z,-43.327793950000,-21.762107030000,"Rua Natalino José de Paula, 271"
412,PARQUE BURNIER.,10071108,07:25:00,1,1,0,1,2025-01-04T00:00:00.000Z,-43.349331860000,-21.758144610000,"Avenida Getúlio Vargas, 835"
412,PARQUE BURNIER.,10072301,07:25:00,8,0,0,0,2025-01-04T00:00:00.000Z,-43.330138330000,-21.763252970000,"Rua Adelaide Campos de Resende, 1061"
412,PARQUE BURNIER.,10073557,07:25:00,6,0,0,0,2025-01-04T00:00:00.000Z,-43.332479840000,-21.762640710000,"Rua Olga Burnier, 356"
412,PARQUE BURNIER.,10071503,07:25:00,15,0,0,0,2025-01-04T00:00:00.000Z,-43.326207040000,-21.762717810000,"Rua Natalino José de Paula, 421"
412,PARQUE BURNIER.,10072358,07:25:00,18,6,0,6,2025-01-04T00:00:00.000Z,-43.328687310000,-21.761675740000,"Rua Natalino José de Paula, 112 - Ponto Final do Parque Burnier"
412,PARQUE BURNIER.,10073560,07:25:00,5,0,0,0,2025-01-04T00:00:00.000Z,-43.333589670000,-21.761652280000,"Rua Olga Burnier, 230"
412,PARQUE BURNIER.,10073561,07:25:00,7,0,0,0,2025-01-04T00:00:00.000Z,-43.331552510000,-21.763418910000,"Rua Olga Burnier, 480"
412,PARQUE BURNIER.,10072377,07:25:00,12,0,0,0,2025-01-04T00:00:00.000Z,-43.327321890000,-21.764062650000,"Rua José Teodoro dos Santos, 25"
412,PARQUE BURNIER.,10073558,07:25:00,4,0,0,0,2025-01-04T00:00:00.000Z,-43.334645750000,-21.760669710000,"Rua Olga Burnier, 70"
412,PARQUE BURNIER.,10072313,07:25:00,10,0,0,0,2025-01-04T00:00:00.000Z,-43.328846690000,-21.762504770000,"Rua José Teodoro dos Santos, 275"
412,PARQUE BURNIER.,10073552,07:25:00,3,0,0,0,2025-01-04T00:00:00.000Z,-43.335479020000,-21.760313550000,"Rua São Geraldo, 84"
412,PARQUE BURNIER.,10072375,07:25:00,16,0,0,0,2025-01-04T00:00:00.000Z,-43.327420830000,-21.762727850000,"Rua Natalino José de Paula, 319"
412,PARQUE BURNIER.,10072305,07:25:00,2,0,1,0,2025-01-04T00:00:00.000Z,-43.337478970000,-21.760922950000,"Rua Djalma de Carvalho, 37"
412,PARQUE BURNIER.,10072296,07:25:00,9,0,0,0,2025-01-04T00:00:00.000Z,-43.329374790000,-21.763440430000,"Rua Adelaide Campos de Resende, 975"
412,PARQUE BURNIER.,10072328,07:25:00,13,0,0,0,2025-01-04T00:00:00.000Z,-43.326450350000,-21.763683320000,"Rua Adelaide Campos de Resende, 669"
412,PARQUE BURNIER.,10072359,07:25:00,14,0,0,0,2025-01-04T00:00:00.000Z,-43.326282500000,-21.763143540000,"Rua Adelaide Campos de Resende, 651"
412,PARQUE BURNIER.,10072302,07:51:00,15,3,2,24,2025-01-04T00:00:00.000Z,-43.338029500000,-21.760323850000,"Avenida Sete de Setembro, 623"
412,PARQUE BURNIER.,10072362,07:51:00,3,1,2,2,2025-01-04T00:00:00.000Z,-43.327527760000,-21.762798310000,"Rua Natalino José de Paula, 310"
412,PARQUE BURNIER.,10073583,07:51:00,9,2,1,22,2025-01-04T00:00:00.000Z,-43.330207820000,-21.763072230000,"Rua Adelaide Campos de Resende, 1070"
412,PARQUE BURNIER.,10073589,07:51:00,4,5,0,7,2025-01-04T00:00:00.000Z,-43.326568960000,-21.763629600000,"Rua Adelaide Campos de Resende, 706"
412,PARQUE BURNIER.,10072337,07:51:00,13,0,0,23,2025-01-04T00:00:00.000Z,-43.334540130000,-21.760522960000,"Rua Olga Burnier, 67"
412,PARQUE BURNIER.,10072386,07:51:00,7,3,0,15,2025-01-04T00:00:00.000Z,-43.328850270000,-21.762325320000,"Rua José Teodoro dos Santos, 292"
412,PARQUE BURNIER.,10072382,07:51:00,11,1,1,24,2025-01-04T00:00:00.000Z,-43.332369450000,-21.762522520000,"Rua Olga Burnier, 361"
412,PARQUE BURNIER.,10071108,07:51:00,17,0,23,0,2025-01-04T00:00:00.000Z,-43.349331860000,-21.758144610000,"Avenida Getúlio Vargas, 835"
412,PARQUE BURNIER.,10072384,07:51:00,6,3,0,12,2025-01-04T00:00:00.000Z,-43.327999480000,-21.763301540000,"Rua José Teodoro dos Santos, 126"
412,PARQUE BURNIER.,10072380,07:51:00,10,2,0,24,2025-01-04T00:00:00.000Z,-43.331466790000,-21.763337580000,"Rua Olga Burnier, 485"
412,PARQUE BURNIER.,10074194,07:51:00,16,3,4,23,2025-01-04T00:00:00.000Z,-43.342338620000,-21.760505960000,"Rua Ângelo Falci, 55"
412,PARQUE BURNIER.,10072332,07:51:00,14,0,0,23,2025-01-04T00:00:00.000Z,-43.335533860000,-21.760131640000,"Rua São Geraldo, 89"
412,PARQUE BURNIER.,10072309,07:51:00,5,2,0,9,2025-01-04T00:00:00.000Z,-43.327273730000,-21.763967940000,"Rua José Teodoro dos Santos, 28"
412,PARQUE BURNIER.,10073584,07:51:00,8,6,0,21,2025-01-04T00:00:00.000Z,-43.329363350000,-21.763255450000,"Rua Adelaide Campos de Resende, 984"
412,PARQUE BURNIER.,10072363,07:51:00,2,3,0,3,2025-01-04T00:00:00.000Z,-43.327885630000,-21.762179390000,"Rua Natalino José de Paula, 288"
412,PARQUE BURNIER.,10072358,07:51:00,1,0,0,0,2025-01-04T00:00:00.000Z,-43.328687310000,-21.761675740000,"Rua Natalino José de Paula, 112 - Ponto Final do Parque Burnier"
412,PARQUE BURNIER.,10072335,07:51:00,12,0,1,23,2025-01-04T00:00:00.000Z,-43.333453420000,-21.761562350000,"Rua Olga Burnier, 233"
412,PARQUE BURNIER.,10072316,08:12:00,11,0,0,1,2025-01-04T00:00:00.000Z,-43.328204750000,-21.763332370000,"Rua José Teodoro dos Santos, 145"
412,PARQUE BURNIER.,10073557,08:12:00,6,0,0,4,2025-01-04T00:00:00.000Z,-43.332479840000,-21.762640710000,"Rua Olga Burnier, 356"
412,PARQUE BURNIER.,10071503,08:12:00,15,0,0,0,2025-01-04T00:00:00.000Z,-43.326207040000,-21.762717810000,"Rua Natalino José de Paula, 421"
412,PARQUE BURNIER.,10072313,08:12:00,10,0,1,1,2025-01-04T00:00:00.000Z,-43.328846690000,-21.762504770000,"Rua José Teodoro dos Santos, 275"
412,PARQUE BURNIER.,10073561,08:12:00,7,0,0,4,2025-01-04T00:00:00.000Z,-43.331552510000,-21.763418910000,"Rua Olga Burnier, 480"
412,PARQUE BURNIER.,10072375,08:12:00,16,0,0,0,2025-01-04T00:00:00.000Z,-43.327420830000,-21.762727850000,"Rua Natalino José de Paula, 319"
412,PARQUE BURNIER.,10072328,08:12:00,13,0,1,0,2025-01-04T00:00:00.000Z,-43.326450350000,-21.763683320000,"Rua Adelaide Campos de Resende, 669"
412,PARQUE BURNIER.,10073558,08:12:00,4,0,0,5,2025-01-04T00:00:00.000Z,-43.334645750000,-21.760669710000,"Rua Olga Burnier, 70"
412,PARQUE BURNIER.,10072305,08:12:00,2,1,2,5,2025-01-04T00:00:00.000Z,-43.337478970000,-21.760922950000,"Rua Djalma de Carvalho, 37"
412,PARQUE BURNIER.,10072356,08:12:00,17,2,0,2,2025-01-04T00:00:00.000Z,-43.327793950000,-21.762107030000,"Rua Natalino José de Paula, 271"
412,PARQUE BURNIER.,10072377,08:12:00,12,0,0,1,2025-01-04T00:00:00.000Z,-43.327321890000,-21.764062650000,"Rua José Teodoro dos Santos, 25"
412,PARQUE BURNIER.,10073560,08:12:00,5,0,1,4,2025-01-04T00:00:00.000Z,-43.333589670000,-21.761652280000,"Rua Olga Burnier, 230"
412,PARQUE BURNIER.,10073552,08:12:00,3,0,0,5,2025-01-04T00:00:00.000Z,-43.335479020000,-21.760313550000,"Rua São Geraldo, 84"
412,PARQUE BURNIER.,10072301,08:12:00,8,0,1,3,2025-01-04T00:00:00.000Z,-43.330138330000,-21.763252970000,"Rua Adelaide Campos de Resende, 1061"
412,PARQUE BURNIER.,10072296,08:12:00,9,2,3,2,2025-01-04T00:00:00.000Z,-43.329374790000,-21.763440430000,"Rua Adelaide Campos de Resende, 975"
412,PARQUE BURNIER.,10072358,08:12:00,18,2,0,4,2025-01-04T00:00:00.000Z,-43.328687310000,-21.761675740000,"Rua Natalino José de Paula, 112 - Ponto Final do Parque Burnier"
412,PARQUE BURNIER.,10072359,08:12:00,14,0,0,0,2025-01-04T00:00:00.000Z,-43.326282500000,-21.763143540000,"Rua Adelaide Campos de Resende, 651"
412,PARQUE BURNIER.,10071108,08:12:00,1,6,0,6,2025-01-04T00:00:00.000Z,-43.349331860000,-21.758144610000,"Avenida Getúlio Vargas, 835"
412,PARQUE BURNIER.,10072382,08:38:00,11,1,0,27,2025-01-04T00:00:00.000Z,-43.332369450000,-21.762522520000,"Rua Olga Burnier, 361"
412,PARQUE BURNIER.,10072302,08:38:00,15,2,2,28,2025-01-04T00:00:00.000Z,-43.338029500000,-21.760323850000,"Avenida Sete de Setembro, 623"
412,PARQUE BURNIER.,10072358,08:38:00,1,0,0,0,2025-01-04T00:00:00.000Z,-43.328687310000,-21.761675740000,"Rua Natalino José de Paula, 112 - Ponto Final do Parque Burnier"
412,PARQUE BURNIER.,10072309,08:38:00,5,2,0,14,2025-01-04T00:00:00.000Z,-43.327273730000,-21.763967940000,"Rua José Teodoro dos Santos, 28"
412,PARQUE BURNIER.,10072332,08:38:00,14,0,0,28,2025-01-04T00:00:00.000Z,-43.335533860000,-21.760131640000,"Rua São Geraldo, 89"
412,PARQUE BURNIER.,10072363,08:38:00,2,2,0,2,2025-01-04T00:00:00.000Z,-43.327885630000,-21.762179390000,"Rua Natalino José de Paula, 288"
412,PARQUE BURNIER.,10072386,08:38:00,7,5,0,19,2025-01-04T00:00:00.000Z,-43.328850270000,-21.762325320000,"Rua José Teodoro dos Santos, 292"
412,PARQUE BURNIER.,10072362,08:38:00,3,4,0,6,2025-01-04T00:00:00.000Z,-43.327527760000,-21.762798310000,"Rua Natalino José de Paula, 310"
412,PARQUE BURNIER.,10073589,08:38:00,4,6,0,12,2025-01-04T00:00:00.000Z,-43.326568960000,-21.763629600000,"Rua Adelaide Campos de Resende, 706"
412,PARQUE BURNIER.,10073584,08:38:00,8,5,0,24,2025-01-04T00:00:00.000Z,-43.329363350000,-21.763255450000,"Rua Adelaide Campos de Resende, 984"
412,PARQUE BURNIER.,10071108,08:38:00,17,0,26,4,2025-01-04T00:00:00.000Z,-43.349331860000,-21.758144610000,"Avenida Getúlio Vargas, 835"
412,PARQUE BURNIER.,10072384,08:38:00,6,0,0,14,2025-01-04T00:00:00.000Z,-43.327999480000,-21.763301540000,"Rua José Teodoro dos Santos, 126"
412,PARQUE BURNIER.,10072380,08:38:00,10,1,1,26,2025-01-04T00:00:00.000Z,-43.331466790000,-21.763337580000,"Rua Olga Burnier, 485"
412,PARQUE BURNIER.,10074194,08:38:00,16,5,3,30,2025-01-04T00:00:00.000Z,-43.342338620000,-21.760505960000,"Rua Ângelo Falci, 55"
412,PARQUE BURNIER.,10072335,08:38:00,12,0,0,27,2025-01-04T00:00:00.000Z,-43.333453420000,-21.761562350000,"Rua Olga Burnier, 233"
412,PARQUE BURNIER.,10072337,08:38:00,13,1,0,28,2025-01-04T00:00:00.000Z,-43.334540130000,-21.760522960000,"Rua Olga Burnier, 67"
412,PARQUE BURNIER.,10073583,08:38:00,9,2,0,26,2025-01-04T00:00:00.000Z,-43.330207820000,-21.763072230000,"Rua Adelaide Campos de Resende, 1070"
412,PARQUE BURNIER.,10073560,08:59:00,5,0,0,3,2025-01-04T00:00:00.000Z,-43.333589670000,-21.761652280000,"Rua Olga Burnier, 230"
412,PARQUE BURNIER.,10072305,08:59:00,2,2,2,4,2025-01-04T00:00:00.000Z,-43.337478970000,-21.760922950000,"Rua Djalma de Carvalho, 37"
412,PARQUE BURNIER.,10073552,08:59:00,3,0,1,3,2025-01-04T00:00:00.000Z,-43.335479020000,-21.760313550000,"Rua São Geraldo, 84"
412,PARQUE BURNIER.,10072358,08:59:00,18,1,0,2,2025-01-04T00:00:00.000Z,-43.328687310000,-21.761675740000,"Rua Natalino José de Paula, 112 - Ponto Final do Parque Burnier"
412,PARQUE BURNIER.,10072356,08:59:00,17,0,0,1,2025-01-04T00:00:00.000Z,-43.327793950000,-21.762107030000,"Rua Natalino José de Paula, 271"
412,PARQUE BURNIER.,10072301,08:59:00,8,0,0,3,2025-01-04T00:00:00.000Z,-43.330138330000,-21.763252970000,"Rua Adelaide Campos de Resende, 1061"
412,PARQUE BURNIER.,10072375,08:59:00,16,0,0,1,2025-01-04T00:00:00.000Z,-43.327420830000,-21.762727850000,"Rua Natalino José de Paula, 319"
412,PARQUE BURNIER.,10073561,08:59:00,7,0,0,3,2025-01-04T00:00:00.000Z,-43.331552510000,-21.763418910000,"Rua Olga Burnier, 480"
412,PARQUE BURNIER.,10072377,08:59:00,12,0,0,3,2025-01-04T00:00:00.000Z,-43.327321890000,-21.764062650000,"Rua José Teodoro dos Santos, 25"
412,PARQUE BURNIER.,10072316,08:59:00,11,0,0,3,2025-01-04T00:00:00.000Z,-43.328204750000,-21.763332370000,"Rua José Teodoro dos Santos, 145"
412,PARQUE BURNIER.,10072328,08:59:00,13,0,1,2,2025-01-04T00:00:00.000Z,-43.326450350000,-21.763683320000,"Rua Adelaide Campos de Resende, 669"
412,PARQUE BURNIER.,10072313,08:59:00,10,0,0,3,2025-01-04T00:00:00.000Z,-43.328846690000,-21.762504770000,"Rua José Teodoro dos Santos, 275"
412,PARQUE BURNIER.,10073558,08:59:00,4,0,0,3,2025-01-04T00:00:00.000Z,-43.334645750000,-21.760669710000,"Rua Olga Burnier, 70"
412,PARQUE BURNIER.,10072359,08:59:00,14,0,1,1,2025-01-04T00:00:00.000Z,-43.326282500000,-21.763143540000,"Rua Adelaide Campos de Resende, 651"
412,PARQUE BURNIER.,10073557,08:59:00,6,0,0,3,2025-01-04T00:00:00.000Z,-43.332479840000,-21.762640710000,"Rua Olga Burnier, 356"
412,PARQUE BURNIER.,10071503,08:59:00,15,0,0,1,2025-01-04T00:00:00.000Z,-43.326207040000,-21.762717810000,"Rua Natalino José de Paula, 421"
412,PARQUE BURNIER.,10072296,08:59:00,9,0,0,3,2025-01-04T00:00:00.000Z,-43.329374790000,-21.763440430000,"Rua Adelaide Campos de Resende, 975"
412,PARQUE BURNIER.,10071108,08:59:00,1,4,0,4,2025-01-04T00:00:00.000Z,-43.349331860000,-21.758144610000,"Avenida Getúlio Vargas, 835"
412,PARQUE BURNIER.,10072380,09:25:00,10,0,0,22,2025-01-04T00:00:00.000Z,-43.331466790000,-21.763337580000,"Rua Olga Burnier, 485"
412,PARQUE BURNIER.,10072332,09:25:00,14,0,0,22,2025-01-04T00:00:00.000Z,-43.335533860000,-21.760131640000,"Rua São Geraldo, 89"
412,PARQUE BURNIER.,10072386,09:25:00,7,7,0,19,2025-01-04T00:00:00.000Z,-43.328850270000,-21.762325320000,"Rua José Teodoro dos Santos, 292"
412,PARQUE BURNIER.,10072335,09:25:00,12,0,0,22,2025-01-04T00:00:00.000Z,-43.333453420000,-21.761562350000,"Rua Olga Burnier, 233"
412,PARQUE BURNIER.,10072358,09:25:00,1,0,0,0,2025-01-04T00:00:00.000Z,-43.328687310000,-21.761675740000,"Rua Natalino José de Paula, 112 - Ponto Final do Parque Burnier"
412,PARQUE BURNIER.,10074194,09:25:00,16,11,4,34,2025-01-04T00:00:00.000Z,-43.342338620000,-21.760505960000,"Rua Ângelo Falci, 55"
412,PARQUE BURNIER.,10072337,09:25:00,13,0,0,22,2025-01-04T00:00:00.000Z,-43.334540130000,-21.760522960000,"Rua Olga Burnier, 67"
412,PARQUE BURNIER.,10072382,09:25:00,11,0,0,22,2025-01-04T00:00:00.000Z,-43.332369450000,-21.762522520000,"Rua Olga Burnier, 361"
412,PARQUE BURNIER.,10072363,09:25:00,2,4,0,4,2025-01-04T00:00:00.000Z,-43.327885630000,-21.762179390000,"Rua Natalino José de Paula, 288"
412,PARQUE BURNIER.,10072362,09:25:00,3,1,0,5,2025-01-04T00:00:00.000Z,-43.327527760000,-21.762798310000,"Rua Natalino José de Paula, 310"
412,PARQUE BURNIER.,10071108,09:25:00,17,0,25,9,2025-01-04T00:00:00.000Z,-43.349331860000,-21.758144610000,"Avenida Getúlio Vargas, 835"
412,PARQUE BURNIER.,10073589,09:25:00,4,3,0,8,2025-01-04T00:00:00.000Z,-43.326568960000,-21.763629600000,"Rua Adelaide Campos de Resende, 706"
412,PARQUE BURNIER.,10072384,09:25:00,6,3,0,12,2025-01-04T00:00:00.000Z,-43.327999480000,-21.763301540000,"Rua José Teodoro dos Santos, 126"
412,PARQUE BURNIER.,10072302,09:25:00,15,5,0,27,2025-01-04T00:00:00.000Z,-43.338029500000,-21.760323850000,"Avenida Sete de Setembro, 623"
412,PARQUE BURNIER.,10073584,09:25:00,8,3,0,22,2025-01-04T00:00:00.000Z,-43.329363350000,-21.763255450000,"Rua Adelaide Campos de Resende, 984"
412,PARQUE BURNIER.,10073583,09:25:00,9,0,0,22,2025-01-04T00:00:00.000Z,-43.330207820000,-21.763072230000,"Rua Adelaide Campos de Resende, 1070"
412,PARQUE BURNIER.,10072309,09:25:00,5,1,0,9,2025-01-04T00:00:00.000Z,-43.327273730000,-21.763967940000,"Rua José Teodoro dos Santos, 28"
412,PARQUE BURNIER.,10072305,09:45:00,2,0,2,17,2025-01-04T00:00:00.000Z,-43.337478970000,-21.760922950000,"Rua Djalma de Carvalho, 37"
412,PARQUE BURNIER.,10073560,09:45:00,5,0,0,18,2025-01-04T00:00:00.000Z,-43.333589670000,-21.761652280000,"Rua Olga Burnier, 230"
412,PARQUE BURNIER.,10073561,09:45:00,7,0,0,17,2025-01-04T00:00:00.000Z,-43.331552510000,-21.763418910000,"Rua Olga Burnier, 480"
412,PARQUE BURNIER.,10073552,09:45:00,3,1,0,18,2025-01-04T00:00:00.000Z,-43.335479020000,-21.760313550000,"Rua São Geraldo, 84"
412,PARQUE BURNIER.,10073557,09:45:00,6,0,1,17,2025-01-04T00:00:00.000Z,-43.332479840000,-21.762640710000,"Rua Olga Burnier, 356"
412,PARQUE BURNIER.,10072296,09:45:00,9,0,1,16,2025-01-04T00:00:00.000Z,-43.329374790000,-21.763440430000,"Rua Adelaide Campos de Resende, 975"
412,PARQUE BURNIER.,10072358,09:45:00,18,1,0,6,2025-01-04T00:00:00.000Z,-43.328687310000,-21.761675740000,"Rua Natalino José de Paula, 112 - Ponto Final do Parque Burnier"
412,PARQUE BURNIER.,10072301,09:45:00,8,0,0,17,2025-01-04T00:00:00.000Z,-43.330138330000,-21.763252970000,"Rua Adelaide Campos de Resende, 1061"
412,PARQUE BURNIER.,10072377,09:45:00,12,0,0,13,2025-01-04T00:00:00.000Z,-43.327321890000,-21.764062650000,"Rua José Teodoro dos Santos, 25"
412,PARQUE BURNIER.,10072375,09:45:00,16,0,2,5,2025-01-04T00:00:00.000Z,-43.327420830000,-21.762727850000,"Rua Natalino José de Paula, 319"
412,PARQUE BURNIER.,10071503,09:45:00,15,0,2,7,2025-01-04T00:00:00.000Z,-43.326207040000,-21.762717810000,"Rua Natalino José de Paula, 421"
412,PARQUE BURNIER.,10072356,09:45:00,17,0,0,5,2025-01-04T00:00:00.000Z,-43.327793950000,-21.762107030000,"Rua Natalino José de Paula, 271"
412,PARQUE BURNIER.,10071108,09:45:00,1,19,0,19,2025-01-04T00:00:00.000Z,-43.349331860000,-21.758144610000,"Avenida Getúlio Vargas, 835"
412,PARQUE BURNIER.,10072313,09:45:00,10,0,2,14,2025-01-04T00:00:00.000Z,-43.328846690000,-21.762504770000,"Rua José Teodoro dos Santos, 275"
412,PARQUE BURNIER.,10072316,09:45:00,11,0,1,13,2025-01-04T00:00:00.000Z,-43.328204750000,-21.763332370000,"Rua José Teodoro dos Santos, 145"
412,PARQUE BURNIER.,10073558,09:45:00,4,0,0,18,2025-01-04T00:00:00.000Z,-43.334645750000,-21.760669710000,"Rua Olga Burnier, 70"
412,PARQUE BURNIER.,10072328,09:45:00,13,0,2,11,2025-01-04T00:00:00.000Z,-43.326450350000,-21.763683320000,"Rua Adelaide Campos de Resende, 669"
412,PARQUE BURNIER.,10072359,09:45:00,14,0,2,9,2025-01-04T00:00:00.000Z,-43.326282500000,-21.763143540000,"Rua Adelaide Campos de Resende, 651"
412,PARQUE BURNIER.,10072332,10:20:00,14,0,0,18,2025-01-04T00:00:00.000Z,-43.335533860000,-21.760131640000,"Rua São Geraldo, 89"
412,PARQUE BURNIER.,10072337,10:20:00,13,0,0,18,2025-01-04T00:00:00.000Z,-43.334540130000,-21.760522960000,"Rua Olga Burnier, 67"
412,PARQUE BURNIER.,10072382,10:20:00,11,0,0,18,2025-01-04T00:00:00.000Z,-43.332369450000,-21.762522520000,"Rua Olga Burnier, 361"
412,PARQUE BURNIER.,10073589,10:20:00,4,5,0,9,2025-01-04T00:00:00.000Z,-43.326568960000,-21.763629600000,"Rua Adelaide Campos de Resende, 706"
412,PARQUE BURNIER.,10072380,10:20:00,10,0,0,18,2025-01-04T00:00:00.000Z,-43.331466790000,-21.763337580000,"Rua Olga Burnier, 485"
412,PARQUE BURNIER.,10073583,10:20:00,9,0,0,18,2025-01-04T00:00:00.000Z,-43.330207820000,-21.763072230000,"Rua Adelaide Campos de Resende, 1070"
412,PARQUE BURNIER.,10072302,10:20:00,15,0,0,18,2025-01-04T00:00:00.000Z,-43.338029500000,-21.760323850000,"Avenida Sete de Setembro, 623"
412,PARQUE BURNIER.,10073584,10:20:00,8,5,0,18,2025-01-04T00:00:00.000Z,-43.329363350000,-21.763255450000,"Rua Adelaide Campos de Resende, 984"
412,PARQUE BURNIER.,10072362,10:20:00,3,2,0,4,2025-01-04T00:00:00.000Z,-43.327527760000,-21.762798310000,"Rua Natalino José de Paula, 310"
412,PARQUE BURNIER.,10072358,10:20:00,1,0,0,0,2025-01-04T00:00:00.000Z,-43.328687310000,-21.761675740000,"Rua Natalino José de Paula, 112 - Ponto Final do Parque Burnier"
412,PARQUE BURNIER.,10071108,10:20:00,17,0,23,0,2025-01-04T00:00:00.000Z,-43.349331860000,-21.758144610000,"Avenida Getúlio Vargas, 835"
412,PARQUE BURNIER.,10074194,10:20:00,16,11,6,23,2025-01-04T00:00:00.000Z,-43.342338620000,-21.760505960000,"Rua Ângelo Falci, 55"
412,PARQUE BURNIER.,10072363,10:20:00,2,2,0,2,2025-01-04T00:00:00.000Z,-43.327885630000,-21.762179390000,"Rua Natalino José de Paula, 288"
412,PARQUE BURNIER.,10072384,10:20:00,6,1,0,12,2025-01-04T00:00:00.000Z,-43.327999480000,-21.763301540000,"Rua José Teodoro dos Santos, 126"
412,PARQUE BURNIER.,10072309,10:20:00,5,2,0,11,2025-01-04T00:00:00.000Z,-43.327273730000,-21.763967940000,"Rua José Teodoro dos Santos, 28"
412,PARQUE BURNIER.,10072335,10:20:00,12,0,0,18,2025-01-04T00:00:00.000Z,-43.333453420000,-21.761562350000,"Rua Olga Burnier, 233"
412,PARQUE BURNIER.,10072386,10:20:00,7,1,0,13,2025-01-04T00:00:00.000Z,-43.328850270000,-21.762325320000,"Rua José Teodoro dos Santos, 292"
412,PARQUE BURNIER.,10073558,10:40:00,4,0,0,7,2025-01-04T00:00:00.000Z,-43.334645750000,-21.760669710000,"Rua Olga Burnier, 70"
412,PARQUE BURNIER.,10072313,10:40:00,10,0,0,4,2025-01-04T00:00:00.000Z,-43.328846690000,-21.762504770000,"Rua José Teodoro dos Santos, 275"
412,PARQUE BURNIER.,10072328,10:40:00,13,0,4,0,2025-01-04T00:00:00.000Z,-43.326450350000,-21.763683320000,"Rua Adelaide Campos de Resende, 669"
412,PARQUE BURNIER.,10072356,10:40:00,17,2,0,2,2025-01-04T00:00:00.000Z,-43.327793950000,-21.762107030000,"Rua Natalino José de Paula, 271"
412,PARQUE BURNIER.,10073557,10:40:00,6,0,0,7,2025-01-04T00:00:00.000Z,-43.332479840000,-21.762640710000,"Rua Olga Burnier, 356"
412,PARQUE BURNIER.,10072377,10:40:00,12,0,0,4,2025-01-04T00:00:00.000Z,-43.327321890000,-21.764062650000,"Rua José Teodoro dos Santos, 25"
412,PARQUE BURNIER.,10072316,10:40:00,11,0,0,4,2025-01-04T00:00:00.000Z,-43.328204750000,-21.763332370000,"Rua José Teodoro dos Santos, 145"
412,PARQUE BURNIER.,10072358,10:40:00,18,6,0,8,2025-01-04T00:00:00.000Z,-43.328687310000,-21.761675740000,"Rua Natalino José de Paula, 112 - Ponto Final do Parque Burnier"
412,PARQUE BURNIER.,10073561,10:40:00,7,0,1,6,2025-01-04T00:00:00.000Z,-43.331552510000,-21.763418910000,"Rua Olga Burnier, 480"
412,PARQUE BURNIER.,10073560,10:40:00,5,0,0,7,2025-01-04T00:00:00.000Z,-43.333589670000,-21.761652280000,"Rua Olga Burnier, 230"
412,PARQUE BURNIER.,10071503,10:40:00,15,0,0,0,2025-01-04T00:00:00.000Z,-43.326207040000,-21.762717810000,"Rua Natalino José de Paula, 421"
412,PARQUE BURNIER.,10072301,10:40:00,8,0,0,6,2025-01-04T00:00:00.000Z,-43.330138330000,-21.763252970000,"Rua Adelaide Campos de Resende, 1061"
412,PARQUE BURNIER.,10072296,10:40:00,9,0,2,4,2025-01-04T00:00:00.000Z,-43.329374790000,-21.763440430000,"Rua Adelaide Campos de Resende, 975"
412,PARQUE BURNIER.,10072305,10:40:00,2,1,1,8,2025-01-04T00:00:00.000Z,-43.337478970000,-21.760922950000,"Rua Djalma de Carvalho, 37"
412,PARQUE BURNIER.,10073552,10:40:00,3,0,1,7,2025-01-04T00:00:00.000Z,-43.335479020000,-21.760313550000,"Rua São Geraldo, 84"
412,PARQUE BURNIER.,10072375,10:40:00,16,0,0,0,2025-01-04T00:00:00.000Z,-43.327420830000,-21.762727850000,"Rua Natalino José de Paula, 319"
412,PARQUE BURNIER.,10071108,10:40:00,1,8,0,8,2025-01-04T00:00:00.000Z,-43.349331860000,-21.758144610000,"Avenida Getúlio Vargas, 835"
412,PARQUE BURNIER.,10072359,10:40:00,14,0,0,0,2025-01-04T00:00:00.000Z,-43.326282500000,-21.763143540000,"Rua Adelaide Campos de Resende, 651"
412,PARQUE BURNIER.,10072337,11:15:00,13,2,0,5,2025-01-04T00:00:00.000Z,-43.334540130000,-21.760522960000,"Rua Olga Burnier, 67"
412,PARQUE BURNIER.,10072302,11:15:00,15,3,2,6,2025-01-04T00:00:00.000Z,-43.338029500000,-21.760323850000,"Avenida Sete de Setembro, 623"
412,PARQUE BURNIER.,10072382,11:15:00,11,0,0,3,2025-01-04T00:00:00.000Z,-43.332369450000,-21.762522520000,"Rua Olga Burnier, 361"
412,PARQUE BURNIER.,10072332,11:15:00,14,0,0,5,2025-01-04T00:00:00.000Z,-43.335533860000,-21.760131640000,"Rua São Geraldo, 89"
412,PARQUE BURNIER.,10072380,11:15:00,10,0,0,3,2025-01-04T00:00:00.000Z,-43.331466790000,-21.763337580000,"Rua Olga Burnier, 485"
412,PARQUE BURNIER.,10072384,11:15:00,6,0,0,0,2025-01-04T00:00:00.000Z,-43.327999480000,-21.763301540000,"Rua José Teodoro dos Santos, 126"
412,PARQUE BURNIER.,10073589,11:15:00,4,0,0,0,2025-01-04T00:00:00.000Z,-43.326568960000,-21.763629600000,"Rua Adelaide Campos de Resende, 706"
412,PARQUE BURNIER.,10071108,11:15:00,17,0,12,5,2025-01-04T00:00:00.000Z,-43.349331860000,-21.758144610000,"Avenida Getúlio Vargas, 835"
412,PARQUE BURNIER.,10072358,11:15:00,1,0,0,0,2025-01-04T00:00:00.000Z,-43.328687310000,-21.761675740000,"Rua Natalino José de Paula, 112 - Ponto Final do Parque Burnier"
412,PARQUE BURNIER.,10072363,11:15:00,2,0,0,0,2025-01-04T00:00:00.000Z,-43.327885630000,-21.762179390000,"Rua Natalino José de Paula, 288"
412,PARQUE BURNIER.,10073583,11:15:00,9,0,0,3,2025-01-04T00:00:00.000Z,-43.330207820000,-21.763072230000,"Rua Adelaide Campos de Resende, 1070"
412,PARQUE BURNIER.,10073584,11:15:00,8,3,0,3,2025-01-04T00:00:00.000Z,-43.329363350000,-21.763255450000,"Rua Adelaide Campos de Resende, 984"
412,PARQUE BURNIER.,10072362,11:15:00,3,0,0,0,2025-01-04T00:00:00.000Z,-43.327527760000,-21.762798310000,"Rua Natalino José de Paula, 310"
412,PARQUE BURNIER.,10072309,11:15:00,5,0,0,0,2025-01-04T00:00:00.000Z,-43.327273730000,-21.763967940000,"Rua José Teodoro dos Santos, 28"
412,PARQUE BURNIER.,10072386,11:15:00,7,0,0,0,2025-01-04T00:00:00.000Z,-43.328850270000,-21.762325320000,"Rua José Teodoro dos Santos, 292"
412,PARQUE BURNIER.,10074194,11:15:00,16,11,0,17,2025-01-04T00:00:00.000Z,-43.342338620000,-21.760505960000,"Rua Ângelo Falci, 55"
412,PARQUE BURNIER.,10072335,11:15:00,12,0,0,3,2025-01-04T00:00:00.000Z,-43.333453420000,-21.761562350000,"Rua Olga Burnier, 233"
412,PARQUE BURNIER.,10073557,11:35:00,6,0,1,12,2025-01-04T00:00:00.000Z,-43.332479840000,-21.762640710000,"Rua Olga Burnier, 356"
412,PARQUE BURNIER.,10072301,11:35:00,8,0,0,12,2025-01-04T00:00:00.000Z,-43.330138330000,-21.763252970000,"Rua Adelaide Campos de Resende, 1061"
412,PARQUE BURNIER.,10072328,11:35:00,13,0,1,7,2025-01-04T00:00:00.000Z,-43.326450350000,-21.763683320000,"Rua Adelaide Campos de Resende, 669"
412,PARQUE BURNIER.,10071503,11:35:00,15,0,2,4,2025-01-04T00:00:00.000Z,-43.326207040000,-21.762717810000,"Rua Natalino José de Paula, 421"
412,PARQUE BURNIER.,10072359,11:35:00,14,0,1,6,2025-01-04T00:00:00.000Z,-43.326282500000,-21.763143540000,"Rua Adelaide Campos de Resende, 651"
412,PARQUE BURNIER.,10073561,11:35:00,7,0,0,12,2025-01-04T00:00:00.000Z,-43.331552510000,-21.763418910000,"Rua Olga Burnier, 480"
412,PARQUE BURNIER.,10073552,11:35:00,3,0,0,13,2025-01-04T00:00:00.000Z,-43.335479020000,-21.760313550000,"Rua São Geraldo, 84"
412,PARQUE BURNIER.,10072356,11:35:00,17,0,0,4,2025-01-04T00:00:00.000Z,-43.327793950000,-21.762107030000,"Rua Natalino José de Paula, 271"
412,PARQUE BURNIER.,10072313,11:35:00,10,0,2,10,2025-01-04T00:00:00.000Z,-43.328846690000,-21.762504770000,"Rua José Teodoro dos Santos, 275"
412,PARQUE BURNIER.,10072377,11:35:00,12,0,0,8,2025-01-04T00:00:00.000Z,-43.327321890000,-21.764062650000,"Rua José Teodoro dos Santos, 25"
412,PARQUE BURNIER.,10072305,11:35:00,2,2,1,13,2025-01-04T00:00:00.000Z,-43.337478970000,-21.760922950000,"Rua Djalma de Carvalho, 37"
412,PARQUE BURNIER.,10072296,11:35:00,9,0,0,12,2025-01-04T00:00:00.000Z,-43.329374790000,-21.763440430000,"Rua Adelaide Campos de Resende, 975"
412,PARQUE BURNIER.,10073560,11:35:00,5,0,0,13,2025-01-04T00:00:00.000Z,-43.333589670000,-21.761652280000,"Rua Olga Burnier, 230"
412,PARQUE BURNIER.,10072316,11:35:00,11,0,2,8,2025-01-04T00:00:00.000Z,-43.328204750000,-21.763332370000,"Rua José Teodoro dos Santos, 145"
412,PARQUE BURNIER.,10072358,11:35:00,18,4,0,8,2025-01-04T00:00:00.000Z,-43.328687310000,-21.761675740000,"Rua Natalino José de Paula, 112 - Ponto Final do Parque Burnier"
412,PARQUE BURNIER.,10071108,11:35:00,1,12,0,12,2025-01-04T00:00:00.000Z,-43.349331860000,-21.758144610000,"Avenida Getúlio Vargas, 835"
412,PARQUE BURNIER.,10072375,11:35:00,16,0,0,4,2025-01-04T00:00:00.000Z,-43.327420830000,-21.762727850000,"Rua Natalino José de Paula, 319"
412,PARQUE BURNIER.,10073558,11:35:00,4,0,0,13,2025-01-04T00:00:00.000Z,-43.334645750000,-21.760669710000,"Rua Olga Burnier, 70"
412,PARQUE BURNIER.,10072316,12:30:00,11,0,1,13,2025-01-04T00:00:00.000Z,-43.328204750000,-21.763332370000,"Rua José Teodoro dos Santos, 145"
412,PARQUE BURNIER.,10073552,12:30:00,3,0,1,16,2025-01-04T00:00:00.000Z,-43.335479020000,-21.760313550000,"Rua São Geraldo, 84"
412,PARQUE BURNIER.,10072328,12:30:00,13,0,2,11,2025-01-04T00:00:00.000Z,-43.326450350000,-21.763683320000,"Rua Adelaide Campos de Resende, 669"
412,PARQUE BURNIER.,10073560,12:30:00,5,0,0,16,2025-01-04T00:00:00.000Z,-43.333589670000,-21.761652280000,"Rua Olga Burnier, 230"
412,PARQUE BURNIER.,10071108,12:30:00,1,18,0,18,2025-01-04T00:00:00.000Z,-43.349331860000,-21.758144610000,"Avenida Getúlio Vargas, 835"
412,PARQUE BURNIER.,10072313,12:30:00,10,0,2,14,2025-01-04T00:00:00.000Z,-43.328846690000,-21.762504770000,"Rua José Teodoro dos Santos, 275"
412,PARQUE BURNIER.,10072375,12:30:00,16,0,2,6,2025-01-04T00:00:00.000Z,-43.327420830000,-21.762727850000,"Rua Natalino José de Paula, 319"
412,PARQUE BURNIER.,10071503,12:30:00,15,0,1,8,2025-01-04T00:00:00.000Z,-43.326207040000,-21.762717810000,"Rua Natalino José de Paula, 421"
412,PARQUE BURNIER.,10072358,12:30:00,18,1,0,7,2025-01-04T00:00:00.000Z,-43.328687310000,-21.761675740000,"Rua Natalino José de Paula, 112 - Ponto Final do Parque Burnier"
412,PARQUE BURNIER.,10072377,12:30:00,12,0,0,13,2025-01-04T00:00:00.000Z,-43.327321890000,-21.764062650000,"Rua José Teodoro dos Santos, 25"
412,PARQUE BURNIER.,10073558,12:30:00,4,0,0,16,2025-01-04T00:00:00.000Z,-43.334645750000,-21.760669710000,"Rua Olga Burnier, 70"
412,PARQUE BURNIER.,10073557,12:30:00,6,0,1,15,2025-01-04T00:00:00.000Z,-43.332479840000,-21.762640710000,"Rua Olga Burnier, 356"
412,PARQUE BURNIER.,10072305,12:30:00,2,1,2,17,2025-01-04T00:00:00.000Z,-43.337478970000,-21.760922950000,"Rua Djalma de Carvalho, 37"
412,PARQUE BURNIER.,10072359,12:30:00,14,0,2,9,2025-01-04T00:00:00.000Z,-43.326282500000,-21.763143540000,"Rua Adelaide Campos de Resende, 651"
412,PARQUE BURNIER.,10072301,12:30:00,8,0,0,15,2025-01-04T00:00:00.000Z,-43.330138330000,-21.763252970000,"Rua Adelaide Campos de Resende, 1061"
412,PARQUE BURNIER.,10073561,12:30:00,7,0,0,15,2025-01-04T00:00:00.000Z,-43.331552510000,-21.763418910000,"Rua Olga Burnier, 480"
412,PARQUE BURNIER.,10072356,12:30:00,17,0,0,6,2025-01-04T00:00:00.000Z,-43.327793950000,-21.762107030000,"Rua Natalino José de Paula, 271"
412,PARQUE BURNIER.,10072296,12:30:00,9,1,0,16,2025-01-04T00:00:00.000Z,-43.329374790000,-21.763440430000,"Rua Adelaide Campos de Resende, 975"
412,PARQUE BURNIER.,10073589,13:05:00,4,1,0,2,2025-01-04T00:00:00.000Z,-43.326568960000,-21.763629600000,"Rua Adelaide Campos de Resende, 706"
412,PARQUE BURNIER.,10072302,13:05:00,15,3,0,14,2025-01-04T00:00:00.000Z,-43.338029500000,-21.760323850000,"Avenida Sete de Setembro, 623"
412,PARQUE BURNIER.,10072337,13:05:00,13,0,0,10,2025-01-04T00:00:00.000Z,-43.334540130000,-21.760522960000,"Rua Olga Burnier, 67"
412,PARQUE BURNIER.,10072380,13:05:00,10,0,0,6,2025-01-04T00:00:00.000Z,-43.331466790000,-21.763337580000,"Rua Olga Burnier, 485"
412,PARQUE BURNIER.,10071108,13:05:00,17,0,26,0,2025-01-04T00:00:00.000Z,-43.349331860000,-21.758144610000,"Avenida Getúlio Vargas, 835"
412,PARQUE BURNIER.,10072309,13:05:00,5,0,0,2,2025-01-04T00:00:00.000Z,-43.327273730000,-21.763967940000,"Rua José Teodoro dos Santos, 28"
412,PARQUE BURNIER.,10072386,13:05:00,7,2,0,4,2025-01-04T00:00:00.000Z,-43.328850270000,-21.762325320000,"Rua José Teodoro dos Santos, 292"
412,PARQUE BURNIER.,10072335,13:05:00,12,4,0,10,2025-01-04T00:00:00.000Z,-43.333453420000,-21.761562350000,"Rua Olga Burnier, 233"
412,PARQUE BURNIER.,10073584,13:05:00,8,2,0,6,2025-01-04T00:00:00.000Z,-43.329363350000,-21.763255450000,"Rua Adelaide Campos de Resende, 984"
412,PARQUE BURNIER.,10073583,13:05:00,9,0,0,6,2025-01-04T00:00:00.000Z,-43.330207820000,-21.763072230000,"Rua Adelaide Campos de Resende, 1070"
412,PARQUE BURNIER.,10072382,13:05:00,11,0,0,6,2025-01-04T00:00:00.000Z,-43.332369450000,-21.762522520000,"Rua Olga Burnier, 361"
412,PARQUE BURNIER.,10072358,13:05:00,1,0,0,0,2025-01-04T00:00:00.000Z,-43.328687310000,-21.761675740000,"Rua Natalino José de Paula, 112 - Ponto Final do Parque Burnier"
412,PARQUE BURNIER.,10072332,13:05:00,14,1,0,11,2025-01-04T00:00:00.000Z,-43.335533860000,-21.760131640000,"Rua São Geraldo, 89"
412,PARQUE BURNIER.,10074194,13:05:00,16,14,2,26,2025-01-04T00:00:00.000Z,-43.342338620000,-21.760505960000,"Rua Ângelo Falci, 55"
412,PARQUE BURNIER.,10072384,13:05:00,6,0,0,2,2025-01-04T00:00:00.000Z,-43.327999480000,-21.763301540000,"Rua José Teodoro dos Santos, 126"
412,PARQUE BURNIER.,10072363,13:05:00,2,0,0,0,2025-01-04T00:00:00.000Z,-43.327885630000,-21.762179390000,"Rua Natalino José de Paula, 288"
412,PARQUE BURNIER.,10072362,13:05:00,3,1,0,1,2025-01-04T00:00:00.000Z,-43.327527760000,-21.762798310000,"Rua Natalino José de Paula, 310"
412,PARQUE BURNIER.,10072296,13:25:00,9,0,0,9,2025-01-04T00:00:00.000Z,-43.329374790000,-21.763440430000,"Rua Adelaide Campos de Resende, 975"
412,PARQUE BURNIER.,10073558,13:25:00,4,0,0,9,2025-01-04T00:00:00.000Z,-43.334645750000,-21.760669710000,"Rua Olga Burnier, 70"
412,PARQUE BURNIER.,10072305,13:25:00,2,0,2,10,2025-01-04T00:00:00.000Z,-43.337478970000,-21.760922950000,"Rua Djalma de Carvalho, 37"
412,PARQUE BURNIER.,10072375,13:25:00,16,2,0,10,2025-01-04T00:00:00.000Z,-43.327420830000,-21.762727850000,"Rua Natalino José de Paula, 319"
412,PARQUE BURNIER.,10072328,13:25:00,13,0,0,8,2025-01-04T00:00:00.000Z,-43.326450350000,-21.763683320000,"Rua Adelaide Campos de Resende, 669"
412,PARQUE BURNIER.,10073560,13:25:00,5,0,0,9,2025-01-04T00:00:00.000Z,-43.333589670000,-21.761652280000,"Rua Olga Burnier, 230"
412,PARQUE BURNIER.,10072301,13:25:00,8,0,0,9,2025-01-04T00:00:00.000Z,-43.330138330000,-21.763252970000,"Rua Adelaide Campos de Resende, 1061"
412,PARQUE BURNIER.,10072313,13:25:00,10,0,0,9,2025-01-04T00:00:00.000Z,-43.328846690000,-21.762504770000,"Rua José Teodoro dos Santos, 275"
412,PARQUE BURNIER.,10071503,13:25:00,15,0,0,8,2025-01-04T00:00:00.000Z,-43.326207040000,-21.762717810000,"Rua Natalino José de Paula, 421"
412,PARQUE BURNIER.,10073552,13:25:00,3,0,1,9,2025-01-04T00:00:00.000Z,-43.335479020000,-21.760313550000,"Rua São Geraldo, 84"
412,PARQUE BURNIER.,10073561,13:25:00,7,0,0,9,2025-01-04T00:00:00.000Z,-43.331552510000,-21.763418910000,"Rua Olga Burnier, 480"
412,PARQUE BURNIER.,10073557,13:25:00,6,0,0,9,2025-01-04T00:00:00.000Z,-43.332479840000,-21.762640710000,"Rua Olga Burnier, 356"
412,PARQUE BURNIER.,10072377,13:25:00,12,0,0,8,2025-01-04T00:00:00.000Z,-43.327321890000,-21.764062650000,"Rua José Teodoro dos Santos, 25"
412,PARQUE BURNIER.,10071108,13:25:00,1,12,0,12,2025-01-04T00:00:00.000Z,-43.349331860000,-21.758144610000,"Avenida Getúlio Vargas, 835"
412,PARQUE BURNIER.,10072316,13:25:00,11,0,1,8,2025-01-04T00:00:00.000Z,-43.328204750000,-21.763332370000,"Rua José Teodoro dos Santos, 145"
412,PARQUE BURNIER.,10072356,13:25:00,17,0,1,9,2025-01-04T00:00:00.000Z,-43.327793950000,-21.762107030000,"Rua Natalino José de Paula, 271"
412,PARQUE BURNIER.,10072358,13:25:00,18,1,0,10,2025-01-04T00:00:00.000Z,-43.328687310000,-21.761675740000,"Rua Natalino José de Paula, 112 - Ponto Final do Parque Burnier"
412,PARQUE BURNIER.,10072359,13:25:00,14,0,0,8,2025-01-04T00:00:00.000Z,-43.326282500000,-21.763143540000,"Rua Adelaide Campos de Resende, 651"
412,PARQUE BURNIER.,10073583,14:00:00,9,0,0,4,2025-01-04T00:00:00.000Z,-43.330207820000,-21.763072230000,"Rua Adelaide Campos de Resende, 1070"
412,PARQUE BURNIER.,10072386,14:00:00,7,0,0,4,2025-01-04T00:00:00.000Z,-43.328850270000,-21.762325320000,"Rua José Teodoro dos Santos, 292"
412,PARQUE BURNIER.,10072384,14:00:00,6,1,0,4,2025-01-04T00:00:00.000Z,-43.327999480000,-21.763301540000,"Rua José Teodoro dos Santos, 126"
412,PARQUE BURNIER.,10072362,14:00:00,3,0,0,0,2025-01-04T00:00:00.000Z,-43.327527760000,-21.762798310000,"Rua Natalino José de Paula, 310"
412,PARQUE BURNIER.,10072332,14:00:00,14,0,0,4,2025-01-04T00:00:00.000Z,-43.335533860000,-21.760131640000,"Rua São Geraldo, 89"
412,PARQUE BURNIER.,10072363,14:00:00,2,0,0,0,2025-01-04T00:00:00.000Z,-43.327885630000,-21.762179390000,"Rua Natalino José de Paula, 288"
412,PARQUE BURNIER.,10072358,14:00:00,1,0,0,0,2025-01-04T00:00:00.000Z,-43.328687310000,-21.761675740000,"Rua Natalino José de Paula, 112 - Ponto Final do Parque Burnier"
412,PARQUE BURNIER.,10074194,14:00:00,16,7,1,9,2025-01-04T00:00:00.000Z,-43.342338620000,-21.760505960000,"Rua Ângelo Falci, 55"
412,PARQUE BURNIER.,10072380,14:00:00,10,0,0,4,2025-01-04T00:00:00.000Z,-43.331466790000,-21.763337580000,"Rua Olga Burnier, 485"
412,PARQUE BURNIER.,10072302,14:00:00,15,1,2,3,2025-01-04T00:00:00.000Z,-43.338029500000,-21.760323850000,"Avenida Sete de Setembro, 623"
412,PARQUE BURNIER.,10073584,14:00:00,8,0,0,4,2025-01-04T00:00:00.000Z,-43.329363350000,-21.763255450000,"Rua Adelaide Campos de Resende, 984"
412,PARQUE BURNIER.,10073589,14:00:00,4,3,0,3,2025-01-04T00:00:00.000Z,-43.326568960000,-21.763629600000,"Rua Adelaide Campos de Resende, 706"
412,PARQUE BURNIER.,10072382,14:00:00,11,0,0,4,2025-01-04T00:00:00.000Z,-43.332369450000,-21.762522520000,"Rua Olga Burnier, 361"
412,PARQUE BURNIER.,10072337,14:00:00,13,0,0,4,2025-01-04T00:00:00.000Z,-43.334540130000,-21.760522960000,"Rua Olga Burnier, 67"
412,PARQUE BURNIER.,10072335,14:00:00,12,0,0,4,2025-01-04T00:00:00.000Z,-43.333453420000,-21.761562350000,"Rua Olga Burnier, 233"
412,PARQUE BURNIER.,10071108,14:00:00,17,0,9,0,2025-01-04T00:00:00.000Z,-43.349331860000,-21.758144610000,"Avenida Getúlio Vargas, 835"
412,PARQUE BURNIER.,10072309,14:00:00,5,0,0,3,2025-01-04T00:00:00.000Z,-43.327273730000,-21.763967940000,"Rua José Teodoro dos Santos, 28"
412,PARQUE BURNIER.,10072359,14:20:00,14,0,4,0,2025-01-04T00:00:00.000Z,-43.326282500000,-21.763143540000,"Rua Adelaide Campos de Resende, 651"
412,PARQUE BURNIER.,10072328,14:20:00,13,0,5,4,2025-01-04T00:00:00.000Z,-43.326450350000,-21.763683320000,"Rua Adelaide Campos de Resende, 669"
412,PARQUE BURNIER.,10072358,14:20:00,18,0,0,0,2025-01-04T00:00:00.000Z,-43.328687310000,-21.761675740000,"Rua Natalino José de Paula, 112 - Ponto Final do Parque Burnier"
412,PARQUE BURNIER.,10072377,14:20:00,12,0,2,9,2025-01-04T00:00:00.000Z,-43.327321890000,-21.764062650000,"Rua José Teodoro dos Santos, 25"
412,PARQUE BURNIER.,10072313,14:20:00,10,0,3,14,2025-01-04T00:00:00.000Z,-43.328846690000,-21.762504770000,"Rua José Teodoro dos Santos, 275"
412,PARQUE BURNIER.,10073560,14:20:00,5,0,0,28,2025-01-04T00:00:00.000Z,-43.333589670000,-21.761652280000,"Rua Olga Burnier, 230"
412,PARQUE BURNIER.,10072296,14:20:00,9,0,6,17,2025-01-04T00:00:00.000Z,-43.329374790000,-21.763440430000,"Rua Adelaide Campos de Resende, 975"
412,PARQUE BURNIER.,10072316,14:20:00,11,0,3,11,2025-01-04T00:00:00.000Z,-43.328204750000,-21.763332370000,"Rua José Teodoro dos Santos, 145"
412,PARQUE BURNIER.,10071503,14:20:00,15,0,0,0,2025-01-04T00:00:00.000Z,-43.326207040000,-21.762717810000,"Rua Natalino José de Paula, 421"
412,PARQUE BURNIER.,10072301,14:20:00,8,0,2,23,2025-01-04T00:00:00.000Z,-43.330138330000,-21.763252970000,"Rua Adelaide Campos de Resende, 1061"
412,PARQUE BURNIER.,10072356,14:20:00,17,0,2,0,2025-01-04T00:00:00.000Z,-43.327793950000,-21.762107030000,"Rua Natalino José de Paula, 271"
412,PARQUE BURNIER.,10072375,14:20:00,16,2,0,2,2025-01-04T00:00:00.000Z,-43.327420830000,-21.762727850000,"Rua Natalino José de Paula, 319"
412,PARQUE BURNIER.,10072305,14:20:00,2,0,3,28,2025-01-04T00:00:00.000Z,-43.337478970000,-21.760922950000,"Rua Djalma de Carvalho, 37"
412,PARQUE BURNIER.,10071108,14:20:00,1,31,0,31,2025-01-04T00:00:00.000Z,-43.349331860000,-21.758144610000,"Avenida Getúlio Vargas, 835"
412,PARQUE BURNIER.,10073557,14:20:00,6,0,1,27,2025-01-04T00:00:00.000Z,-43.332479840000,-21.762640710000,"Rua Olga Burnier, 356"
412,PARQUE BURNIER.,10073558,14:20:00,4,0,0,28,2025-01-04T00:00:00.000Z,-43.334645750000,-21.760669710000,"Rua Olga Burnier, 70"
412,PARQUE BURNIER.,10073561,14:20:00,7,0,2,25,2025-01-04T00:00:00.000Z,-43.331552510000,-21.763418910000,"Rua Olga Burnier, 480"
412,PARQUE BURNIER.,10073552,14:20:00,3,0,0,28,2025-01-04T00:00:00.000Z,-43.335479020000,-21.760313550000,"Rua São Geraldo, 84"
412,PARQUE BURNIER.,10072382,14:55:00,11,0,0,6,2025-01-04T00:00:00.000Z,-43.332369450000,-21.762522520000,"Rua Olga Burnier, 361"
412,PARQUE BURNIER.,10072302,14:55:00,15,0,0,6,2025-01-04T00:00:00.000Z,-43.338029500000,-21.760323850000,"Avenida Sete de Setembro, 623"
412,PARQUE BURNIER.,10073589,14:55:00,4,0,0,4,2025-01-04T00:00:00.000Z,-43.326568960000,-21.763629600000,"Rua Adelaide Campos de Resende, 706"
412,PARQUE BURNIER.,10073583,14:55:00,9,1,0,6,2025-01-04T00:00:00.000Z,-43.330207820000,-21.763072230000,"Rua Adelaide Campos de Resende, 1070"
412,PARQUE BURNIER.,10072337,14:55:00,13,0,0,6,2025-01-04T00:00:00.000Z,-43.334540130000,-21.760522960000,"Rua Olga Burnier, 67"
412,PARQUE BURNIER.,10072386,14:55:00,7,0,0,4,2025-01-04T00:00:00.000Z,-43.328850270000,-21.762325320000,"Rua José Teodoro dos Santos, 292"
412,PARQUE BURNIER.,10072362,14:55:00,3,0,0,4,2025-01-04T00:00:00.000Z,-43.327527760000,-21.762798310000,"Rua Natalino José de Paula, 310"
412,PARQUE BURNIER.,10072335,14:55:00,12,0,0,6,2025-01-04T00:00:00.000Z,-43.333453420000,-21.761562350000,"Rua Olga Burnier, 233"
412,PARQUE BURNIER.,10074194,14:55:00,16,5,1,10,2025-01-04T00:00:00.000Z,-43.342338620000,-21.760505960000,"Rua Ângelo Falci, 55"
412,PARQUE BURNIER.,10072363,14:55:00,2,4,0,4,2025-01-04T00:00:00.000Z,-43.327885630000,-21.762179390000,"Rua Natalino José de Paula, 288"
412,PARQUE BURNIER.,10072380,14:55:00,10,0,0,6,2025-01-04T00:00:00.000Z,-43.331466790000,-21.763337580000,"Rua Olga Burnier, 485"
412,PARQUE BURNIER.,10072309,14:55:00,5,0,0,4,2025-01-04T00:00:00.000Z,-43.327273730000,-21.763967940000,"Rua José Teodoro dos Santos, 28"
412,PARQUE BURNIER.,10072358,14:55:00,1,0,0,0,2025-01-04T00:00:00.000Z,-43.328687310000,-21.761675740000,"Rua Natalino José de Paula, 112 - Ponto Final do Parque Burnier"
412,PARQUE BURNIER.,10071108,14:55:00,17,0,6,4,2025-01-04T00:00:00.000Z,-43.349331860000,-21.758144610000,"Avenida Getúlio Vargas, 835"
412,PARQUE BURNIER.,10072384,14:55:00,6,0,0,4,2025-01-04T00:00:00.000Z,-43.327999480000,-21.763301540000,"Rua José Teodoro dos Santos, 126"
412,PARQUE BURNIER.,10072332,14:55:00,14,0,0,6,2025-01-04T00:00:00.000Z,-43.335533860000,-21.760131640000,"Rua São Geraldo, 89"
412,PARQUE BURNIER.,10073584,14:55:00,8,1,0,5,2025-01-04T00:00:00.000Z,-43.329363350000,-21.763255450000,"Rua Adelaide Campos de Resende, 984"
412,PARQUE BURNIER.,10074194,15:50:00,16,9,2,12,2025-01-04T00:00:00.000Z,-43.342338620000,-21.760505960000,"Rua Ângelo Falci, 55"
412,PARQUE BURNIER.,10072335,15:50:00,12,0,0,6,2025-01-04T00:00:00.000Z,-43.333453420000,-21.761562350000,"Rua Olga Burnier, 233"
412,PARQUE BURNIER.,10073584,15:50:00,8,0,0,5,2025-01-04T00:00:00.000Z,-43.329363350000,-21.763255450000,"Rua Adelaide Campos de Resende, 984"
412,PARQUE BURNIER.,10072309,15:50:00,5,0,0,1,2025-01-04T00:00:00.000Z,-43.327273730000,-21.763967940000,"Rua José Teodoro dos Santos, 28"
412,PARQUE BURNIER.,10072332,15:50:00,14,0,0,6,2025-01-04T00:00:00.000Z,-43.335533860000,-21.760131640000,"Rua São Geraldo, 89"
412,PARQUE BURNIER.,10072363,15:50:00,2,0,0,0,2025-01-04T00:00:00.000Z,-43.327885630000,-21.762179390000,"Rua Natalino José de Paula, 288"
412,PARQUE BURNIER.,10072337,15:50:00,13,0,0,6,2025-01-04T00:00:00.000Z,-43.334540130000,-21.760522960000,"Rua Olga Burnier, 67"
412,PARQUE BURNIER.,10072382,15:50:00,11,1,0,6,2025-01-04T00:00:00.000Z,-43.332369450000,-21.762522520000,"Rua Olga Burnier, 361"
412,PARQUE BURNIER.,10072302,15:50:00,15,1,2,5,2025-01-04T00:00:00.000Z,-43.338029500000,-21.760323850000,"Avenida Sete de Setembro, 623"
412,PARQUE BURNIER.,10071108,15:50:00,17,0,9,3,2025-01-04T00:00:00.000Z,-43.349331860000,-21.758144610000,"Avenida Getúlio Vargas, 835"
412,PARQUE BURNIER.,10072362,15:50:00,3,0,0,0,2025-01-04T00:00:00.000Z,-43.327527760000,-21.762798310000,"Rua Natalino José de Paula, 310"
412,PARQUE BURNIER.,10072358,15:50:00,1,0,0,0,2025-01-04T00:00:00.000Z,-43.328687310000,-21.761675740000,"Rua Natalino José de Paula, 112 - Ponto Final do Parque Burnier"
412,PARQUE BURNIER.,10072386,15:50:00,7,2,0,5,2025-01-04T00:00:00.000Z,-43.328850270000,-21.762325320000,"Rua José Teodoro dos Santos, 292"
412,PARQUE BURNIER.,10073583,15:50:00,9,0,0,5,2025-01-04T00:00:00.000Z,-43.330207820000,-21.763072230000,"Rua Adelaide Campos de Resende, 1070"
412,PARQUE BURNIER.,10073589,15:50:00,4,1,0,1,2025-01-04T00:00:00.000Z,-43.326568960000,-21.763629600000,"Rua Adelaide Campos de Resende, 706"
412,PARQUE BURNIER.,10072380,15:50:00,10,0,0,5,2025-01-04T00:00:00.000Z,-43.331466790000,-21.763337580000,"Rua Olga Burnier, 485"
412,PARQUE BURNIER.,10072384,15:50:00,6,2,0,3,2025-01-04T00:00:00.000Z,-43.327999480000,-21.763301540000,"Rua José Teodoro dos Santos, 126"
412,PARQUE BURNIER.,10073558,16:10:00,4,0,0,9,2025-01-04T00:00:00.000Z,-43.334645750000,-21.760669710000,"Rua Olga Burnier, 70"
412,PARQUE BURNIER.,10072356,16:10:00,17,2,0,10,2025-01-04T00:00:00.000Z,-43.327793950000,-21.762107030000,"Rua Natalino José de Paula, 271"
412,PARQUE BURNIER.,10073557,16:10:00,6,0,0,9,2025-01-04T00:00:00.000Z,-43.332479840000,-21.762640710000,"Rua Olga Burnier, 356"
412,PARQUE BURNIER.,10071503,16:10:00,15,0,0,8,2025-01-04T00:00:00.000Z,-43.326207040000,-21.762717810000,"Rua Natalino José de Paula, 421"
412,PARQUE BURNIER.,10072328,16:10:00,13,0,0,8,2025-01-04T00:00:00.000Z,-43.326450350000,-21.763683320000,"Rua Adelaide Campos de Resende, 669"
412,PARQUE BURNIER.,10072296,16:10:00,9,0,0,9,2025-01-04T00:00:00.000Z,-43.329374790000,-21.763440430000,"Rua Adelaide Campos de Resende, 975"
412,PARQUE BURNIER.,10072375,16:10:00,16,0,0,8,2025-01-04T00:00:00.000Z,-43.327420830000,-21.762727850000,"Rua Natalino José de Paula, 319"
412,PARQUE BURNIER.,10072359,16:10:00,14,0,0,8,2025-01-04T00:00:00.000Z,-43.326282500000,-21.763143540000,"Rua Adelaide Campos de Resende, 651"
412,PARQUE BURNIER.,10072358,16:10:00,18,0,0,10,2025-01-04T00:00:00.000Z,-43.328687310000,-21.761675740000,"Rua Natalino José de Paula, 112 - Ponto Final do Parque Burnier"
412,PARQUE BURNIER.,10072301,16:10:00,8,0,0,9,2025-01-04T00:00:00.000Z,-43.330138330000,-21.763252970000,"Rua Adelaide Campos de Resende, 1061"
412,PARQUE BURNIER.,10072377,16:10:00,12,0,0,8,2025-01-04T00:00:00.000Z,-43.327321890000,-21.764062650000,"Rua José Teodoro dos Santos, 25"
412,PARQUE BURNIER.,10071108,16:10:00,1,11,0,11,2025-01-04T00:00:00.000Z,-43.349331860000,-21.758144610000,"Avenida Getúlio Vargas, 835"
412,PARQUE BURNIER.,10072313,16:10:00,10,0,0,9,2025-01-04T00:00:00.000Z,-43.328846690000,-21.762504770000,"Rua José Teodoro dos Santos, 275"
412,PARQUE BURNIER.,10072316,16:10:00,11,0,1,8,2025-01-04T00:00:00.000Z,-43.328204750000,-21.763332370000,"Rua José Teodoro dos Santos, 145"
412,PARQUE BURNIER.,10073560,16:10:00,5,0,0,9,2025-01-04T00:00:00.000Z,-43.333589670000,-21.761652280000,"Rua Olga Burnier, 230"
412,PARQUE BURNIER.,10072305,16:10:00,2,2,2,11,2025-01-04T00:00:00.000Z,-43.337478970000,-21.760922950000,"Rua Djalma de Carvalho, 37"
412,PARQUE BURNIER.,10073552,16:10:00,3,0,2,9,2025-01-04T00:00:00.000Z,-43.335479020000,-21.760313550000,"Rua São Geraldo, 84"
412,PARQUE BURNIER.,10073561,16:10:00,7,0,0,9,2025-01-04T00:00:00.000Z,-43.331552510000,-21.763418910000,"Rua Olga Burnier, 480"
412,PARQUE BURNIER.,10072362,16:45:00,3,0,0,1,2025-01-04T00:00:00.000Z,-43.327527760000,-21.762798310000,"Rua Natalino José de Paula, 310"
412,PARQUE BURNIER.,10074194,16:45:00,16,5,2,5,2025-01-04T00:00:00.000Z,-43.342338620000,-21.760505960000,"Rua Ângelo Falci, 55"
412,PARQUE BURNIER.,10072302,16:45:00,15,0,0,2,2025-01-04T00:00:00.000Z,-43.338029500000,-21.760323850000,"Avenida Sete de Setembro, 623"
412,PARQUE BURNIER.,10072384,16:45:00,6,0,0,2,2025-01-04T00:00:00.000Z,-43.327999480000,-21.763301540000,"Rua José Teodoro dos Santos, 126"
412,PARQUE BURNIER.,10072363,16:45:00,2,1,0,1,2025-01-04T00:00:00.000Z,-43.327885630000,-21.762179390000,"Rua Natalino José de Paula, 288"
412,PARQUE BURNIER.,10073589,16:45:00,4,1,0,2,2025-01-04T00:00:00.000Z,-43.326568960000,-21.763629600000,"Rua Adelaide Campos de Resende, 706"
412,PARQUE BURNIER.,10072332,16:45:00,14,0,0,2,2025-01-04T00:00:00.000Z,-43.335533860000,-21.760131640000,"Rua São Geraldo, 89"
412,PARQUE BURNIER.,10072386,16:45:00,7,3,0,5,2025-01-04T00:00:00.000Z,-43.328850270000,-21.762325320000,"Rua José Teodoro dos Santos, 292"
412,PARQUE BURNIER.,10072335,16:45:00,12,0,0,4,2025-01-04T00:00:00.000Z,-43.333453420000,-21.761562350000,"Rua Olga Burnier, 233"
412,PARQUE BURNIER.,10073583,16:45:00,9,0,1,4,2025-01-04T00:00:00.000Z,-43.330207820000,-21.763072230000,"Rua Adelaide Campos de Resende, 1070"
412,PARQUE BURNIER.,10073584,16:45:00,8,0,0,5,2025-01-04T00:00:00.000Z,-43.329363350000,-21.763255450000,"Rua Adelaide Campos de Resende, 984"
412,PARQUE BURNIER.,10072380,16:45:00,10,0,0,4,2025-01-04T00:00:00.000Z,-43.331466790000,-21.763337580000,"Rua Olga Burnier, 485"
412,PARQUE BURNIER.,10072358,16:45:00,1,0,0,0,2025-01-04T00:00:00.000Z,-43.328687310000,-21.761675740000,"Rua Natalino José de Paula, 112 - Ponto Final do Parque Burnier"
412,PARQUE BURNIER.,10071108,16:45:00,17,0,5,0,2025-01-04T00:00:00.000Z,-43.349331860000,-21.758144610000,"Avenida Getúlio Vargas, 835"
412,PARQUE BURNIER.,10072382,16:45:00,11,0,0,4,2025-01-04T00:00:00.000Z,-43.332369450000,-21.762522520000,"Rua Olga Burnier, 361"
412,PARQUE BURNIER.,10072337,16:45:00,13,0,2,2,2025-01-04T00:00:00.000Z,-43.334540130000,-21.760522960000,"Rua Olga Burnier, 67"
412,PARQUE BURNIER.,10072309,16:45:00,5,0,0,2,2025-01-04T00:00:00.000Z,-43.327273730000,-21.763967940000,"Rua José Teodoro dos Santos, 28"
412,PARQUE BURNIER.,10073552,17:05:00,3,0,0,7,2025-01-04T00:00:00.000Z,-43.335479020000,-21.760313550000,"Rua São Geraldo, 84"
412,PARQUE BURNIER.,10072328,17:05:00,13,0,0,6,2025-01-04T00:00:00.000Z,-43.326450350000,-21.763683320000,"Rua Adelaide Campos de Resende, 669"
412,PARQUE BURNIER.,10072375,17:05:00,16,0,0,6,2025-01-04T00:00:00.000Z,-43.327420830000,-21.762727850000,"Rua Natalino José de Paula, 319"
412,PARQUE BURNIER.,10072296,17:05:00,9,0,0,7,2025-01-04T00:00:00.000Z,-43.329374790000,-21.763440430000,"Rua Adelaide Campos de Resende, 975"
412,PARQUE BURNIER.,10072356,17:05:00,17,0,2,4,2025-01-04T00:00:00.000Z,-43.327793950000,-21.762107030000,"Rua Natalino José de Paula, 271"
412,PARQUE BURNIER.,10073561,17:05:00,7,0,0,7,2025-01-04T00:00:00.000Z,-43.331552510000,-21.763418910000,"Rua Olga Burnier, 480"
412,PARQUE BURNIER.,10072359,17:05:00,14,0,0,6,2025-01-04T00:00:00.000Z,-43.326282500000,-21.763143540000,"Rua Adelaide Campos de Resende, 651"
412,PARQUE BURNIER.,10073557,17:05:00,6,0,0,7,2025-01-04T00:00:00.000Z,-43.332479840000,-21.762640710000,"Rua Olga Burnier, 356"
412,PARQUE BURNIER.,10072305,17:05:00,2,0,0,7,2025-01-04T00:00:00.000Z,-43.337478970000,-21.760922950000,"Rua Djalma de Carvalho, 37"
412,PARQUE BURNIER.,10072313,17:05:00,10,0,0,7,2025-01-04T00:00:00.000Z,-43.328846690000,-21.762504770000,"Rua José Teodoro dos Santos, 275"
412,PARQUE BURNIER.,10071503,17:05:00,15,0,0,6,2025-01-04T00:00:00.000Z,-43.326207040000,-21.762717810000,"Rua Natalino José de Paula, 421"
412,PARQUE BURNIER.,10071108,17:05:00,1,7,0,7,2025-01-04T00:00:00.000Z,-43.349331860000,-21.758144610000,"Avenida Getúlio Vargas, 835"
412,PARQUE BURNIER.,10072301,17:05:00,8,0,0,7,2025-01-04T00:00:00.000Z,-43.330138330000,-21.763252970000,"Rua Adelaide Campos de Resende, 1061"
412,PARQUE BURNIER.,10073558,17:05:00,4,0,0,7,2025-01-04T00:00:00.000Z,-43.334645750000,-21.760669710000,"Rua Olga Burnier, 70"
412,PARQUE BURNIER.,10072377,17:05:00,12,0,0,6,2025-01-04T00:00:00.000Z,-43.327321890000,-21.764062650000,"Rua José Teodoro dos Santos, 25"
412,PARQUE BURNIER.,10072316,17:05:00,11,0,1,6,2025-01-04T00:00:00.000Z,-43.328204750000,-21.763332370000,"Rua José Teodoro dos Santos, 145"
412,PARQUE BURNIER.,10073560,17:05:00,5,0,0,7,2025-01-04T00:00:00.000Z,-43.333589670000,-21.761652280000,"Rua Olga Burnier, 230"
412,PARQUE BURNIER.,10072358,17:05:00,18,0,0,4,2025-01-04T00:00:00.000Z,-43.328687310000,-21.761675740000,"Rua Natalino José de Paula, 112 - Ponto Final do Parque Burnier"
412,PARQUE BURNIER.,10072302,17:40:00,15,1,2,6,2025-01-04T00:00:00.000Z,-43.338029500000,-21.760323850000,"Avenida Sete de Setembro, 623"
412,PARQUE BURNIER.,10072335,17:40:00,12,0,0,7,2025-01-04T00:00:00.000Z,-43.333453420000,-21.761562350000,"Rua Olga Burnier, 233"
412,PARQUE BURNIER.,10073589,17:40:00,4,2,0,4,2025-01-04T00:00:00.000Z,-43.326568960000,-21.763629600000,"Rua Adelaide Campos de Resende, 706"
412,PARQUE BURNIER.,10072362,17:40:00,3,0,0,2,2025-01-04T00:00:00.000Z,-43.327527760000,-21.762798310000,"Rua Natalino José de Paula, 310"
412,PARQUE BURNIER.,10074194,17:40:00,16,1,1,6,2025-01-04T00:00:00.000Z,-43.342338620000,-21.760505960000,"Rua Ângelo Falci, 55"
412,PARQUE BURNIER.,10072337,17:40:00,13,0,0,7,2025-01-04T00:00:00.000Z,-43.334540130000,-21.760522960000,"Rua Olga Burnier, 67"
412,PARQUE BURNIER.,10072358,17:40:00,1,0,0,0,2025-01-04T00:00:00.000Z,-43.328687310000,-21.761675740000,"Rua Natalino José de Paula, 112 - Ponto Final do Parque Burnier"
412,PARQUE BURNIER.,10072309,17:40:00,5,1,0,5,2025-01-04T00:00:00.000Z,-43.327273730000,-21.763967940000,"Rua José Teodoro dos Santos, 28"
412,PARQUE BURNIER.,10073583,17:40:00,9,0,0,7,2025-01-04T00:00:00.000Z,-43.330207820000,-21.763072230000,"Rua Adelaide Campos de Resende, 1070"
412,PARQUE BURNIER.,10072386,17:40:00,7,1,0,7,2025-01-04T00:00:00.000Z,-43.328850270000,-21.762325320000,"Rua José Teodoro dos Santos, 292"
412,PARQUE BURNIER.,10071108,17:40:00,17,0,2,4,2025-01-04T00:00:00.000Z,-43.349331860000,-21.758144610000,"Avenida Getúlio Vargas, 835"
412,PARQUE BURNIER.,10072363,17:40:00,2,2,0,2,2025-01-04T00:00:00.000Z,-43.327885630000,-21.762179390000,"Rua Natalino José de Paula, 288"
412,PARQUE BURNIER.,10072382,17:40:00,11,0,0,7,2025-01-04T00:00:00.000Z,-43.332369450000,-21.762522520000,"Rua Olga Burnier, 361"
412,PARQUE BURNIER.,10073584,17:40:00,8,0,0,7,2025-01-04T00:00:00.000Z,-43.329363350000,-21.763255450000,"Rua Adelaide Campos de Resende, 984"
412,PARQUE BURNIER.,10072384,17:40:00,6,1,0,6,2025-01-04T00:00:00.000Z,-43.327999480000,-21.763301540000,"Rua José Teodoro dos Santos, 126"
412,PARQUE BURNIER.,10072332,17:40:00,14,0,0,7,2025-01-04T00:00:00.000Z,-43.335533860000,-21.760131640000,"Rua São Geraldo, 89"
412,PARQUE BURNIER.,10072380,17:40:00,10,0,0,7,2025-01-04T00:00:00.000Z,-43.331466790000,-21.763337580000,"Rua Olga Burnier, 485"
412,PARQUE BURNIER.,10072316,18:00:00,11,0,0,9,2025-01-04T00:00:00.000Z,-43.328204750000,-21.763332370000,"Rua José Teodoro dos Santos, 145"
412,PARQUE BURNIER.,10073552,18:00:00,3,0,0,12,2025-01-04T00:00:00.000Z,-43.335479020000,-21.760313550000,"Rua São Geraldo, 84"
412,PARQUE BURNIER.,10072377,18:00:00,12,1,0,10,2025-01-04T00:00:00.000Z,-43.327321890000,-21.764062650000,"Rua José Teodoro dos Santos, 25"
412,PARQUE BURNIER.,10072313,18:00:00,10,0,0,9,2025-01-04T00:00:00.000Z,-43.328846690000,-21.762504770000,"Rua José Teodoro dos Santos, 275"
412,PARQUE BURNIER.,10072375,18:00:00,16,0,0,9,2025-01-04T00:00:00.000Z,-43.327420830000,-21.762727850000,"Rua Natalino José de Paula, 319"
412,PARQUE BURNIER.,10072301,18:00:00,8,0,0,10,2025-01-04T00:00:00.000Z,-43.330138330000,-21.763252970000,"Rua Adelaide Campos de Resende, 1061"
412,PARQUE BURNIER.,10073561,18:00:00,7,0,0,10,2025-01-04T00:00:00.000Z,-43.331552510000,-21.763418910000,"Rua Olga Burnier, 480"
412,PARQUE BURNIER.,10072356,18:00:00,17,0,0,9,2025-01-04T00:00:00.000Z,-43.327793950000,-21.762107030000,"Rua Natalino José de Paula, 271"
412,PARQUE BURNIER.,10071503,18:00:00,15,0,1,9,2025-01-04T00:00:00.000Z,-43.326207040000,-21.762717810000,"Rua Natalino José de Paula, 421"
412,PARQUE BURNIER.,10072359,18:00:00,14,0,0,10,2025-01-04T00:00:00.000Z,-43.326282500000,-21.763143540000,"Rua Adelaide Campos de Resende, 651"
412,PARQUE BURNIER.,10072358,18:00:00,18,1,0,10,2025-01-04T00:00:00.000Z,-43.328687310000,-21.761675740000,"Rua Natalino José de Paula, 112 - Ponto Final do Parque Burnier"
412,PARQUE BURNIER.,10073558,18:00:00,4,0,2,10,2025-01-04T00:00:00.000Z,-43.334645750000,-21.760669710000,"Rua Olga Burnier, 70"
412,PARQUE BURNIER.,10071108,18:00:00,1,13,0,13,2025-01-04T00:00:00.000Z,-43.349331860000,-21.758144610000,"Avenida Getúlio Vargas, 835"
412,PARQUE BURNIER.,10072305,18:00:00,2,2,3,12,2025-01-04T00:00:00.000Z,-43.337478970000,-21.760922950000,"Rua Djalma de Carvalho, 37"
412,PARQUE BURNIER.,10073557,18:00:00,6,0,0,10,2025-01-04T00:00:00.000Z,-43.332479840000,-21.762640710000,"Rua Olga Burnier, 356"
412,PARQUE BURNIER.,10073560,18:00:00,5,0,0,10,2025-01-04T00:00:00.000Z,-43.333589670000,-21.761652280000,"Rua Olga Burnier, 230"
412,PARQUE BURNIER.,10072328,18:00:00,13,0,0,10,2025-01-04T00:00:00.000Z,-43.326450350000,-21.763683320000,"Rua Adelaide Campos de Resende, 669"
412,PARQUE BURNIER.,10072296,18:00:00,9,0,1,9,2025-01-04T00:00:00.000Z,-43.329374790000,-21.763440430000,"Rua Adelaide Campos de Resende, 975"
412,PARQUE BURNIER.,10073584,18:35:00,8,0,0,1,2025-01-04T00:00:00.000Z,-43.329363350000,-21.763255450000,"Rua Adelaide Campos de Resende, 984"
412,PARQUE BURNIER.,10072363,18:35:00,2,0,0,0,2025-01-04T00:00:00.000Z,-43.327885630000,-21.762179390000,"Rua Natalino José de Paula, 288"
412,PARQUE BURNIER.,10072384,18:35:00,6,0,0,1,2025-01-04T00:00:00.000Z,-43.327999480000,-21.763301540000,"Rua José Teodoro dos Santos, 126"
412,PARQUE BURNIER.,10072302,18:35:00,15,2,0,3,2025-01-04T00:00:00.000Z,-43.338029500000,-21.760323850000,"Avenida Sete de Setembro, 623"
412,PARQUE BURNIER.,10072309,18:35:00,5,0,0,1,2025-01-04T00:00:00.000Z,-43.327273730000,-21.763967940000,"Rua José Teodoro dos Santos, 28"
412,PARQUE BURNIER.,10072337,18:35:00,13,0,1,0,2025-01-04T00:00:00.000Z,-43.334540130000,-21.760522960000,"Rua Olga Burnier, 67"
412,PARQUE BURNIER.,10073583,18:35:00,9,0,0,1,2025-01-04T00:00:00.000Z,-43.330207820000,-21.763072230000,"Rua Adelaide Campos de Resende, 1070"
412,PARQUE BURNIER.,10074194,18:35:00,16,4,0,7,2025-01-04T00:00:00.000Z,-43.342338620000,-21.760505960000,"Rua Ângelo Falci, 55"
412,PARQUE BURNIER.,10071108,18:35:00,17,0,4,3,2025-01-04T00:00:00.000Z,-43.349331860000,-21.758144610000,"Avenida Getúlio Vargas, 835"
412,PARQUE BURNIER.,10072335,18:35:00,12,0,0,1,2025-01-04T00:00:00.000Z,-43.333453420000,-21.761562350000,"Rua Olga Burnier, 233"
412,PARQUE BURNIER.,10072382,18:35:00,11,0,0,1,2025-01-04T00:00:00.000Z,-43.332369450000,-21.762522520000,"Rua Olga Burnier, 361"
412,PARQUE BURNIER.,10072358,18:35:00,1,0,0,0,2025-01-04T00:00:00.000Z,-43.328687310000,-21.761675740000,"Rua Natalino José de Paula, 112 - Ponto Final do Parque Burnier"
412,PARQUE BURNIER.,10073589,18:35:00,4,1,0,1,2025-01-04T00:00:00.000Z,-43.326568960000,-21.763629600000,"Rua Adelaide Campos de Resende, 706"
412,PARQUE BURNIER.,10072380,18:35:00,10,0,0,1,2025-01-04T00:00:00.000Z,-43.331466790000,-21.763337580000,"Rua Olga Burnier, 485"
412,PARQUE BURNIER.,10072362,18:35:00,3,0,0,0,2025-01-04T00:00:00.000Z,-43.327527760000,-21.762798310000,"Rua Natalino José de Paula, 310"
412,PARQUE BURNIER.,10072332,18:35:00,14,1,0,1,2025-01-04T00:00:00.000Z,-43.335533860000,-21.760131640000,"Rua São Geraldo, 89"
412,PARQUE BURNIER.,10072386,18:35:00,7,0,0,1,2025-01-04T00:00:00.000Z,-43.328850270000,-21.762325320000,"Rua José Teodoro dos Santos, 292"
412,PARQUE BURNIER.,10072332,19:30:00,14,1,0,2,2025-01-04T00:00:00.000Z,-43.335533860000,-21.760131640000,"Rua São Geraldo, 89"
412,PARQUE BURNIER.,10073584,19:30:00,8,0,0,1,2025-01-04T00:00:00.000Z,-43.329363350000,-21.763255450000,"Rua Adelaide Campos de Resende, 984"
412,PARQUE BURNIER.,10072380,19:30:00,10,0,0,1,2025-01-04T00:00:00.000Z,-43.331466790000,-21.763337580000,"Rua Olga Burnier, 485"
412,PARQUE BURNIER.,10072302,19:30:00,15,2,2,2,2025-01-04T00:00:00.000Z,-43.338029500000,-21.760323850000,"Avenida Sete de Setembro, 623"
412,PARQUE BURNIER.,10073583,19:30:00,9,0,0,1,2025-01-04T00:00:00.000Z,-43.330207820000,-21.763072230000,"Rua Adelaide Campos de Resende, 1070"
412,PARQUE BURNIER.,10072358,19:30:00,1,0,0,0,2025-01-04T00:00:00.000Z,-43.328687310000,-21.761675740000,"Rua Natalino José de Paula, 112 - Ponto Final do Parque Burnier"
412,PARQUE BURNIER.,10072335,19:30:00,12,0,0,1,2025-01-04T00:00:00.000Z,-43.333453420000,-21.761562350000,"Rua Olga Burnier, 233"
412,PARQUE BURNIER.,10071108,19:30:00,17,6,4,6,2025-01-04T00:00:00.000Z,-43.349331860000,-21.758144610000,"Avenida Getúlio Vargas, 835"
412,PARQUE BURNIER.,10072386,19:30:00,7,0,0,1,2025-01-04T00:00:00.000Z,-43.328850270000,-21.762325320000,"Rua José Teodoro dos Santos, 292"
412,PARQUE BURNIER.,10072337,19:30:00,13,0,0,1,2025-01-04T00:00:00.000Z,-43.334540130000,-21.760522960000,"Rua Olga Burnier, 67"
412,PARQUE BURNIER.,10072384,19:30:00,6,1,0,1,2025-01-04T00:00:00.000Z,-43.327999480000,-21.763301540000,"Rua José Teodoro dos Santos, 126"
412,PARQUE BURNIER.,10072363,19:30:00,2,0,0,0,2025-01-04T00:00:00.000Z,-43.327885630000,-21.762179390000,"Rua Natalino José de Paula, 288"
412,PARQUE BURNIER.,10072309,19:30:00,5,0,0,0,2025-01-04T00:00:00.000Z,-43.327273730000,-21.763967940000,"Rua José Teodoro dos Santos, 28"
412,PARQUE BURNIER.,10072382,19:30:00,11,0,0,1,2025-01-04T00:00:00.000Z,-43.332369450000,-21.762522520000,"Rua Olga Burnier, 361"
412,PARQUE BURNIER.,10073589,19:30:00,4,0,0,0,2025-01-04T00:00:00.000Z,-43.326568960000,-21.763629600000,"Rua Adelaide Campos de Resende, 706"
412,PARQUE BURNIER.,10072362,19:30:00,3,0,0,0,2025-01-04T00:00:00.000Z,-43.327527760000,-21.762798310000,"Rua Natalino José de Paula, 310"
412,PARQUE BURNIER.,10074194,19:30:00,16,4,2,4,2025-01-04T00:00:00.000Z,-43.342338620000,-21.760505960000,"Rua Ângelo Falci, 55"
412,PARQUE BURNIER.,10072313,20:45:00,10,0,0,3,2025-01-04T00:00:00.000Z,-43.328846690000,-21.762504770000,"Rua José Teodoro dos Santos, 275"
412,PARQUE BURNIER.,10072377,20:45:00,12,0,0,3,2025-01-04T00:00:00.000Z,-43.327321890000,-21.764062650000,"Rua José Teodoro dos Santos, 25"
412,PARQUE BURNIER.,10072358,20:45:00,18,2,0,2,2025-01-04T00:00:00.000Z,-43.328687310000,-21.761675740000,"Rua Natalino José de Paula, 112 - Ponto Final do Parque Burnier"
412,PARQUE BURNIER.,10072316,20:45:00,11,0,0,3,2025-01-04T00:00:00.000Z,-43.328204750000,-21.763332370000,"Rua José Teodoro dos Santos, 145"
412,PARQUE BURNIER.,10072301,20:45:00,8,0,0,3,2025-01-04T00:00:00.000Z,-43.330138330000,-21.763252970000,"Rua Adelaide Campos de Resende, 1061"
412,PARQUE BURNIER.,10071503,20:45:00,15,0,1,0,2025-01-04T00:00:00.000Z,-43.326207040000,-21.762717810000,"Rua Natalino José de Paula, 421"
412,PARQUE BURNIER.,10073561,20:45:00,7,0,0,3,2025-01-04T00:00:00.000Z,-43.331552510000,-21.763418910000,"Rua Olga Burnier, 480"
412,PARQUE BURNIER.,10072356,20:45:00,17,0,0,0,2025-01-04T00:00:00.000Z,-43.327793950000,-21.762107030000,"Rua Natalino José de Paula, 271"
412,PARQUE BURNIER.,10072296,20:45:00,9,0,0,3,2025-01-04T00:00:00.000Z,-43.329374790000,-21.763440430000,"Rua Adelaide Campos de Resende, 975"
412,PARQUE BURNIER.,10073560,20:45:00,5,0,0,1,2025-01-04T00:00:00.000Z,-43.333589670000,-21.761652280000,"Rua Olga Burnier, 230"
412,PARQUE BURNIER.,10073557,20:45:00,6,2,0,3,2025-01-04T00:00:00.000Z,-43.332479840000,-21.762640710000,"Rua Olga Burnier, 356"
412,PARQUE BURNIER.,10072359,20:45:00,14,0,1,1,2025-01-04T00:00:00.000Z,-43.326282500000,-21.763143540000,"Rua Adelaide Campos de Resende, 651"
412,PARQUE BURNIER.,10072375,20:45:00,16,0,0,0,2025-01-04T00:00:00.000Z,-43.327420830000,-21.762727850000,"Rua Natalino José de Paula, 319"
412,PARQUE BURNIER.,10073552,20:45:00,3,1,1,1,2025-01-04T00:00:00.000Z,-43.335479020000,-21.760313550000,"Rua São Geraldo, 84"
412,PARQUE BURNIER.,10073558,20:45:00,4,0,0,1,2025-01-04T00:00:00.000Z,-43.334645750000,-21.760669710000,"Rua Olga Burnier, 70"
412,PARQUE BURNIER.,10071108,20:45:00,1,3,0,3,2025-01-04T00:00:00.000Z,-43.349331860000,-21.758144610000,"Avenida Getúlio Vargas, 835"
412,PARQUE BURNIER.,10072305,20:45:00,2,0,2,1,2025-01-04T00:00:00.000Z,-43.337478970000,-21.760922950000,"Rua Djalma de Carvalho, 37"
412,PARQUE BURNIER.,10072328,20:45:00,13,0,1,2,2025-01-04T00:00:00.000Z,-43.326450350000,-21.763683320000,"Rua Adelaide Campos de Resende, 669"
412,PARQUE BURNIER.,10072359,21:40:00,14,0,1,2,2025-01-04T00:00:00.000Z,-43.326282500000,-21.763143540000,"Rua Adelaide Campos de Resende, 651"
412,PARQUE BURNIER.,10072305,21:40:00,2,0,2,4,2025-01-04T00:00:00.000Z,-43.337478970000,-21.760922950000,"Rua Djalma de Carvalho, 37"
412,PARQUE BURNIER.,10072375,21:40:00,16,0,0,2,2025-01-04T00:00:00.000Z,-43.327420830000,-21.762727850000,"Rua Natalino José de Paula, 319"
412,PARQUE BURNIER.,10072313,21:40:00,10,0,0,4,2025-01-04T00:00:00.000Z,-43.328846690000,-21.762504770000,"Rua José Teodoro dos Santos, 275"
412,PARQUE BURNIER.,10073557,21:40:00,6,0,0,5,2025-01-04T00:00:00.000Z,-43.332479840000,-21.762640710000,"Rua Olga Burnier, 356"
412,PARQUE BURNIER.,10072358,21:40:00,18,1,0,3,2025-01-04T00:00:00.000Z,-43.328687310000,-21.761675740000,"Rua Natalino José de Paula, 112 - Ponto Final do Parque Burnier"
412,PARQUE BURNIER.,10071503,21:40:00,15,0,0,2,2025-01-04T00:00:00.000Z,-43.326207040000,-21.762717810000,"Rua Natalino José de Paula, 421"
412,PARQUE BURNIER.,10072316,21:40:00,11,0,0,4,2025-01-04T00:00:00.000Z,-43.328204750000,-21.763332370000,"Rua José Teodoro dos Santos, 145"
412,PARQUE BURNIER.,10072296,21:40:00,9,0,1,4,2025-01-04T00:00:00.000Z,-43.329374790000,-21.763440430000,"Rua Adelaide Campos de Resende, 975"
412,PARQUE BURNIER.,10072356,21:40:00,17,0,0,2,2025-01-04T00:00:00.000Z,-43.327793950000,-21.762107030000,"Rua Natalino José de Paula, 271"
412,PARQUE BURNIER.,10071108,21:40:00,1,6,0,6,2025-01-04T00:00:00.000Z,-43.349331860000,-21.758144610000,"Avenida Getúlio Vargas, 835"
412,PARQUE BURNIER.,10072328,21:40:00,13,0,1,3,2025-01-04T00:00:00.000Z,-43.326450350000,-21.763683320000,"Rua Adelaide Campos de Resende, 669"
412,PARQUE BURNIER.,10073552,21:40:00,3,0,1,3,2025-01-04T00:00:00.000Z,-43.335479020000,-21.760313550000,"Rua São Geraldo, 84"
412,PARQUE BURNIER.,10072301,21:40:00,8,0,0,5,2025-01-04T00:00:00.000Z,-43.330138330000,-21.763252970000,"Rua Adelaide Campos de Resende, 1061"
412,PARQUE BURNIER.,10073560,21:40:00,5,0,0,5,2025-01-04T00:00:00.000Z,-43.333589670000,-21.761652280000,"Rua Olga Burnier, 230"
412,PARQUE BURNIER.,10073558,21:40:00,4,2,0,5,2025-01-04T00:00:00.000Z,-43.334645750000,-21.760669710000,"Rua Olga Burnier, 70"
412,PARQUE BURNIER.,10072377,21:40:00,12,0,0,4,2025-01-04T00:00:00.000Z,-43.327321890000,-21.764062650000,"Rua José Teodoro dos Santos, 25"
412,PARQUE BURNIER.,10073561,21:40:00,7,0,0,5,2025-01-04T00:00:00.000Z,-43.331552510000,-21.763418910000,"Rua Olga Burnier, 480"
412,PARQUE BURNIER.,10072316,22:30:00,11,0,1,5,2025-01-04T00:00:00.000Z,-43.328204750000,-21.763332370000,"Rua José Teodoro dos Santos, 145"
412,PARQUE BURNIER.,10072301,22:30:00,8,0,0,6,2025-01-04T00:00:00.000Z,-43.330138330000,-21.763252970000,"Rua Adelaide Campos de Resende, 1061"
412,PARQUE BURNIER.,10073558,22:30:00,4,0,0,6,2025-01-04T00:00:00.000Z,-43.334645750000,-21.760669710000,"Rua Olga Burnier, 70"
412,PARQUE BURNIER.,10072358,22:30:00,18,0,0,3,2025-01-04T00:00:00.000Z,-43.328687310000,-21.761675740000,"Rua Natalino José de Paula, 112 - Ponto Final do Parque Burnier"
412,PARQUE BURNIER.,10072313,22:30:00,10,0,0,6,2025-01-04T00:00:00.000Z,-43.328846690000,-21.762504770000,"Rua José Teodoro dos Santos, 275"
412,PARQUE BURNIER.,10072375,22:30:00,16,0,0,5,2025-01-04T00:00:00.000Z,-43.327420830000,-21.762727850000,"Rua Natalino José de Paula, 319"
412,PARQUE BURNIER.,10073552,22:30:00,3,0,0,6,2025-01-04T00:00:00.000Z,-43.335479020000,-21.760313550000,"Rua São Geraldo, 84"
412,PARQUE BURNIER.,10072305,22:30:00,2,0,0,6,2025-01-04T00:00:00.000Z,-43.337478970000,-21.760922950000,"Rua Djalma de Carvalho, 37"
412,PARQUE BURNIER.,10072328,22:30:00,13,0,0,5,2025-01-04T00:00:00.000Z,-43.326450350000,-21.763683320000,"Rua Adelaide Campos de Resende, 669"
412,PARQUE BURNIER.,10071503,22:30:00,15,0,0,5,2025-01-04T00:00:00.000Z,-43.326207040000,-21.762717810000,"Rua Natalino José de Paula, 421"
412,PARQUE BURNIER.,10073557,22:30:00,6,0,0,6,2025-01-04T00:00:00.000Z,-43.332479840000,-21.762640710000,"Rua Olga Burnier, 356"
412,PARQUE BURNIER.,10072356,22:30:00,17,0,2,3,2025-01-04T00:00:00.000Z,-43.327793950000,-21.762107030000,"Rua Natalino José de Paula, 271"
412,PARQUE BURNIER.,10073561,22:30:00,7,0,0,6,2025-01-04T00:00:00.000Z,-43.331552510000,-21.763418910000,"Rua Olga Burnier, 480"
412,PARQUE BURNIER.,10073560,22:30:00,5,0,0,6,2025-01-04T00:00:00.000Z,-43.333589670000,-21.761652280000,"Rua Olga Burnier, 230"
412,PARQUE BURNIER.,10071108,22:30:00,1,6,0,6,2025-01-04T00:00:00.000Z,-43.349331860000,-21.758144610000,"Avenida Getúlio Vargas, 835"
412,PARQUE BURNIER.,10072377,22:30:00,12,0,0,5,2025-01-04T00:00:00.000Z,-43.327321890000,-21.764062650000,"Rua José Teodoro dos Santos, 25"
412,PARQUE BURNIER.,10072359,22:30:00,14,0,0,5,2025-01-04T00:00:00.000Z,-43.326282500000,-21.763143540000,"Rua Adelaide Campos de Resende, 651"
412,PARQUE BURNIER.,10072296,22:30:00,9,0,0,6,2025-01-04T00:00:00.000Z,-43.329374790000,-21.763440430000,"Rua Adelaide Campos de Resende, 975"
412,PARQUE BURNIER.,10072384,06:00:00,6,2,0,11,2025-01-05T00:00:00.000Z,-43.327999480000,-21.763301540000,"Rua José Teodoro dos Santos, 126"
412,PARQUE BURNIER.,10072362,06:00:00,3,1,0,1,2025-01-05T00:00:00.000Z,-43.327527760000,-21.762798310000,"Rua Natalino José de Paula, 310"
412,PARQUE BURNIER.,10072309,06:00:00,5,0,0,9,2025-01-05T00:00:00.000Z,-43.327273730000,-21.763967940000,"Rua José Teodoro dos Santos, 28"
412,PARQUE BURNIER.,10072386,06:00:00,7,0,0,11,2025-01-05T00:00:00.000Z,-43.328850270000,-21.762325320000,"Rua José Teodoro dos Santos, 292"
412,PARQUE BURNIER.,10072363,06:00:00,2,0,0,0,2025-01-05T00:00:00.000Z,-43.327885630000,-21.762179390000,"Rua Natalino José de Paula, 288"
412,PARQUE BURNIER.,10073584,06:00:00,8,2,0,13,2025-01-05T00:00:00.000Z,-43.329363350000,-21.763255450000,"Rua Adelaide Campos de Resende, 984"
412,PARQUE BURNIER.,10073583,06:00:00,9,0,0,13,2025-01-05T00:00:00.000Z,-43.330207820000,-21.763072230000,"Rua Adelaide Campos de Resende, 1070"
412,PARQUE BURNIER.,10072332,06:00:00,14,0,0,4,2025-01-05T00:00:00.000Z,-43.335533860000,-21.760131640000,"Rua São Geraldo, 89"
412,PARQUE BURNIER.,10072335,06:00:00,12,1,0,14,2025-01-05T00:00:00.000Z,-43.333453420000,-21.761562350000,"Rua Olga Burnier, 233"
412,PARQUE BURNIER.,10074194,06:00:00,16,0,1,0,2025-01-05T00:00:00.000Z,-43.342338620000,-21.760505960000,"Rua Ângelo Falci, 55"
412,PARQUE BURNIER.,10072358,06:00:00,1,0,0,0,2025-01-05T00:00:00.000Z,-43.328687310000,-21.761675740000,"Rua Natalino José de Paula, 112 - Ponto Final do Parque Burnier"
412,PARQUE BURNIER.,10072382,06:00:00,11,0,0,13,2025-01-05T00:00:00.000Z,-43.332369450000,-21.762522520000,"Rua Olga Burnier, 361"
412,PARQUE BURNIER.,10073589,06:00:00,4,8,0,9,2025-01-05T00:00:00.000Z,-43.326568960000,-21.763629600000,"Rua Adelaide Campos de Resende, 706"
412,PARQUE BURNIER.,10071108,06:00:00,17,0,0,0,2025-01-05T00:00:00.000Z,-43.349331860000,-21.758144610000,"Avenida Getúlio Vargas, 835"
412,PARQUE BURNIER.,10072380,06:00:00,10,0,0,13,2025-01-05T00:00:00.000Z,-43.331466790000,-21.763337580000,"Rua Olga Burnier, 485"
412,PARQUE BURNIER.,10072302,06:00:00,15,0,3,1,2025-01-05T00:00:00.000Z,-43.338029500000,-21.760323850000,"Avenida Sete de Setembro, 623"
412,PARQUE BURNIER.,10072337,06:00:00,13,1,11,4,2025-01-05T00:00:00.000Z,-43.334540130000,-21.760522960000,"Rua Olga Burnier, 67"
412,PARQUE BURNIER.,10072358,07:25:00,18,3,0,8,2025-01-05T00:00:00.000Z,-43.328687310000,-21.761675740000,"Rua Natalino José de Paula, 112 - Ponto Final do Parque Burnier"
412,PARQUE BURNIER.,10072316,07:25:00,11,0,0,5,2025-01-05T00:00:00.000Z,-43.328204750000,-21.763332370000,"Rua José Teodoro dos Santos, 145"
412,PARQUE BURNIER.,10072375,07:25:00,16,0,1,4,2025-01-05T00:00:00.000Z,-43.327420830000,-21.762727850000,"Rua Natalino José de Paula, 319"
412,PARQUE BURNIER.,10071503,07:25:00,15,0,0,5,2025-01-05T00:00:00.000Z,-43.326207040000,-21.762717810000,"Rua Natalino José de Paula, 421"
412,PARQUE BURNIER.,10073552,07:25:00,3,0,0,6,2025-01-05T00:00:00.000Z,-43.335479020000,-21.760313550000,"Rua São Geraldo, 84"
412,PARQUE BURNIER.,10072359,07:25:00,14,0,0,5,2025-01-05T00:00:00.000Z,-43.326282500000,-21.763143540000,"Rua Adelaide Campos de Resende, 651"
412,PARQUE BURNIER.,10072313,07:25:00,10,0,0,5,2025-01-05T00:00:00.000Z,-43.328846690000,-21.762504770000,"Rua José Teodoro dos Santos, 275"
412,PARQUE BURNIER.,10072377,07:25:00,12,0,0,5,2025-01-05T00:00:00.000Z,-43.327321890000,-21.764062650000,"Rua José Teodoro dos Santos, 25"
412,PARQUE BURNIER.,10073560,07:25:00,5,0,0,6,2025-01-05T00:00:00.000Z,-43.333589670000,-21.761652280000,"Rua Olga Burnier, 230"
412,PARQUE BURNIER.,10073561,07:25:00,7,0,0,6,2025-01-05T00:00:00.000Z,-43.331552510000,-21.763418910000,"Rua Olga Burnier, 480"
412,PARQUE BURNIER.,10072296,07:25:00,9,0,1,5,2025-01-05T00:00:00.000Z,-43.329374790000,-21.763440430000,"Rua Adelaide Campos de Resende, 975"
412,PARQUE BURNIER.,10072305,07:25:00,2,1,0,6,2025-01-05T00:00:00.000Z,-43.337478970000,-21.760922950000,"Rua Djalma de Carvalho, 37"
412,PARQUE BURNIER.,10072328,07:25:00,13,0,0,5,2025-01-05T00:00:00.000Z,-43.326450350000,-21.763683320000,"Rua Adelaide Campos de Resende, 669"
412,PARQUE BURNIER.,10072356,07:25:00,17,1,0,5,2025-01-05T00:00:00.000Z,-43.327793950000,-21.762107030000,"Rua Natalino José de Paula, 271"
412,PARQUE BURNIER.,10073557,07:25:00,6,0,0,6,2025-01-05T00:00:00.000Z,-43.332479840000,-21.762640710000,"Rua Olga Burnier, 356"
412,PARQUE BURNIER.,10073558,07:25:00,4,0,0,6,2025-01-05T00:00:00.000Z,-43.334645750000,-21.760669710000,"Rua Olga Burnier, 70"
412,PARQUE BURNIER.,10071108,07:25:00,1,5,0,5,2025-01-05T00:00:00.000Z,-43.349331860000,-21.758144610000,"Avenida Getúlio Vargas, 835"
412,PARQUE BURNIER.,10072301,07:25:00,8,0,0,6,2025-01-05T00:00:00.000Z,-43.330138330000,-21.763252970000,"Rua Adelaide Campos de Resende, 1061"
412,PARQUE BURNIER.,10073558,08:25:00,4,2,0,6,2025-01-05T00:00:00.000Z,-43.334645750000,-21.760669710000,"Rua Olga Burnier, 70"
412,PARQUE BURNIER.,10072377,08:25:00,12,0,0,6,2025-01-05T00:00:00.000Z,-43.327321890000,-21.764062650000,"Rua José Teodoro dos Santos, 25"
412,PARQUE BURNIER.,10073557,08:25:00,6,0,0,6,2025-01-05T00:00:00.000Z,-43.332479840000,-21.762640710000,"Rua Olga Burnier, 356"
412,PARQUE BURNIER.,10072359,08:25:00,14,0,1,4,2025-01-05T00:00:00.000Z,-43.326282500000,-21.763143540000,"Rua Adelaide Campos de Resende, 651"
412,PARQUE BURNIER.,10072328,08:25:00,13,0,1,5,2025-01-05T00:00:00.000Z,-43.326450350000,-21.763683320000,"Rua Adelaide Campos de Resende, 669"
412,PARQUE BURNIER.,10073561,08:25:00,7,0,0,6,2025-01-05T00:00:00.000Z,-43.331552510000,-21.763418910000,"Rua Olga Burnier, 480"
412,PARQUE BURNIER.,10071503,08:25:00,15,0,1,3,2025-01-05T00:00:00.000Z,-43.326207040000,-21.762717810000,"Rua Natalino José de Paula, 421"
412,PARQUE BURNIER.,10072356,08:25:00,17,0,1,2,2025-01-05T00:00:00.000Z,-43.327793950000,-21.762107030000,"Rua Natalino José de Paula, 271"
412,PARQUE BURNIER.,10071108,08:25:00,1,0,0,0,2025-01-05T00:00:00.000Z,-43.349331860000,-21.758144610000,"Avenida Getúlio Vargas, 835"
412,PARQUE BURNIER.,10072296,08:25:00,9,0,0,6,2025-01-05T00:00:00.000Z,-43.329374790000,-21.763440430000,"Rua Adelaide Campos de Resende, 975"
412,PARQUE BURNIER.,10072301,08:25:00,8,0,0,6,2025-01-05T00:00:00.000Z,-43.330138330000,-21.763252970000,"Rua Adelaide Campos de Resende, 1061"
412,PARQUE BURNIER.,10073560,08:25:00,5,0,0,6,2025-01-05T00:00:00.000Z,-43.333589670000,-21.761652280000,"Rua Olga Burnier, 230"
412,PARQUE BURNIER.,10072316,08:25:00,11,0,0,6,2025-01-05T00:00:00.000Z,-43.328204750000,-21.763332370000,"Rua José Teodoro dos Santos, 145"
412,PARQUE BURNIER.,10073552,08:25:00,3,0,0,4,2025-01-05T00:00:00.000Z,-43.335479020000,-21.760313550000,"Rua São Geraldo, 84"
412,PARQUE BURNIER.,10072375,08:25:00,16,0,0,3,2025-01-05T00:00:00.000Z,-43.327420830000,-21.762727850000,"Rua Natalino José de Paula, 319"
412,PARQUE BURNIER.,10072305,08:25:00,2,4,0,4,2025-01-05T00:00:00.000Z,-43.337478970000,-21.760922950000,"Rua Djalma de Carvalho, 37"
412,PARQUE BURNIER.,10072358,08:25:00,18,0,0,2,2025-01-05T00:00:00.000Z,-43.328687310000,-21.761675740000,"Rua Natalino José de Paula, 112 - Ponto Final do Parque Burnier"
412,PARQUE BURNIER.,10072313,08:25:00,10,0,0,6,2025-01-05T00:00:00.000Z,-43.328846690000,-21.762504770000,"Rua José Teodoro dos Santos, 275"
412,PARQUE BURNIER.,10072386,09:00:00,7,1,0,6,2025-01-05T00:00:00.000Z,-43.328850270000,-21.762325320000,"Rua José Teodoro dos Santos, 292"
412,PARQUE BURNIER.,10072384,09:00:00,6,0,0,5,2025-01-05T00:00:00.000Z,-43.327999480000,-21.763301540000,"Rua José Teodoro dos Santos, 126"
412,PARQUE BURNIER.,10073584,09:00:00,8,3,0,9,2025-01-05T00:00:00.000Z,-43.329363350000,-21.763255450000,"Rua Adelaide Campos de Resende, 984"
412,PARQUE BURNIER.,10072332,09:00:00,14,0,0,12,2025-01-05T00:00:00.000Z,-43.335533860000,-21.760131640000,"Rua São Geraldo, 89"
412,PARQUE BURNIER.,10074194,09:00:00,16,3,1,13,2025-01-05T00:00:00.000Z,-43.342338620000,-21.760505960000,"Rua Ângelo Falci, 55"
412,PARQUE BURNIER.,10072380,09:00:00,10,0,0,9,2025-01-05T00:00:00.000Z,-43.331466790000,-21.763337580000,"Rua Olga Burnier, 485"
412,PARQUE BURNIER.,10072382,09:00:00,11,0,0,9,2025-01-05T00:00:00.000Z,-43.332369450000,-21.762522520000,"Rua Olga Burnier, 361"
412,PARQUE BURNIER.,10072335,09:00:00,12,0,0,9,2025-01-05T00:00:00.000Z,-43.333453420000,-21.761562350000,"Rua Olga Burnier, 233"
412,PARQUE BURNIER.,10073583,09:00:00,9,0,0,9,2025-01-05T00:00:00.000Z,-43.330207820000,-21.763072230000,"Rua Adelaide Campos de Resende, 1070"
412,PARQUE BURNIER.,10072309,09:00:00,5,1,0,5,2025-01-05T00:00:00.000Z,-43.327273730000,-21.763967940000,"Rua José Teodoro dos Santos, 28"
412,PARQUE BURNIER.,10072358,09:00:00,1,0,0,0,2025-01-05T00:00:00.000Z,-43.328687310000,-21.761675740000,"Rua Natalino José de Paula, 112 - Ponto Final do Parque Burnier"
412,PARQUE BURNIER.,10071108,09:00:00,17,0,6,7,2025-01-05T00:00:00.000Z,-43.349331860000,-21.758144610000,"Avenida Getúlio Vargas, 835"
412,PARQUE BURNIER.,10072363,09:00:00,2,0,0,0,2025-01-05T00:00:00.000Z,-43.327885630000,-21.762179390000,"Rua Natalino José de Paula, 288"
412,PARQUE BURNIER.,10072302,09:00:00,15,0,1,11,2025-01-05T00:00:00.000Z,-43.338029500000,-21.760323850000,"Avenida Sete de Setembro, 623"
412,PARQUE BURNIER.,10072362,09:00:00,3,1,0,1,2025-01-05T00:00:00.000Z,-43.327527760000,-21.762798310000,"Rua Natalino José de Paula, 310"
412,PARQUE BURNIER.,10073589,09:00:00,4,3,0,4,2025-01-05T00:00:00.000Z,-43.326568960000,-21.763629600000,"Rua Adelaide Campos de Resende, 706"
412,PARQUE BURNIER.,10072337,09:00:00,13,3,0,12,2025-01-05T00:00:00.000Z,-43.334540130000,-21.760522960000,"Rua Olga Burnier, 67"
412,PARQUE BURNIER.,10072377,11:25:00,12,0,0,13,2025-01-05T00:00:00.000Z,-43.327321890000,-21.764062650000,"Rua José Teodoro dos Santos, 25"
412,PARQUE BURNIER.,10072296,11:25:00,9,0,0,13,2025-01-05T00:00:00.000Z,-43.329374790000,-21.763440430000,"Rua Adelaide Campos de Resende, 975"
412,PARQUE BURNIER.,10073561,11:25:00,7,0,0,13,2025-01-05T00:00:00.000Z,-43.331552510000,-21.763418910000,"Rua Olga Burnier, 480"
412,PARQUE BURNIER.,10072305,11:25:00,2,3,0,3,2025-01-05T00:00:00.000Z,-43.337478970000,-21.760922950000,"Rua Djalma de Carvalho, 37"
412,PARQUE BURNIER.,10073557,11:25:00,6,0,1,13,2025-01-05T00:00:00.000Z,-43.332479840000,-21.762640710000,"Rua Olga Burnier, 356"
412,PARQUE BURNIER.,10072375,11:25:00,16,0,1,0,2025-01-05T00:00:00.000Z,-43.327420830000,-21.762727850000,"Rua Natalino José de Paula, 319"
412,PARQUE BURNIER.,10073560,11:25:00,5,0,0,14,2025-01-05T00:00:00.000Z,-43.333589670000,-21.761652280000,"Rua Olga Burnier, 230"
412,PARQUE BURNIER.,10073558,11:25:00,4,11,0,14,2025-01-05T00:00:00.000Z,-43.334645750000,-21.760669710000,"Rua Olga Burnier, 70"
412,PARQUE BURNIER.,10072328,11:25:00,13,0,4,9,2025-01-05T00:00:00.000Z,-43.326450350000,-21.763683320000,"Rua Adelaide Campos de Resende, 669"
412,PARQUE BURNIER.,10072356,11:25:00,17,0,0,0,2025-01-05T00:00:00.000Z,-43.327793950000,-21.762107030000,"Rua Natalino José de Paula, 271"
412,PARQUE BURNIER.,10072359,11:25:00,14,0,4,5,2025-01-05T00:00:00.000Z,-43.326282500000,-21.763143540000,"Rua Adelaide Campos de Resende, 651"
412,PARQUE BURNIER.,10073552,11:25:00,3,0,0,3,2025-01-05T00:00:00.000Z,-43.335479020000,-21.760313550000,"Rua São Geraldo, 84"
412,PARQUE BURNIER.,10071503,11:25:00,15,0,4,1,2025-01-05T00:00:00.000Z,-43.326207040000,-21.762717810000,"Rua Natalino José de Paula, 421"
412,PARQUE BURNIER.,10072301,11:25:00,8,0,0,13,2025-01-05T00:00:00.000Z,-43.330138330000,-21.763252970000,"Rua Adelaide Campos de Resende, 1061"
412,PARQUE BURNIER.,10071108,11:25:00,1,0,0,0,2025-01-05T00:00:00.000Z,-43.349331860000,-21.758144610000,"Avenida Getúlio Vargas, 835"
412,PARQUE BURNIER.,10072313,11:25:00,10,0,0,13,2025-01-05T00:00:00.000Z,-43.328846690000,-21.762504770000,"Rua José Teodoro dos Santos, 275"
412,PARQUE BURNIER.,10072358,11:25:00,18,0,0,0,2025-01-05T00:00:00.000Z,-43.328687310000,-21.761675740000,"Rua Natalino José de Paula, 112 - Ponto Final do Parque Burnier"
412,PARQUE BURNIER.,10072316,11:25:00,11,0,0,13,2025-01-05T00:00:00.000Z,-43.328204750000,-21.763332370000,"Rua José Teodoro dos Santos, 145"
412,PARQUE BURNIER.,10073552,12:25:00,3,0,0,3,2025-01-05T00:00:00.000Z,-43.335479020000,-21.760313550000,"Rua São Geraldo, 84"
412,PARQUE BURNIER.,10072296,12:25:00,9,0,0,5,2025-01-05T00:00:00.000Z,-43.329374790000,-21.763440430000,"Rua Adelaide Campos de Resende, 975"
412,PARQUE BURNIER.,10072358,12:25:00,18,0,0,2,2025-01-05T00:00:00.000Z,-43.328687310000,-21.761675740000,"Rua Natalino José de Paula, 112 - Ponto Final do Parque Burnier"
412,PARQUE BURNIER.,10072313,12:25:00,10,0,0,5,2025-01-05T00:00:00.000Z,-43.328846690000,-21.762504770000,"Rua José Teodoro dos Santos, 275"
412,PARQUE BURNIER.,10072375,12:25:00,16,0,0,3,2025-01-05T00:00:00.000Z,-43.327420830000,-21.762727850000,"Rua Natalino José de Paula, 319"
412,PARQUE BURNIER.,10073558,12:25:00,4,0,0,3,2025-01-05T00:00:00.000Z,-43.334645750000,-21.760669710000,"Rua Olga Burnier, 70"
412,PARQUE BURNIER.,10072359,12:25:00,14,0,1,3,2025-01-05T00:00:00.000Z,-43.326282500000,-21.763143540000,"Rua Adelaide Campos de Resende, 651"
412,PARQUE BURNIER.,10072316,12:25:00,11,0,0,5,2025-01-05T00:00:00.000Z,-43.328204750000,-21.763332370000,"Rua José Teodoro dos Santos, 145"
412,PARQUE BURNIER.,10071503,12:25:00,15,1,1,3,2025-01-05T00:00:00.000Z,-43.326207040000,-21.762717810000,"Rua Natalino José de Paula, 421"
412,PARQUE BURNIER.,10072356,12:25:00,17,0,1,2,2025-01-05T00:00:00.000Z,-43.327793950000,-21.762107030000,"Rua Natalino José de Paula, 271"
412,PARQUE BURNIER.,10073560,12:25:00,5,1,0,4,2025-01-05T00:00:00.000Z,-43.333589670000,-21.761652280000,"Rua Olga Burnier, 230"
412,PARQUE BURNIER.,10073561,12:25:00,7,0,0,5,2025-01-05T00:00:00.000Z,-43.331552510000,-21.763418910000,"Rua Olga Burnier, 480"
412,PARQUE BURNIER.,10072328,12:25:00,13,0,1,4,2025-01-05T00:00:00.000Z,-43.326450350000,-21.763683320000,"Rua Adelaide Campos de Resende, 669"
412,PARQUE BURNIER.,10073557,12:25:00,6,1,0,5,2025-01-05T00:00:00.000Z,-43.332479840000,-21.762640710000,"Rua Olga Burnier, 356"
412,PARQUE BURNIER.,10071108,12:25:00,1,0,0,0,2025-01-05T00:00:00.000Z,-43.349331860000,-21.758144610000,"Avenida Getúlio Vargas, 835"
412,PARQUE BURNIER.,10072301,12:25:00,8,0,0,5,2025-01-05T00:00:00.000Z,-43.330138330000,-21.763252970000,"Rua Adelaide Campos de Resende, 1061"
412,PARQUE BURNIER.,10072377,12:25:00,12,0,0,5,2025-01-05T00:00:00.000Z,-43.327321890000,-21.764062650000,"Rua José Teodoro dos Santos, 25"
412,PARQUE BURNIER.,10072305,12:25:00,2,3,0,3,2025-01-05T00:00:00.000Z,-43.337478970000,-21.760922950000,"Rua Djalma de Carvalho, 37"
412,PARQUE BURNIER.,10072301,13:25:00,8,0,0,27,2025-01-05T00:00:00.000Z,-43.330138330000,-21.763252970000,"Rua Adelaide Campos de Resende, 1061"
412,PARQUE BURNIER.,10072313,13:25:00,10,0,0,26,2025-01-05T00:00:00.000Z,-43.328846690000,-21.762504770000,"Rua José Teodoro dos Santos, 275"
412,PARQUE BURNIER.,10072296,13:25:00,9,0,1,26,2025-01-05T00:00:00.000Z,-43.329374790000,-21.763440430000,"Rua Adelaide Campos de Resende, 975"
412,PARQUE BURNIER.,10072358,13:25:00,18,3,0,13,2025-01-05T00:00:00.000Z,-43.328687310000,-21.761675740000,"Rua Natalino José de Paula, 112 - Ponto Final do Parque Burnier"
412,PARQUE BURNIER.,10072305,13:25:00,2,3,0,27,2025-01-05T00:00:00.000Z,-43.337478970000,-21.760922950000,"Rua Djalma de Carvalho, 37"
412,PARQUE BURNIER.,10071503,13:25:00,15,0,3,13,2025-01-05T00:00:00.000Z,-43.326207040000,-21.762717810000,"Rua Natalino José de Paula, 421"
412,PARQUE BURNIER.,10073552,13:25:00,3,0,0,27,2025-01-05T00:00:00.000Z,-43.335479020000,-21.760313550000,"Rua São Geraldo, 84"
412,PARQUE BURNIER.,10072375,13:25:00,16,0,1,12,2025-01-05T00:00:00.000Z,-43.327420830000,-21.762727850000,"Rua Natalino José de Paula, 319"
412,PARQUE BURNIER.,10073561,13:25:00,7,0,0,27,2025-01-05T00:00:00.000Z,-43.331552510000,-21.763418910000,"Rua Olga Burnier, 480"
412,PARQUE BURNIER.,10072316,13:25:00,11,0,4,22,2025-01-05T00:00:00.000Z,-43.328204750000,-21.763332370000,"Rua José Teodoro dos Santos, 145"
412,PARQUE BURNIER.,10073557,13:25:00,6,0,0,27,2025-01-05T00:00:00.000Z,-43.332479840000,-21.762640710000,"Rua Olga Burnier, 356"
412,PARQUE BURNIER.,10072359,13:25:00,14,0,3,16,2025-01-05T00:00:00.000Z,-43.326282500000,-21.763143540000,"Rua Adelaide Campos de Resende, 651"
412,PARQUE BURNIER.,10072328,13:25:00,13,0,3,19,2025-01-05T00:00:00.000Z,-43.326450350000,-21.763683320000,"Rua Adelaide Campos de Resende, 669"
412,PARQUE BURNIER.,10072356,13:25:00,17,0,2,10,2025-01-05T00:00:00.000Z,-43.327793950000,-21.762107030000,"Rua Natalino José de Paula, 271"
412,PARQUE BURNIER.,10072377,13:25:00,12,0,0,22,2025-01-05T00:00:00.000Z,-43.327321890000,-21.764062650000,"Rua José Teodoro dos Santos, 25"
412,PARQUE BURNIER.,10073558,13:25:00,4,0,0,27,2025-01-05T00:00:00.000Z,-43.334645750000,-21.760669710000,"Rua Olga Burnier, 70"
412,PARQUE BURNIER.,10071108,13:25:00,1,24,0,24,2025-01-05T00:00:00.000Z,-43.349331860000,-21.758144610000,"Avenida Getúlio Vargas, 835"
412,PARQUE BURNIER.,10073560,13:25:00,5,0,0,27,2025-01-05T00:00:00.000Z,-43.333589670000,-21.761652280000,"Rua Olga Burnier, 230"
412,PARQUE BURNIER.,10073557,14:25:00,6,0,0,0,2025-01-05T00:00:00.000Z,-43.332479840000,-21.762640710000,"Rua Olga Burnier, 356"
412,PARQUE BURNIER.,10072375,14:25:00,16,0,1,7,2025-01-05T00:00:00.000Z,-43.327420830000,-21.762727850000,"Rua Natalino José de Paula, 319"
412,PARQUE BURNIER.,10073560,14:25:00,5,0,0,0,2025-01-05T00:00:00.000Z,-43.333589670000,-21.761652280000,"Rua Olga Burnier, 230"
412,PARQUE BURNIER.,10072316,14:25:00,11,0,0,8,2025-01-05T00:00:00.000Z,-43.328204750000,-21.763332370000,"Rua José Teodoro dos Santos, 145"
412,PARQUE BURNIER.,10072296,14:25:00,9,2,0,8,2025-01-05T00:00:00.000Z,-43.329374790000,-21.763440430000,"Rua Adelaide Campos de Resende, 975"
412,PARQUE BURNIER.,10071503,14:25:00,15,0,0,8,2025-01-05T00:00:00.000Z,-43.326207040000,-21.762717810000,"Rua Natalino José de Paula, 421"
412,PARQUE BURNIER.,10073561,14:25:00,7,0,0,0,2025-01-05T00:00:00.000Z,-43.331552510000,-21.763418910000,"Rua Olga Burnier, 480"
412,PARQUE BURNIER.,10072328,14:25:00,13,0,0,8,2025-01-05T00:00:00.000Z,-43.326450350000,-21.763683320000,"Rua Adelaide Campos de Resende, 669"
412,PARQUE BURNIER.,10072356,14:25:00,17,0,0,7,2025-01-05T00:00:00.000Z,-43.327793950000,-21.762107030000,"Rua Natalino José de Paula, 271"
412,PARQUE BURNIER.,10072301,14:25:00,8,6,0,6,2025-01-05T00:00:00.000Z,-43.330138330000,-21.763252970000,"Rua Adelaide Campos de Resende, 1061"
412,PARQUE BURNIER.,10071108,14:25:00,1,0,0,0,2025-01-05T00:00:00.000Z,-43.349331860000,-21.758144610000,"Avenida Getúlio Vargas, 835"
412,PARQUE BURNIER.,10072313,14:25:00,10,0,0,8,2025-01-05T00:00:00.000Z,-43.328846690000,-21.762504770000,"Rua José Teodoro dos Santos, 275"
412,PARQUE BURNIER.,10072305,14:25:00,2,0,0,0,2025-01-05T00:00:00.000Z,-43.337478970000,-21.760922950000,"Rua Djalma de Carvalho, 37"
412,PARQUE BURNIER.,10073552,14:25:00,3,0,0,0,2025-01-05T00:00:00.000Z,-43.335479020000,-21.760313550000,"Rua São Geraldo, 84"
412,PARQUE BURNIER.,10073558,14:25:00,4,0,0,0,2025-01-05T00:00:00.000Z,-43.334645750000,-21.760669710000,"Rua Olga Burnier, 70"
412,PARQUE BURNIER.,10072377,14:25:00,12,0,0,8,2025-01-05T00:00:00.000Z,-43.327321890000,-21.764062650000,"Rua José Teodoro dos Santos, 25"
412,PARQUE BURNIER.,10072358,14:25:00,18,0,0,7,2025-01-05T00:00:00.000Z,-43.328687310000,-21.761675740000,"Rua Natalino José de Paula, 112 - Ponto Final do Parque Burnier"
412,PARQUE BURNIER.,10072359,14:25:00,14,0,0,8,2025-01-05T00:00:00.000Z,-43.326282500000,-21.763143540000,"Rua Adelaide Campos de Resende, 651"
412,PARQUE BURNIER.,10072337,16:00:00,13,0,0,10,2025-01-05T00:00:00.000Z,-43.334540130000,-21.760522960000,"Rua Olga Burnier, 67"
412,PARQUE BURNIER.,10072382,16:00:00,11,1,0,10,2025-01-05T00:00:00.000Z,-43.332369450000,-21.762522520000,"Rua Olga Burnier, 361"
412,PARQUE BURNIER.,10072384,16:00:00,6,0,0,9,2025-01-05T00:00:00.000Z,-43.327999480000,-21.763301540000,"Rua José Teodoro dos Santos, 126"
412,PARQUE BURNIER.,10072335,16:00:00,12,0,0,10,2025-01-05T00:00:00.000Z,-43.333453420000,-21.761562350000,"Rua Olga Burnier, 233"
412,PARQUE BURNIER.,10072358,16:00:00,1,0,0,0,2025-01-05T00:00:00.000Z,-43.328687310000,-21.761675740000,"Rua Natalino José de Paula, 112 - Ponto Final do Parque Burnier"
412,PARQUE BURNIER.,10073583,16:00:00,9,0,0,9,2025-01-05T00:00:00.000Z,-43.330207820000,-21.763072230000,"Rua Adelaide Campos de Resende, 1070"
412,PARQUE BURNIER.,10072332,16:00:00,14,0,0,10,2025-01-05T00:00:00.000Z,-43.335533860000,-21.760131640000,"Rua São Geraldo, 89"
412,PARQUE BURNIER.,10071108,16:00:00,17,0,11,0,2025-01-05T00:00:00.000Z,-43.349331860000,-21.758144610000,"Avenida Getúlio Vargas, 835"
412,PARQUE BURNIER.,10072386,16:00:00,7,0,0,9,2025-01-05T00:00:00.000Z,-43.328850270000,-21.762325320000,"Rua José Teodoro dos Santos, 292"
412,PARQUE BURNIER.,10072362,16:00:00,3,1,0,5,2025-01-05T00:00:00.000Z,-43.327527760000,-21.762798310000,"Rua Natalino José de Paula, 310"
412,PARQUE BURNIER.,10074194,16:00:00,16,7,3,11,2025-01-05T00:00:00.000Z,-43.342338620000,-21.760505960000,"Rua Ângelo Falci, 55"
412,PARQUE BURNIER.,10073584,16:00:00,8,0,0,9,2025-01-05T00:00:00.000Z,-43.329363350000,-21.763255450000,"Rua Adelaide Campos de Resende, 984"
412,PARQUE BURNIER.,10073589,16:00:00,4,4,0,9,2025-01-05T00:00:00.000Z,-43.326568960000,-21.763629600000,"Rua Adelaide Campos de Resende, 706"
412,PARQUE BURNIER.,10072363,16:00:00,2,4,0,4,2025-01-05T00:00:00.000Z,-43.327885630000,-21.762179390000,"Rua Natalino José de Paula, 288"
412,PARQUE BURNIER.,10072380,16:00:00,10,0,0,9,2025-01-05T00:00:00.000Z,-43.331466790000,-21.763337580000,"Rua Olga Burnier, 485"
412,PARQUE BURNIER.,10072302,16:00:00,15,0,3,7,2025-01-05T00:00:00.000Z,-43.338029500000,-21.760323850000,"Avenida Sete de Setembro, 623"
412,PARQUE BURNIER.,10072309,16:00:00,5,0,0,9,2025-01-05T00:00:00.000Z,-43.327273730000,-21.763967940000,"Rua José Teodoro dos Santos, 28"
412,PARQUE BURNIER.,10072358,17:00:00,1,0,0,0,2025-01-05T00:00:00.000Z,-43.328687310000,-21.761675740000,"Rua Natalino José de Paula, 112 - Ponto Final do Parque Burnier"
412,PARQUE BURNIER.,10072362,17:00:00,3,2,0,7,2025-01-05T00:00:00.000Z,-43.327527760000,-21.762798310000,"Rua Natalino José de Paula, 310"
412,PARQUE BURNIER.,10073584,17:00:00,8,0,0,9,2025-01-05T00:00:00.000Z,-43.329363350000,-21.763255450000,"Rua Adelaide Campos de Resende, 984"
412,PARQUE BURNIER.,10072337,17:00:00,13,1,0,12,2025-01-05T00:00:00.000Z,-43.334540130000,-21.760522960000,"Rua Olga Burnier, 67"
412,PARQUE BURNIER.,10072309,17:00:00,5,0,0,9,2025-01-05T00:00:00.000Z,-43.327273730000,-21.763967940000,"Rua José Teodoro dos Santos, 28"
412,PARQUE BURNIER.,10072384,17:00:00,6,0,0,9,2025-01-05T00:00:00.000Z,-43.327999480000,-21.763301540000,"Rua José Teodoro dos Santos, 126"
412,PARQUE BURNIER.,10072363,17:00:00,2,5,0,5,2025-01-05T00:00:00.000Z,-43.327885630000,-21.762179390000,"Rua Natalino José de Paula, 288"
412,PARQUE BURNIER.,10072382,17:00:00,11,0,0,11,2025-01-05T00:00:00.000Z,-43.332369450000,-21.762522520000,"Rua Olga Burnier, 361"
412,PARQUE BURNIER.,10071108,17:00:00,17,0,11,0,2025-01-05T00:00:00.000Z,-43.349331860000,-21.758144610000,"Avenida Getúlio Vargas, 835"
412,PARQUE BURNIER.,10074194,17:00:00,16,2,3,11,2025-01-05T00:00:00.000Z,-43.342338620000,-21.760505960000,"Rua Ângelo Falci, 55"
412,PARQUE BURNIER.,10072335,17:00:00,12,0,0,11,2025-01-05T00:00:00.000Z,-43.333453420000,-21.761562350000,"Rua Olga Burnier, 233"
412,PARQUE BURNIER.,10072302,17:00:00,15,3,3,12,2025-01-05T00:00:00.000Z,-43.338029500000,-21.760323850000,"Avenida Sete de Setembro, 623"
412,PARQUE BURNIER.,10073583,17:00:00,9,2,0,11,2025-01-05T00:00:00.000Z,-43.330207820000,-21.763072230000,"Rua Adelaide Campos de Resende, 1070"
412,PARQUE BURNIER.,10072386,17:00:00,7,0,0,9,2025-01-05T00:00:00.000Z,-43.328850270000,-21.762325320000,"Rua José Teodoro dos Santos, 292"
412,PARQUE BURNIER.,10073589,17:00:00,4,2,0,9,2025-01-05T00:00:00.000Z,-43.326568960000,-21.763629600000,"Rua Adelaide Campos de Resende, 706"
412,PARQUE BURNIER.,10072380,17:00:00,10,0,0,11,2025-01-05T00:00:00.000Z,-43.331466790000,-21.763337580000,"Rua Olga Burnier, 485"
412,PARQUE BURNIER.,10072332,17:00:00,14,0,0,12,2025-01-05T00:00:00.000Z,-43.335533860000,-21.760131640000,"Rua São Geraldo, 89"
412,PARQUE BURNIER.,10072358,18:00:00,1,0,0,0,2025-01-05T00:00:00.000Z,-43.328687310000,-21.761675740000,"Rua Natalino José de Paula, 112 - Ponto Final do Parque Burnier"
412,PARQUE BURNIER.,10072309,18:00:00,5,2,0,7,2025-01-05T00:00:00.000Z,-43.327273730000,-21.763967940000,"Rua José Teodoro dos Santos, 28"
412,PARQUE BURNIER.,10073584,18:00:00,8,0,0,10,2025-01-05T00:00:00.000Z,-43.329363350000,-21.763255450000,"Rua Adelaide Campos de Resende, 984"
412,PARQUE BURNIER.,10074194,18:00:00,16,12,3,16,2025-01-05T00:00:00.000Z,-43.342338620000,-21.760505960000,"Rua Ângelo Falci, 55"
412,PARQUE BURNIER.,10072337,18:00:00,13,0,0,11,2025-01-05T00:00:00.000Z,-43.334540130000,-21.760522960000,"Rua Olga Burnier, 67"
412,PARQUE BURNIER.,10072382,18:00:00,11,0,0,10,2025-01-05T00:00:00.000Z,-43.332369450000,-21.762522520000,"Rua Olga Burnier, 361"
412,PARQUE BURNIER.,10071108,18:00:00,17,0,16,0,2025-01-05T00:00:00.000Z,-43.349331860000,-21.758144610000,"Avenida Getúlio Vargas, 835"
412,PARQUE BURNIER.,10073583,18:00:00,9,0,0,10,2025-01-05T00:00:00.000Z,-43.330207820000,-21.763072230000,"Rua Adelaide Campos de Resende, 1070"
412,PARQUE BURNIER.,10072363,18:00:00,2,0,0,0,2025-01-05T00:00:00.000Z,-43.327885630000,-21.762179390000,"Rua Natalino José de Paula, 288"
412,PARQUE BURNIER.,10072362,18:00:00,3,3,0,3,2025-01-05T00:00:00.000Z,-43.327527760000,-21.762798310000,"Rua Natalino José de Paula, 310"
412,PARQUE BURNIER.,10072332,18:00:00,14,0,1,10,2025-01-05T00:00:00.000Z,-43.335533860000,-21.760131640000,"Rua São Geraldo, 89"
412,PARQUE BURNIER.,10072380,18:00:00,10,0,0,10,2025-01-05T00:00:00.000Z,-43.331466790000,-21.763337580000,"Rua Olga Burnier, 485"
412,PARQUE BURNIER.,10072384,18:00:00,6,0,0,7,2025-01-05T00:00:00.000Z,-43.327999480000,-21.763301540000,"Rua José Teodoro dos Santos, 126"
412,PARQUE BURNIER.,10072302,18:00:00,15,0,3,7,2025-01-05T00:00:00.000Z,-43.338029500000,-21.760323850000,"Avenida Sete de Setembro, 623"
412,PARQUE BURNIER.,10072335,18:00:00,12,1,0,11,2025-01-05T00:00:00.000Z,-43.333453420000,-21.761562350000,"Rua Olga Burnier, 233"
412,PARQUE BURNIER.,10072386,18:00:00,7,3,0,10,2025-01-05T00:00:00.000Z,-43.328850270000,-21.762325320000,"Rua José Teodoro dos Santos, 292"
412,PARQUE BURNIER.,10073589,18:00:00,4,2,0,5,2025-01-05T00:00:00.000Z,-43.326568960000,-21.763629600000,"Rua Adelaide Campos de Resende, 706"
412,PARQUE BURNIER.,10073561,18:25:00,7,0,0,5,2025-01-05T00:00:00.000Z,-43.331552510000,-21.763418910000,"Rua Olga Burnier, 480"
412,PARQUE BURNIER.,10071108,18:25:00,1,0,0,0,2025-01-05T00:00:00.000Z,-43.349331860000,-21.758144610000,"Avenida Getúlio Vargas, 835"
412,PARQUE BURNIER.,10072359,18:25:00,14,0,1,5,2025-01-05T00:00:00.000Z,-43.326282500000,-21.763143540000,"Rua Adelaide Campos de Resende, 651"
412,PARQUE BURNIER.,10072301,18:25:00,8,0,0,5,2025-01-05T00:00:00.000Z,-43.330138330000,-21.763252970000,"Rua Adelaide Campos de Resende, 1061"
412,PARQUE BURNIER.,10072358,18:25:00,18,0,0,3,2025-01-05T00:00:00.000Z,-43.328687310000,-21.761675740000,"Rua Natalino José de Paula, 112 - Ponto Final do Parque Burnier"
412,PARQUE BURNIER.,10072305,18:25:00,2,5,0,5,2025-01-05T00:00:00.000Z,-43.337478970000,-21.760922950000,"Rua Djalma de Carvalho, 37"
412,PARQUE BURNIER.,10073557,18:25:00,6,0,0,5,2025-01-05T00:00:00.000Z,-43.332479840000,-21.762640710000,"Rua Olga Burnier, 356"
412,PARQUE BURNIER.,10071503,18:25:00,15,0,1,4,2025-01-05T00:00:00.000Z,-43.326207040000,-21.762717810000,"Rua Natalino José de Paula, 421"
412,PARQUE BURNIER.,10072356,18:25:00,17,0,1,3,2025-01-05T00:00:00.000Z,-43.327793950000,-21.762107030000,"Rua Natalino José de Paula, 271"
412,PARQUE BURNIER.,10072313,18:25:00,10,2,0,7,2025-01-05T00:00:00.000Z,-43.328846690000,-21.762504770000,"Rua José Teodoro dos Santos, 275"
412,PARQUE BURNIER.,10072328,18:25:00,13,0,1,6,2025-01-05T00:00:00.000Z,-43.326450350000,-21.763683320000,"Rua Adelaide Campos de Resende, 669"
412,PARQUE BURNIER.,10072296,18:25:00,9,0,0,5,2025-01-05T00:00:00.000Z,-43.329374790000,-21.763440430000,"Rua Adelaide Campos de Resende, 975"
412,PARQUE BURNIER.,10073560,18:25:00,5,0,0,5,2025-01-05T00:00:00.000Z,-43.333589670000,-21.761652280000,"Rua Olga Burnier, 230"
412,PARQUE BURNIER.,10072377,18:25:00,12,0,0,7,2025-01-05T00:00:00.000Z,-43.327321890000,-21.764062650000,"Rua José Teodoro dos Santos, 25"
412,PARQUE BURNIER.,10072375,18:25:00,16,0,0,4,2025-01-05T00:00:00.000Z,-43.327420830000,-21.762727850000,"Rua Natalino José de Paula, 319"
412,PARQUE BURNIER.,10072316,18:25:00,11,0,0,7,2025-01-05T00:00:00.000Z,-43.328204750000,-21.763332370000,"Rua José Teodoro dos Santos, 145"
412,PARQUE BURNIER.,10073552,18:25:00,3,0,0,5,2025-01-05T00:00:00.000Z,-43.335479020000,-21.760313550000,"Rua São Geraldo, 84"
412,PARQUE BURNIER.,10073558,18:25:00,4,0,0,5,2025-01-05T00:00:00.000Z,-43.334645750000,-21.760669710000,"Rua Olga Burnier, 70"
412,PARQUE BURNIER.,10072386,19:00:00,7,0,0,14,2025-01-05T00:00:00.000Z,-43.328850270000,-21.762325320000,"Rua José Teodoro dos Santos, 292"
412,PARQUE BURNIER.,10073589,19:00:00,4,5,0,10,2025-01-05T00:00:00.000Z,-43.326568960000,-21.763629600000,"Rua Adelaide Campos de Resende, 706"
412,PARQUE BURNIER.,10072363,19:00:00,2,3,0,3,2025-01-05T00:00:00.000Z,-43.327885630000,-21.762179390000,"Rua Natalino José de Paula, 288"
412,PARQUE BURNIER.,10072335,19:00:00,12,0,0,16,2025-01-05T00:00:00.000Z,-43.333453420000,-21.761562350000,"Rua Olga Burnier, 233"
412,PARQUE BURNIER.,10072309,19:00:00,5,4,0,14,2025-01-05T00:00:00.000Z,-43.327273730000,-21.763967940000,"Rua José Teodoro dos Santos, 28"
412,PARQUE BURNIER.,10073584,19:00:00,8,2,0,16,2025-01-05T00:00:00.000Z,-43.329363350000,-21.763255450000,"Rua Adelaide Campos de Resende, 984"
412,PARQUE BURNIER.,10071108,19:00:00,17,0,13,0,2025-01-05T00:00:00.000Z,-43.349331860000,-21.758144610000,"Avenida Getúlio Vargas, 835"
412,PARQUE BURNIER.,10072380,19:00:00,10,0,0,16,2025-01-05T00:00:00.000Z,-43.331466790000,-21.763337580000,"Rua Olga Burnier, 485"
412,PARQUE BURNIER.,10073583,19:00:00,9,0,0,16,2025-01-05T00:00:00.000Z,-43.330207820000,-21.763072230000,"Rua Adelaide Campos de Resende, 1070"
412,PARQUE BURNIER.,10072337,19:00:00,13,0,0,16,2025-01-05T00:00:00.000Z,-43.334540130000,-21.760522960000,"Rua Olga Burnier, 67"
412,PARQUE BURNIER.,10072302,19:00:00,15,0,3,13,2025-01-05T00:00:00.000Z,-43.338029500000,-21.760323850000,"Avenida Sete de Setembro, 623"
412,PARQUE BURNIER.,10072384,19:00:00,6,0,0,14,2025-01-05T00:00:00.000Z,-43.327999480000,-21.763301540000,"Rua José Teodoro dos Santos, 126"
412,PARQUE BURNIER.,10072382,19:00:00,11,0,0,16,2025-01-05T00:00:00.000Z,-43.332369450000,-21.762522520000,"Rua Olga Burnier, 361"
412,PARQUE BURNIER.,10072362,19:00:00,3,2,0,5,2025-01-05T00:00:00.000Z,-43.327527760000,-21.762798310000,"Rua Natalino José de Paula, 310"
412,PARQUE BURNIER.,10072358,19:00:00,1,0,0,0,2025-01-05T00:00:00.000Z,-43.328687310000,-21.761675740000,"Rua Natalino José de Paula, 112 - Ponto Final do Parque Burnier"
412,PARQUE BURNIER.,10072332,19:00:00,14,0,0,16,2025-01-05T00:00:00.000Z,-43.335533860000,-21.760131640000,"Rua São Geraldo, 89"
412,PARQUE BURNIER.,10074194,19:00:00,16,3,3,13,2025-01-05T00:00:00.000Z,-43.342338620000,-21.760505960000,"Rua Ângelo Falci, 55"
412,PARQUE BURNIER.,10072328,19:25:00,13,0,1,5,2025-01-05T00:00:00.000Z,-43.326450350000,-21.763683320000,"Rua Adelaide Campos de Resende, 669"
412,PARQUE BURNIER.,10072377,19:25:00,12,0,0,6,2025-01-05T00:00:00.000Z,-43.327321890000,-21.764062650000,"Rua José Teodoro dos Santos, 25"
412,PARQUE BURNIER.,10073557,19:25:00,6,0,0,7,2025-01-05T00:00:00.000Z,-43.332479840000,-21.762640710000,"Rua Olga Burnier, 356"
412,PARQUE BURNIER.,10071108,19:25:00,1,0,0,0,2025-01-05T00:00:00.000Z,-43.349331860000,-21.758144610000,"Avenida Getúlio Vargas, 835"
412,PARQUE BURNIER.,10073560,19:25:00,5,0,1,7,2025-01-05T00:00:00.000Z,-43.333589670000,-21.761652280000,"Rua Olga Burnier, 230"
412,PARQUE BURNIER.,10072359,19:25:00,14,0,1,4,2025-01-05T00:00:00.000Z,-43.326282500000,-21.763143540000,"Rua Adelaide Campos de Resende, 651"
412,PARQUE BURNIER.,10073561,19:25:00,7,0,0,7,2025-01-05T00:00:00.000Z,-43.331552510000,-21.763418910000,"Rua Olga Burnier, 480"
412,PARQUE BURNIER.,10073552,19:25:00,3,0,0,8,2025-01-05T00:00:00.000Z,-43.335479020000,-21.760313550000,"Rua São Geraldo, 84"
412,PARQUE BURNIER.,10072356,19:25:00,17,0,0,3,2025-01-05T00:00:00.000Z,-43.327793950000,-21.762107030000,"Rua Natalino José de Paula, 271"
412,PARQUE BURNIER.,10072375,19:25:00,16,0,0,3,2025-01-05T00:00:00.000Z,-43.327420830000,-21.762727850000,"Rua Natalino José de Paula, 319"
412,PARQUE BURNIER.,10072313,19:25:00,10,0,0,7,2025-01-05T00:00:00.000Z,-43.328846690000,-21.762504770000,"Rua José Teodoro dos Santos, 275"
412,PARQUE BURNIER.,10073558,19:25:00,4,0,0,8,2025-01-05T00:00:00.000Z,-43.334645750000,-21.760669710000,"Rua Olga Burnier, 70"
412,PARQUE BURNIER.,10072305,19:25:00,2,8,0,8,2025-01-05T00:00:00.000Z,-43.337478970000,-21.760922950000,"Rua Djalma de Carvalho, 37"
412,PARQUE BURNIER.,10072358,19:25:00,18,0,0,3,2025-01-05T00:00:00.000Z,-43.328687310000,-21.761675740000,"Rua Natalino José de Paula, 112 - Ponto Final do Parque Burnier"
412,PARQUE BURNIER.,10071503,19:25:00,15,0,1,3,2025-01-05T00:00:00.000Z,-43.326207040000,-21.762717810000,"Rua Natalino José de Paula, 421"
412,PARQUE BURNIER.,10072316,19:25:00,11,0,1,6,2025-01-05T00:00:00.000Z,-43.328204750000,-21.763332370000,"Rua José Teodoro dos Santos, 145"
412,PARQUE BURNIER.,10072296,19:25:00,9,0,0,7,2025-01-05T00:00:00.000Z,-43.329374790000,-21.763440430000,"Rua Adelaide Campos de Resende, 975"
412,PARQUE BURNIER.,10072301,19:25:00,8,0,0,7,2025-01-05T00:00:00.000Z,-43.330138330000,-21.763252970000,"Rua Adelaide Campos de Resende, 1061"
412,PARQUE BURNIER.,10072309,20:00:00,5,0,0,7,2025-01-05T00:00:00.000Z,-43.327273730000,-21.763967940000,"Rua José Teodoro dos Santos, 28"
412,PARQUE BURNIER.,10072382,20:00:00,11,0,0,12,2025-01-05T00:00:00.000Z,-43.332369450000,-21.762522520000,"Rua Olga Burnier, 361"
412,PARQUE BURNIER.,10072386,20:00:00,7,0,0,7,2025-01-05T00:00:00.000Z,-43.328850270000,-21.762325320000,"Rua José Teodoro dos Santos, 292"
412,PARQUE BURNIER.,10072362,20:00:00,3,1,0,1,2025-01-05T00:00:00.000Z,-43.327527760000,-21.762798310000,"Rua Natalino José de Paula, 310"
412,PARQUE BURNIER.,10071108,20:00:00,17,0,15,0,2025-01-05T00:00:00.000Z,-43.349331860000,-21.758144610000,"Avenida Getúlio Vargas, 835"
412,PARQUE BURNIER.,10072337,20:00:00,13,0,0,13,2025-01-05T00:00:00.000Z,-43.334540130000,-21.760522960000,"Rua Olga Burnier, 67"
412,PARQUE BURNIER.,10072302,20:00:00,15,2,3,11,2025-01-05T00:00:00.000Z,-43.338029500000,-21.760323850000,"Avenida Sete de Setembro, 623"
412,PARQUE BURNIER.,10072332,20:00:00,14,0,1,12,2025-01-05T00:00:00.000Z,-43.335533860000,-21.760131640000,"Rua São Geraldo, 89"
412,PARQUE BURNIER.,10073583,20:00:00,9,0,0,10,2025-01-05T00:00:00.000Z,-43.330207820000,-21.763072230000,"Rua Adelaide Campos de Resende, 1070"
412,PARQUE BURNIER.,10074194,20:00:00,16,7,3,15,2025-01-05T00:00:00.000Z,-43.342338620000,-21.760505960000,"Rua Ângelo Falci, 55"
412,PARQUE BURNIER.,10073584,20:00:00,8,3,0,10,2025-01-05T00:00:00.000Z,-43.329363350000,-21.763255450000,"Rua Adelaide Campos de Resende, 984"
412,PARQUE BURNIER.,10073589,20:00:00,4,6,0,7,2025-01-05T00:00:00.000Z,-43.326568960000,-21.763629600000,"Rua Adelaide Campos de Resende, 706"
412,PARQUE BURNIER.,10072358,20:00:00,1,0,0,0,2025-01-05T00:00:00.000Z,-43.328687310000,-21.761675740000,"Rua Natalino José de Paula, 112 - Ponto Final do Parque Burnier"
412,PARQUE BURNIER.,10072363,20:00:00,2,0,0,0,2025-01-05T00:00:00.000Z,-43.327885630000,-21.762179390000,"Rua Natalino José de Paula, 288"
412,PARQUE BURNIER.,10072335,20:00:00,12,1,0,13,2025-01-05T00:00:00.000Z,-43.333453420000,-21.761562350000,"Rua Olga Burnier, 233"
412,PARQUE BURNIER.,10072380,20:00:00,10,2,0,12,2025-01-05T00:00:00.000Z,-43.331466790000,-21.763337580000,"Rua Olga Burnier, 485"
412,PARQUE BURNIER.,10072384,20:00:00,6,0,0,7,2025-01-05T00:00:00.000Z,-43.327999480000,-21.763301540000,"Rua José Teodoro dos Santos, 126"
412,PARQUE BURNIER.,10072384,21:00:00,6,0,0,2,2025-01-05T00:00:00.000Z,-43.327999480000,-21.763301540000,"Rua José Teodoro dos Santos, 126"
412,PARQUE BURNIER.,10072335,21:00:00,12,0,0,0,2025-01-05T00:00:00.000Z,-43.333453420000,-21.761562350000,"Rua Olga Burnier, 233"
412,PARQUE BURNIER.,10071108,21:00:00,17,0,0,4,2025-01-05T00:00:00.000Z,-43.349331860000,-21.758144610000,"Avenida Getúlio Vargas, 835"
412,PARQUE BURNIER.,10072309,21:00:00,5,0,0,2,2025-01-05T00:00:00.000Z,-43.327273730000,-21.763967940000,"Rua José Teodoro dos Santos, 28"
412,PARQUE BURNIER.,10072358,21:00:00,1,0,0,0,2025-01-05T00:00:00.000Z,-43.328687310000,-21.761675740000,"Rua Natalino José de Paula, 112 - Ponto Final do Parque Burnier"
412,PARQUE BURNIER.,10073583,21:00:00,9,0,0,0,2025-01-05T00:00:00.000Z,-43.330207820000,-21.763072230000,"Rua Adelaide Campos de Resende, 1070"
412,PARQUE BURNIER.,10072363,21:00:00,2,1,0,1,2025-01-05T00:00:00.000Z,-43.327885630000,-21.762179390000,"Rua Natalino José de Paula, 288"
412,PARQUE BURNIER.,10072302,21:00:00,15,0,0,0,2025-01-05T00:00:00.000Z,-43.338029500000,-21.760323850000,"Avenida Sete de Setembro, 623"
412,PARQUE BURNIER.,10072386,21:00:00,7,0,2,0,2025-01-05T00:00:00.000Z,-43.328850270000,-21.762325320000,"Rua José Teodoro dos Santos, 292"
412,PARQUE BURNIER.,10072362,21:00:00,3,0,0,1,2025-01-05T00:00:00.000Z,-43.327527760000,-21.762798310000,"Rua Natalino José de Paula, 310"
412,PARQUE BURNIER.,10074194,21:00:00,16,4,0,4,2025-01-05T00:00:00.000Z,-43.342338620000,-21.760505960000,"Rua Ângelo Falci, 55"
412,PARQUE BURNIER.,10072332,21:00:00,14,0,0,0,2025-01-05T00:00:00.000Z,-43.335533860000,-21.760131640000,"Rua São Geraldo, 89"
412,PARQUE BURNIER.,10072382,21:00:00,11,0,0,0,2025-01-05T00:00:00.000Z,-43.332369450000,-21.762522520000,"Rua Olga Burnier, 361"
412,PARQUE BURNIER.,10072380,21:00:00,10,0,0,0,2025-01-05T00:00:00.000Z,-43.331466790000,-21.763337580000,"Rua Olga Burnier, 485"
412,PARQUE BURNIER.,10072337,21:00:00,13,0,0,0,2025-01-05T00:00:00.000Z,-43.334540130000,-21.760522960000,"Rua Olga Burnier, 67"
412,PARQUE BURNIER.,10073584,21:00:00,8,0,0,0,2025-01-05T00:00:00.000Z,-43.329363350000,-21.763255450000,"Rua Adelaide Campos de Resende, 984"
412,PARQUE BURNIER.,10073589,21:00:00,4,1,0,2,2025-01-05T00:00:00.000Z,-43.326568960000,-21.763629600000,"Rua Adelaide Campos de Resende, 706"
412,PARQUE BURNIER.,10072363,05:30:00,2,1,0,1,2025-01-06T00:00:00.000Z,-43.327885630000,-21.762179390000,"Rua Natalino José de Paula, 288"
412,PARQUE BURNIER.,10072337,05:30:00,13,0,0,8,2025-01-06T00:00:00.000Z,-43.334540130000,-21.760522960000,"Rua Olga Burnier, 67"
412,PARQUE BURNIER.,10072335,05:30:00,12,0,0,8,2025-01-06T00:00:00.000Z,-43.333453420000,-21.761562350000,"Rua Olga Burnier, 233"
412,PARQUE BURNIER.,10071108,05:30:00,17,0,4,3,2025-01-06T00:00:00.000Z,-43.349331860000,-21.758144610000,"Avenida Getúlio Vargas, 835"
412,PARQUE BURNIER.,10072384,05:30:00,6,0,0,6,2025-01-06T00:00:00.000Z,-43.327999480000,-21.763301540000,"Rua José Teodoro dos Santos, 126"
412,PARQUE BURNIER.,10073584,05:30:00,8,2,0,8,2025-01-06T00:00:00.000Z,-43.329363350000,-21.763255450000,"Rua Adelaide Campos de Resende, 984"
412,PARQUE BURNIER.,10073583,05:30:00,9,0,0,8,2025-01-06T00:00:00.000Z,-43.330207820000,-21.763072230000,"Rua Adelaide Campos de Resende, 1070"
412,PARQUE BURNIER.,10072309,05:30:00,5,1,0,6,2025-01-06T00:00:00.000Z,-43.327273730000,-21.763967940000,"Rua José Teodoro dos Santos, 28"
412,PARQUE BURNIER.,10072380,05:30:00,10,0,0,8,2025-01-06T00:00:00.000Z,-43.331466790000,-21.763337580000,"Rua Olga Burnier, 485"
412,PARQUE BURNIER.,10072382,05:30:00,11,0,0,8,2025-01-06T00:00:00.000Z,-43.332369450000,-21.762522520000,"Rua Olga Burnier, 361"
412,PARQUE BURNIER.,10072386,05:30:00,7,0,0,6,2025-01-06T00:00:00.000Z,-43.328850270000,-21.762325320000,"Rua José Teodoro dos Santos, 292"
412,PARQUE BURNIER.,10072362,05:30:00,3,2,0,3,2025-01-06T00:00:00.000Z,-43.327527760000,-21.762798310000,"Rua Natalino José de Paula, 310"
412,PARQUE BURNIER.,10073589,05:30:00,4,2,0,5,2025-01-06T00:00:00.000Z,-43.326568960000,-21.763629600000,"Rua Adelaide Campos de Resende, 706"
412,PARQUE BURNIER.,10072358,05:30:00,1,0,0,0,2025-01-06T00:00:00.000Z,-43.328687310000,-21.761675740000,"Rua Natalino José de Paula, 112 - Ponto Final do Parque Burnier"
412,PARQUE BURNIER.,10072332,05:30:00,14,0,0,8,2025-01-06T00:00:00.000Z,-43.335533860000,-21.760131640000,"Rua São Geraldo, 89"
412,PARQUE BURNIER.,10074194,05:30:00,16,0,3,7,2025-01-06T00:00:00.000Z,-43.342338620000,-21.760505960000,"Rua Ângelo Falci, 55"
412,PARQUE BURNIER.,10072302,05:30:00,15,2,0,10,2025-01-06T00:00:00.000Z,-43.338029500000,-21.760323850000,"Avenida Sete de Setembro, 623"
412,PARQUE BURNIER.,10073560,05:51:00,5,0,0,4,2025-01-06T00:00:00.000Z,-43.333589670000,-21.761652280000,"Rua Olga Burnier, 230"
412,PARQUE BURNIER.,10072301,05:51:00,8,0,0,3,2025-01-06T00:00:00.000Z,-43.330138330000,-21.763252970000,"Rua Adelaide Campos de Resende, 1061"
412,PARQUE BURNIER.,10072328,05:51:00,13,0,2,1,2025-01-06T00:00:00.000Z,-43.326450350000,-21.763683320000,"Rua Adelaide Campos de Resende, 669"
412,PARQUE BURNIER.,10072316,05:51:00,11,0,0,3,2025-01-06T00:00:00.000Z,-43.328204750000,-21.763332370000,"Rua José Teodoro dos Santos, 145"
412,PARQUE BURNIER.,10072356,05:51:00,17,0,0,0,2025-01-06T00:00:00.000Z,-43.327793950000,-21.762107030000,"Rua Natalino José de Paula, 271"
412,PARQUE BURNIER.,10071108,05:51:00,1,5,0,5,2025-01-06T00:00:00.000Z,-43.349331860000,-21.758144610000,"Avenida Getúlio Vargas, 835"
412,PARQUE BURNIER.,10072377,05:51:00,12,0,0,3,2025-01-06T00:00:00.000Z,-43.327321890000,-21.764062650000,"Rua José Teodoro dos Santos, 25"
412,PARQUE BURNIER.,10072358,05:51:00,18,14,0,14,2025-01-06T00:00:00.000Z,-43.328687310000,-21.761675740000,"Rua Natalino José de Paula, 112 - Ponto Final do Parque Burnier"
412,PARQUE BURNIER.,10073557,05:51:00,6,0,1,3,2025-01-06T00:00:00.000Z,-43.332479840000,-21.762640710000,"Rua Olga Burnier, 356"
412,PARQUE BURNIER.,10073552,05:51:00,3,0,1,4,2025-01-06T00:00:00.000Z,-43.335479020000,-21.760313550000,"Rua São Geraldo, 84"
412,PARQUE BURNIER.,10073558,05:51:00,4,0,0,4,2025-01-06T00:00:00.000Z,-43.334645750000,-21.760669710000,"Rua Olga Burnier, 70"
412,PARQUE BURNIER.,10072296,05:51:00,9,0,0,3,2025-01-06T00:00:00.000Z,-43.329374790000,-21.763440430000,"Rua Adelaide Campos de Resende, 975"
412,PARQUE BURNIER.,10072375,05:51:00,16,0,0,0,2025-01-06T00:00:00.000Z,-43.327420830000,-21.762727850000,"Rua Natalino José de Paula, 319"
412,PARQUE BURNIER.,10072305,05:51:00,2,0,0,5,2025-01-06T00:00:00.000Z,-43.337478970000,-21.760922950000,"Rua Djalma de Carvalho, 37"
412,PARQUE BURNIER.,10072359,05:51:00,14,0,1,0,2025-01-06T00:00:00.000Z,-43.326282500000,-21.763143540000,"Rua Adelaide Campos de Resende, 651"
412,PARQUE BURNIER.,10072313,05:51:00,10,0,0,3,2025-01-06T00:00:00.000Z,-43.328846690000,-21.762504770000,"Rua José Teodoro dos Santos, 275"
412,PARQUE BURNIER.,10073561,05:51:00,7,0,0,3,2025-01-06T00:00:00.000Z,-43.331552510000,-21.763418910000,"Rua Olga Burnier, 480"
412,PARQUE BURNIER.,10071503,05:51:00,15,0,0,0,2025-01-06T00:00:00.000Z,-43.326207040000,-21.762717810000,"Rua Natalino José de Paula, 421"
412,PARQUE BURNIER.,10072380,06:17:00,10,1,1,24,2025-01-06T00:00:00.000Z,-43.331466790000,-21.763337580000,"Rua Olga Burnier, 485"
412,PARQUE BURNIER.,10073584,06:17:00,8,4,0,22,2025-01-06T00:00:00.000Z,-43.329363350000,-21.763255450000,"Rua Adelaide Campos de Resende, 984"
412,PARQUE BURNIER.,10071108,06:17:00,17,0,7,7,2025-01-06T00:00:00.000Z,-43.349331860000,-21.758144610000,"Avenida Getúlio Vargas, 835"
412,PARQUE BURNIER.,10072386,06:17:00,7,1,0,18,2025-01-06T00:00:00.000Z,-43.328850270000,-21.762325320000,"Rua José Teodoro dos Santos, 292"
412,PARQUE BURNIER.,10073583,06:17:00,9,2,0,24,2025-01-06T00:00:00.000Z,-43.330207820000,-21.763072230000,"Rua Adelaide Campos de Resende, 1070"
412,PARQUE BURNIER.,10072358,06:17:00,1,0,0,0,2025-01-06T00:00:00.000Z,-43.328687310000,-21.761675740000,"Rua Natalino José de Paula, 112 - Ponto Final do Parque Burnier"
412,PARQUE BURNIER.,10072332,06:17:00,14,0,0,23,2025-01-06T00:00:00.000Z,-43.335533860000,-21.760131640000,"Rua São Geraldo, 89"
412,PARQUE BURNIER.,10072363,06:17:00,2,2,0,2,2025-01-06T00:00:00.000Z,-43.327885630000,-21.762179390000,"Rua Natalino José de Paula, 288"
412,PARQUE BURNIER.,10072309,06:17:00,5,2,0,15,2025-01-06T00:00:00.000Z,-43.327273730000,-21.763967940000,"Rua José Teodoro dos Santos, 28"
412,PARQUE BURNIER.,10072382,06:17:00,11,0,2,22,2025-01-06T00:00:00.000Z,-43.332369450000,-21.762522520000,"Rua Olga Burnier, 361"
412,PARQUE BURNIER.,10072384,06:17:00,6,2,0,17,2025-01-06T00:00:00.000Z,-43.327999480000,-21.763301540000,"Rua José Teodoro dos Santos, 126"
412,PARQUE BURNIER.,10072337,06:17:00,13,1,1,23,2025-01-06T00:00:00.000Z,-43.334540130000,-21.760522960000,"Rua Olga Burnier, 67"
412,PARQUE BURNIER.,10074194,06:17:00,16,0,6,14,2025-01-06T00:00:00.000Z,-43.342338620000,-21.760505960000,"Rua Ângelo Falci, 55"
412,PARQUE BURNIER.,10072335,06:17:00,12,1,0,23,2025-01-06T00:00:00.000Z,-43.333453420000,-21.761562350000,"Rua Olga Burnier, 233"
412,PARQUE BURNIER.,10072302,06:17:00,15,0,3,20,2025-01-06T00:00:00.000Z,-43.338029500000,-21.760323850000,"Avenida Sete de Setembro, 623"
412,PARQUE BURNIER.,10073589,06:17:00,4,11,0,13,2025-01-06T00:00:00.000Z,-43.326568960000,-21.763629600000,"Rua Adelaide Campos de Resende, 706"
412,PARQUE BURNIER.,10072362,06:17:00,3,0,0,2,2025-01-06T00:00:00.000Z,-43.327527760000,-21.762798310000,"Rua Natalino José de Paula, 310"
412,PARQUE BURNIER.,10072305,06:38:00,2,2,0,2,2025-01-06T00:00:00.000Z,-43.337478970000,-21.760922950000,"Rua Djalma de Carvalho, 37"
412,PARQUE BURNIER.,10072359,06:38:00,14,0,0,0,2025-01-06T00:00:00.000Z,-43.326282500000,-21.763143540000,"Rua Adelaide Campos de Resende, 651"
412,PARQUE BURNIER.,10072296,06:38:00,9,0,0,0,2025-01-06T00:00:00.000Z,-43.329374790000,-21.763440430000,"Rua Adelaide Campos de Resende, 975"
412,PARQUE BURNIER.,10073557,06:38:00,6,0,0,0,2025-01-06T00:00:00.000Z,-43.332479840000,-21.762640710000,"Rua Olga Burnier, 356"
412,PARQUE BURNIER.,10072356,06:38:00,17,0,0,0,2025-01-06T00:00:00.000Z,-43.327793950000,-21.762107030000,"Rua Natalino José de Paula, 271"
412,PARQUE BURNIER.,10072301,06:38:00,8,0,0,0,2025-01-06T00:00:00.000Z,-43.330138330000,-21.763252970000,"Rua Adelaide Campos de Resende, 1061"
412,PARQUE BURNIER.,10072313,06:38:00,10,0,0,0,2025-01-06T00:00:00.000Z,-43.328846690000,-21.762504770000,"Rua José Teodoro dos Santos, 275"
412,PARQUE BURNIER.,10073560,06:38:00,5,0,0,0,2025-01-06T00:00:00.000Z,-43.333589670000,-21.761652280000,"Rua Olga Burnier, 230"
412,PARQUE BURNIER.,10072358,06:38:00,18,10,0,10,2025-01-06T00:00:00.000Z,-43.328687310000,-21.761675740000,"Rua Natalino José de Paula, 112 - Ponto Final do Parque Burnier"
412,PARQUE BURNIER.,10072375,06:38:00,16,0,0,0,2025-01-06T00:00:00.000Z,-43.327420830000,-21.762727850000,"Rua Natalino José de Paula, 319"
412,PARQUE BURNIER.,10072316,06:38:00,11,0,0,0,2025-01-06T00:00:00.000Z,-43.328204750000,-21.763332370000,"Rua José Teodoro dos Santos, 145"
412,PARQUE BURNIER.,10073561,06:38:00,7,0,0,0,2025-01-06T00:00:00.000Z,-43.331552510000,-21.763418910000,"Rua Olga Burnier, 480"
412,PARQUE BURNIER.,10073552,06:38:00,3,0,2,0,2025-01-06T00:00:00.000Z,-43.335479020000,-21.760313550000,"Rua São Geraldo, 84"
412,PARQUE BURNIER.,10071108,06:38:00,1,0,0,0,2025-01-06T00:00:00.000Z,-43.349331860000,-21.758144610000,"Avenida Getúlio Vargas, 835"
412,PARQUE BURNIER.,10073558,06:38:00,4,0,0,0,2025-01-06T00:00:00.000Z,-43.334645750000,-21.760669710000,"Rua Olga Burnier, 70"
412,PARQUE BURNIER.,10071503,06:38:00,15,0,0,0,2025-01-06T00:00:00.000Z,-43.326207040000,-21.762717810000,"Rua Natalino José de Paula, 421"
412,PARQUE BURNIER.,10072328,06:38:00,13,0,0,0,2025-01-06T00:00:00.000Z,-43.326450350000,-21.763683320000,"Rua Adelaide Campos de Resende, 669"
412,PARQUE BURNIER.,10072377,06:38:00,12,0,0,0,2025-01-06T00:00:00.000Z,-43.327321890000,-21.764062650000,"Rua José Teodoro dos Santos, 25"
412,PARQUE BURNIER.,10072337,07:04:00,13,0,1,23,2025-01-06T00:00:00.000Z,-43.334540130000,-21.760522960000,"Rua Olga Burnier, 67"
412,PARQUE BURNIER.,10072382,07:04:00,11,1,2,24,2025-01-06T00:00:00.000Z,-43.332369450000,-21.762522520000,"Rua Olga Burnier, 361"
412,PARQUE BURNIER.,10072302,07:04:00,15,0,3,20,2025-01-06T00:00:00.000Z,-43.338029500000,-21.760323850000,"Avenida Sete de Setembro, 623"
412,PARQUE BURNIER.,10072386,07:04:00,7,4,0,24,2025-01-06T00:00:00.000Z,-43.328850270000,-21.762325320000,"Rua José Teodoro dos Santos, 292"
412,PARQUE BURNIER.,10072362,07:04:00,3,7,0,11,2025-01-06T00:00:00.000Z,-43.327527760000,-21.762798310000,"Rua Natalino José de Paula, 310"
412,PARQUE BURNIER.,10071108,07:04:00,17,0,4,13,2025-01-06T00:00:00.000Z,-43.349331860000,-21.758144610000,"Avenida Getúlio Vargas, 835"
412,PARQUE BURNIER.,10073589,07:04:00,4,6,0,17,2025-01-06T00:00:00.000Z,-43.326568960000,-21.763629600000,"Rua Adelaide Campos de Resende, 706"
412,PARQUE BURNIER.,10072332,07:04:00,14,0,0,23,2025-01-06T00:00:00.000Z,-43.335533860000,-21.760131640000,"Rua São Geraldo, 89"
412,PARQUE BURNIER.,10072335,07:04:00,12,0,0,24,2025-01-06T00:00:00.000Z,-43.333453420000,-21.761562350000,"Rua Olga Burnier, 233"
412,PARQUE BURNIER.,10072380,07:04:00,10,1,0,25,2025-01-06T00:00:00.000Z,-43.331466790000,-21.763337580000,"Rua Olga Burnier, 485"
412,PARQUE BURNIER.,10073584,07:04:00,8,0,0,24,2025-01-06T00:00:00.000Z,-43.329363350000,-21.763255450000,"Rua Adelaide Campos de Resende, 984"
412,PARQUE BURNIER.,10074194,07:04:00,16,3,6,17,2025-01-06T00:00:00.000Z,-43.342338620000,-21.760505960000,"Rua Ângelo Falci, 55"
412,PARQUE BURNIER.,10073583,07:04:00,9,0,0,24,2025-01-06T00:00:00.000Z,-43.330207820000,-21.763072230000,"Rua Adelaide Campos de Resende, 1070"
412,PARQUE BURNIER.,10072309,07:04:00,5,1,0,18,2025-01-06T00:00:00.000Z,-43.327273730000,-21.763967940000,"Rua José Teodoro dos Santos, 28"
412,PARQUE BURNIER.,10072358,07:04:00,1,0,0,0,2025-01-06T00:00:00.000Z,-43.328687310000,-21.761675740000,"Rua Natalino José de Paula, 112 - Ponto Final do Parque Burnier"
412,PARQUE BURNIER.,10072363,07:04:00,2,4,0,4,2025-01-06T00:00:00.000Z,-43.327885630000,-21.762179390000,"Rua Natalino José de Paula, 288"
412,PARQUE BURNIER.,10072384,07:04:00,6,2,0,20,2025-01-06T00:00:00.000Z,-43.327999480000,-21.763301540000,"Rua José Teodoro dos Santos, 126"
412,PARQUE BURNIER.,10073557,07:25:00,6,0,0,0,2025-01-06T00:00:00.000Z,-43.332479840000,-21.762640710000,"Rua Olga Burnier, 356"
412,PARQUE BURNIER.,10072301,07:25:00,8,0,0,0,2025-01-06T00:00:00.000Z,-43.330138330000,-21.763252970000,"Rua Adelaide Campos de Resende, 1061"
412,PARQUE BURNIER.,10072375,07:25:00,16,0,0,2,2025-01-06T00:00:00.000Z,-43.327420830000,-21.762727850000,"Rua Natalino José de Paula, 319"
412,PARQUE BURNIER.,10072377,07:25:00,12,1,0,1,2025-01-06T00:00:00.000Z,-43.327321890000,-21.764062650000,"Rua José Teodoro dos Santos, 25"
412,PARQUE BURNIER.,10072305,07:25:00,2,0,0,0,2025-01-06T00:00:00.000Z,-43.337478970000,-21.760922950000,"Rua Djalma de Carvalho, 37"
412,PARQUE BURNIER.,10072313,07:25:00,10,0,0,0,2025-01-06T00:00:00.000Z,-43.328846690000,-21.762504770000,"Rua José Teodoro dos Santos, 275"
412,PARQUE BURNIER.,10072359,07:25:00,14,1,0,2,2025-01-06T00:00:00.000Z,-43.326282500000,-21.763143540000,"Rua Adelaide Campos de Resende, 651"
412,PARQUE BURNIER.,10073561,07:25:00,7,0,0,0,2025-01-06T00:00:00.000Z,-43.331552510000,-21.763418910000,"Rua Olga Burnier, 480"
412,PARQUE BURNIER.,10072356,07:25:00,17,0,0,2,2025-01-06T00:00:00.000Z,-43.327793950000,-21.762107030000,"Rua Natalino José de Paula, 271"
412,PARQUE BURNIER.,10072358,07:25:00,18,4,0,6,2025-01-06T00:00:00.000Z,-43.328687310000,-21.761675740000,"Rua Natalino José de Paula, 112 - Ponto Final do Parque Burnier"
412,PARQUE BURNIER.,10073560,07:25:00,5,0,0,0,2025-01-06T00:00:00.000Z,-43.333589670000,-21.761652280000,"Rua Olga Burnier, 230"
412,PARQUE BURNIER.,10073552,07:25:00,3,0,0,0,2025-01-06T00:00:00.000Z,-43.335479020000,-21.760313550000,"Rua São Geraldo, 84"
412,PARQUE BURNIER.,10071503,07:25:00,15,0,0,2,2025-01-06T00:00:00.000Z,-43.326207040000,-21.762717810000,"Rua Natalino José de Paula, 421"
412,PARQUE BURNIER.,10072328,07:25:00,13,0,0,1,2025-01-06T00:00:00.000Z,-43.326450350000,-21.763683320000,"Rua Adelaide Campos de Resende, 669"
412,PARQUE BURNIER.,10072296,07:25:00,9,0,0,0,2025-01-06T00:00:00.000Z,-43.329374790000,-21.763440430000,"Rua Adelaide Campos de Resende, 975"
412,PARQUE BURNIER.,10072316,07:25:00,11,0,0,0,2025-01-06T00:00:00.000Z,-43.328204750000,-21.763332370000,"Rua José Teodoro dos Santos, 145"
412,PARQUE BURNIER.,10073558,07:25:00,4,0,0,0,2025-01-06T00:00:00.000Z,-43.334645750000,-21.760669710000,"Rua Olga Burnier, 70"
412,PARQUE BURNIER.,10071108,07:25:00,1,0,0,0,2025-01-06T00:00:00.000Z,-43.349331860000,-21.758144610000,"Avenida Getúlio Vargas, 835"
412,PARQUE BURNIER.,10073584,07:51:00,8,4,1,24,2025-01-06T00:00:00.000Z,-43.329363350000,-21.763255450000,"Rua Adelaide Campos de Resende, 984"
412,PARQUE BURNIER.,10072332,07:51:00,14,1,0,29,2025-01-06T00:00:00.000Z,-43.335533860000,-21.760131640000,"Rua São Geraldo, 89"
412,PARQUE BURNIER.,10072380,07:51:00,10,2,0,28,2025-01-06T00:00:00.000Z,-43.331466790000,-21.763337580000,"Rua Olga Burnier, 485"
412,PARQUE BURNIER.,10074194,07:51:00,16,1,5,25,2025-01-06T00:00:00.000Z,-43.342338620000,-21.760505960000,"Rua Ângelo Falci, 55"
412,PARQUE BURNIER.,10072335,07:51:00,12,0,0,28,2025-01-06T00:00:00.000Z,-43.333453420000,-21.761562350000,"Rua Olga Burnier, 233"
412,PARQUE BURNIER.,10073589,07:51:00,4,7,0,14,2025-01-06T00:00:00.000Z,-43.326568960000,-21.763629600000,"Rua Adelaide Campos de Resende, 706"
412,PARQUE BURNIER.,10073583,07:51:00,9,2,0,26,2025-01-06T00:00:00.000Z,-43.330207820000,-21.763072230000,"Rua Adelaide Campos de Resende, 1070"
412,PARQUE BURNIER.,10071108,07:51:00,17,0,13,12,2025-01-06T00:00:00.000Z,-43.349331860000,-21.758144610000,"Avenida Getúlio Vargas, 835"
412,PARQUE BURNIER.,10072337,07:51:00,13,0,0,28,2025-01-06T00:00:00.000Z,-43.334540130000,-21.760522960000,"Rua Olga Burnier, 67"
412,PARQUE BURNIER.,10072382,07:51:00,11,0,0,28,2025-01-06T00:00:00.000Z,-43.332369450000,-21.762522520000,"Rua Olga Burnier, 361"
412,PARQUE BURNIER.,10072386,07:51:00,7,3,0,21,2025-01-06T00:00:00.000Z,-43.328850270000,-21.762325320000,"Rua José Teodoro dos Santos, 292"
412,PARQUE BURNIER.,10072302,07:51:00,15,1,1,29,2025-01-06T00:00:00.000Z,-43.338029500000,-21.760323850000,"Avenida Sete de Setembro, 623"
412,PARQUE BURNIER.,10072309,07:51:00,5,4,1,17,2025-01-06T00:00:00.000Z,-43.327273730000,-21.763967940000,"Rua José Teodoro dos Santos, 28"
412,PARQUE BURNIER.,10072362,07:51:00,3,6,1,7,2025-01-06T00:00:00.000Z,-43.327527760000,-21.762798310000,"Rua Natalino José de Paula, 310"
412,PARQUE BURNIER.,10072384,07:51:00,6,1,0,18,2025-01-06T00:00:00.000Z,-43.327999480000,-21.763301540000,"Rua José Teodoro dos Santos, 126"
412,PARQUE BURNIER.,10072363,07:51:00,2,2,0,2,2025-01-06T00:00:00.000Z,-43.327885630000,-21.762179390000,"Rua Natalino José de Paula, 288"
412,PARQUE BURNIER.,10072358,07:51:00,1,0,0,0,2025-01-06T00:00:00.000Z,-43.328687310000,-21.761675740000,"Rua Natalino José de Paula, 112 - Ponto Final do Parque Burnier"
412,PARQUE BURNIER.,10073561,08:12:00,7,0,0,8,2025-01-06T00:00:00.000Z,-43.331552510000,-21.763418910000,"Rua Olga Burnier, 480"
412,PARQUE BURNIER.,10072356,08:12:00,17,0,0,7,2025-01-06T00:00:00.000Z,-43.327793950000,-21.762107030000,"Rua Natalino José de Paula, 271"
412,PARQUE BURNIER.,10071503,08:12:00,15,0,1,7,2025-01-06T00:00:00.000Z,-43.326207040000,-21.762717810000,"Rua Natalino José de Paula, 421"
412,PARQUE BURNIER.,10072316,08:12:00,11,0,0,8,2025-01-06T00:00:00.000Z,-43.328204750000,-21.763332370000,"Rua José Teodoro dos Santos, 145"
412,PARQUE BURNIER.,10072358,08:12:00,18,5,0,12,2025-01-06T00:00:00.000Z,-43.328687310000,-21.761675740000,"Rua Natalino José de Paula, 112 - Ponto Final do Parque Burnier"
412,PARQUE BURNIER.,10073557,08:12:00,6,0,0,8,2025-01-06T00:00:00.000Z,-43.332479840000,-21.762640710000,"Rua Olga Burnier, 356"
412,PARQUE BURNIER.,10072359,08:12:00,14,0,0,8,2025-01-06T00:00:00.000Z,-43.326282500000,-21.763143540000,"Rua Adelaide Campos de Resende, 651"
412,PARQUE BURNIER.,10072313,08:12:00,10,0,0,8,2025-01-06T00:00:00.000Z,-43.328846690000,-21.762504770000,"Rua José Teodoro dos Santos, 275"
412,PARQUE BURNIER.,10072375,08:12:00,16,0,0,7,2025-01-06T00:00:00.000Z,-43.327420830000,-21.762727850000,"Rua Natalino José de Paula, 319"
412,PARQUE BURNIER.,10072301,08:12:00,8,0,0,8,2025-01-06T00:00:00.000Z,-43.330138330000,-21.763252970000,"Rua Adelaide Campos de Resende, 1061"
412,PARQUE BURNIER.,10072377,08:12:00,12,0,0,8,2025-01-06T00:00:00.000Z,-43.327321890000,-21.764062650000,"Rua José Teodoro dos Santos, 25"
412,PARQUE BURNIER.,10072305,08:12:00,2,0,0,7,2025-01-06T00:00:00.000Z,-43.337478970000,-21.760922950000,"Rua Djalma de Carvalho, 37"
412,PARQUE BURNIER.,10073558,08:12:00,4,1,0,8,2025-01-06T00:00:00.000Z,-43.334645750000,-21.760669710000,"Rua Olga Burnier, 70"
412,PARQUE BURNIER.,10072328,08:12:00,13,0,0,8,2025-01-06T00:00:00.000Z,-43.326450350000,-21.763683320000,"Rua Adelaide Campos de Resende, 669"
412,PARQUE BURNIER.,10073560,08:12:00,5,0,0,8,2025-01-06T00:00:00.000Z,-43.333589670000,-21.761652280000,"Rua Olga Burnier, 230"
412,PARQUE BURNIER.,10073552,08:12:00,3,0,0,7,2025-01-06T00:00:00.000Z,-43.335479020000,-21.760313550000,"Rua São Geraldo, 84"
412,PARQUE BURNIER.,10071108,08:12:00,1,7,0,7,2025-01-06T00:00:00.000Z,-43.349331860000,-21.758144610000,"Avenida Getúlio Vargas, 835"
412,PARQUE BURNIER.,10072296,08:12:00,9,0,0,8,2025-01-06T00:00:00.000Z,-43.329374790000,-21.763440430000,"Rua Adelaide Campos de Resende, 975"
412,PARQUE BURNIER.,10072337,08:38:00,13,0,0,25,2025-01-06T00:00:00.000Z,-43.334540130000,-21.760522960000,"Rua Olga Burnier, 67"
412,PARQUE BURNIER.,10072302,08:38:00,15,2,1,27,2025-01-06T00:00:00.000Z,-43.338029500000,-21.760323850000,"Avenida Sete de Setembro, 623"
412,PARQUE BURNIER.,10073583,08:38:00,9,2,0,21,2025-01-06T00:00:00.000Z,-43.330207820000,-21.763072230000,"Rua Adelaide Campos de Resende, 1070"
412,PARQUE BURNIER.,10072309,08:38:00,5,1,0,11,2025-01-06T00:00:00.000Z,-43.327273730000,-21.763967940000,"Rua José Teodoro dos Santos, 28"
412,PARQUE BURNIER.,10072386,08:38:00,7,1,0,15,2025-01-06T00:00:00.000Z,-43.328850270000,-21.762325320000,"Rua José Teodoro dos Santos, 292"
412,PARQUE BURNIER.,10073589,08:38:00,4,5,0,10,2025-01-06T00:00:00.000Z,-43.326568960000,-21.763629600000,"Rua Adelaide Campos de Resende, 706"
412,PARQUE BURNIER.,10072380,08:38:00,10,3,0,24,2025-01-06T00:00:00.000Z,-43.331466790000,-21.763337580000,"Rua Olga Burnier, 485"
412,PARQUE BURNIER.,10073584,08:38:00,8,4,0,19,2025-01-06T00:00:00.000Z,-43.329363350000,-21.763255450000,"Rua Adelaide Campos de Resende, 984"
412,PARQUE BURNIER.,10074194,08:38:00,16,8,9,26,2025-01-06T00:00:00.000Z,-43.342338620000,-21.760505960000,"Rua Ângelo Falci, 55"
412,PARQUE BURNIER.,10072384,08:38:00,6,4,1,14,2025-01-06T00:00:00.000Z,-43.327999480000,-21.763301540000,"Rua José Teodoro dos Santos, 126"
412,PARQUE BURNIER.,10072332,08:38:00,14,1,0,26,2025-01-06T00:00:00.000Z,-43.335533860000,-21.760131640000,"Rua São Geraldo, 89"
412,PARQUE BURNIER.,10072335,08:38:00,12,0,0,25,2025-01-06T00:00:00.000Z,-43.333453420000,-21.761562350000,"Rua Olga Burnier, 233"
412,PARQUE BURNIER.,10072363,08:38:00,2,1,0,1,2025-01-06T00:00:00.000Z,-43.327885630000,-21.762179390000,"Rua Natalino José de Paula, 288"
412,PARQUE BURNIER.,10071108,08:38:00,17,0,0,26,2025-01-06T00:00:00.000Z,-43.349331860000,-21.758144610000,"Avenida Getúlio Vargas, 835"
412,PARQUE BURNIER.,10072382,08:38:00,11,1,0,25,2025-01-06T00:00:00.000Z,-43.332369450000,-21.762522520000,"Rua Olga Burnier, 361"
412,PARQUE BURNIER.,10072362,08:38:00,3,4,0,5,2025-01-06T00:00:00.000Z,-43.327527760000,-21.762798310000,"Rua Natalino José de Paula, 310"
412,PARQUE BURNIER.,10072358,08:38:00,1,0,0,0,2025-01-06T00:00:00.000Z,-43.328687310000,-21.761675740000,"Rua Natalino José de Paula, 112 - Ponto Final do Parque Burnier"
412,PARQUE BURNIER.,10073557,08:59:00,6,0,1,15,2025-01-06T00:00:00.000Z,-43.332479840000,-21.762640710000,"Rua Olga Burnier, 356"
412,PARQUE BURNIER.,10072359,08:59:00,14,0,0,14,2025-01-06T00:00:00.000Z,-43.326282500000,-21.763143540000,"Rua Adelaide Campos de Resende, 651"
412,PARQUE BURNIER.,10072301,08:59:00,8,0,0,15,2025-01-06T00:00:00.000Z,-43.330138330000,-21.763252970000,"Rua Adelaide Campos de Resende, 1061"
412,PARQUE BURNIER.,10072328,08:59:00,13,0,0,14,2025-01-06T00:00:00.000Z,-43.326450350000,-21.763683320000,"Rua Adelaide Campos de Resende, 669"
412,PARQUE BURNIER.,10072375,08:59:00,16,0,5,9,2025-01-06T00:00:00.000Z,-43.327420830000,-21.762727850000,"Rua Natalino José de Paula, 319"
412,PARQUE BURNIER.,10072356,08:59:00,17,0,0,9,2025-01-06T00:00:00.000Z,-43.327793950000,-21.762107030000,"Rua Natalino José de Paula, 271"
412,PARQUE BURNIER.,10072296,08:59:00,9,0,0,15,2025-01-06T00:00:00.000Z,-43.329374790000,-21.763440430000,"Rua Adelaide Campos de Resende, 975"
412,PARQUE BURNIER.,10073561,08:59:00,7,0,0,15,2025-01-06T00:00:00.000Z,-43.331552510000,-21.763418910000,"Rua Olga Burnier, 480"
412,PARQUE BURNIER.,10072358,08:59:00,18,4,0,13,2025-01-06T00:00:00.000Z,-43.328687310000,-21.761675740000,"Rua Natalino José de Paula, 112 - Ponto Final do Parque Burnier"
412,PARQUE BURNIER.,10071503,08:59:00,15,0,0,14,2025-01-06T00:00:00.000Z,-43.326207040000,-21.762717810000,"Rua Natalino José de Paula, 421"
412,PARQUE BURNIER.,10073560,08:59:00,5,0,0,16,2025-01-06T00:00:00.000Z,-43.333589670000,-21.761652280000,"Rua Olga Burnier, 230"
412,PARQUE BURNIER.,10073552,08:59:00,3,0,0,17,2025-01-06T00:00:00.000Z,-43.335479020000,-21.760313550000,"Rua São Geraldo, 84"
412,PARQUE BURNIER.,10072377,08:59:00,12,0,0,14,2025-01-06T00:00:00.000Z,-43.327321890000,-21.764062650000,"Rua José Teodoro dos Santos, 25"
412,PARQUE BURNIER.,10072313,08:59:00,10,0,1,14,2025-01-06T00:00:00.000Z,-43.328846690000,-21.762504770000,"Rua José Teodoro dos Santos, 275"
412,PARQUE BURNIER.,10072305,08:59:00,2,0,1,17,2025-01-06T00:00:00.000Z,-43.337478970000,-21.760922950000,"Rua Djalma de Carvalho, 37"
412,PARQUE BURNIER.,10071108,08:59:00,1,18,0,18,2025-01-06T00:00:00.000Z,-43.349331860000,-21.758144610000,"Avenida Getúlio Vargas, 835"
412,PARQUE BURNIER.,10073558,08:59:00,4,0,1,16,2025-01-06T00:00:00.000Z,-43.334645750000,-21.760669710000,"Rua Olga Burnier, 70"
412,PARQUE BURNIER.,10072316,08:59:00,11,0,0,14,2025-01-06T00:00:00.000Z,-43.328204750000,-21.763332370000,"Rua José Teodoro dos Santos, 145"
412,PARQUE BURNIER.,10072309,09:25:00,5,1,1,11,2025-01-06T00:00:00.000Z,-43.327273730000,-21.763967940000,"Rua José Teodoro dos Santos, 28"
412,PARQUE BURNIER.,10073589,09:25:00,4,5,0,11,2025-01-06T00:00:00.000Z,-43.326568960000,-21.763629600000,"Rua Adelaide Campos de Resende, 706"
412,PARQUE BURNIER.,10071108,09:25:00,17,0,2,19,2025-01-06T00:00:00.000Z,-43.349331860000,-21.758144610000,"Avenida Getúlio Vargas, 835"
412,PARQUE BURNIER.,10072382,09:25:00,11,0,0,16,2025-01-06T00:00:00.000Z,-43.332369450000,-21.762522520000,"Rua Olga Burnier, 361"
412,PARQUE BURNIER.,10072302,09:25:00,15,2,1,21,2025-01-06T00:00:00.000Z,-43.338029500000,-21.760323850000,"Avenida Sete de Setembro, 623"
412,PARQUE BURNIER.,10072335,09:25:00,12,1,0,17,2025-01-06T00:00:00.000Z,-43.333453420000,-21.761562350000,"Rua Olga Burnier, 233"
412,PARQUE BURNIER.,10072380,09:25:00,10,0,0,16,2025-01-06T00:00:00.000Z,-43.331466790000,-21.763337580000,"Rua Olga Burnier, 485"
412,PARQUE BURNIER.,10072384,09:25:00,6,1,0,12,2025-01-06T00:00:00.000Z,-43.327999480000,-21.763301540000,"Rua José Teodoro dos Santos, 126"
412,PARQUE BURNIER.,10072386,09:25:00,7,2,0,14,2025-01-06T00:00:00.000Z,-43.328850270000,-21.762325320000,"Rua José Teodoro dos Santos, 292"
412,PARQUE BURNIER.,10073583,09:25:00,9,0,0,16,2025-01-06T00:00:00.000Z,-43.330207820000,-21.763072230000,"Rua Adelaide Campos de Resende, 1070"
412,PARQUE BURNIER.,10074194,09:25:00,16,5,5,21,2025-01-06T00:00:00.000Z,-43.342338620000,-21.760505960000,"Rua Ângelo Falci, 55"
412,PARQUE BURNIER.,10072362,09:25:00,3,2,0,6,2025-01-06T00:00:00.000Z,-43.327527760000,-21.762798310000,"Rua Natalino José de Paula, 310"
412,PARQUE BURNIER.,10073584,09:25:00,8,2,0,16,2025-01-06T00:00:00.000Z,-43.329363350000,-21.763255450000,"Rua Adelaide Campos de Resende, 984"
412,PARQUE BURNIER.,10072358,09:25:00,1,2,0,2,2025-01-06T00:00:00.000Z,-43.328687310000,-21.761675740000,"Rua Natalino José de Paula, 112 - Ponto Final do Parque Burnier"
412,PARQUE BURNIER.,10072332,09:25:00,14,3,0,20,2025-01-06T00:00:00.000Z,-43.335533860000,-21.760131640000,"Rua São Geraldo, 89"
412,PARQUE BURNIER.,10072337,09:25:00,13,0,0,17,2025-01-06T00:00:00.000Z,-43.334540130000,-21.760522960000,"Rua Olga Burnier, 67"
412,PARQUE BURNIER.,10072363,09:25:00,2,2,0,4,2025-01-06T00:00:00.000Z,-43.327885630000,-21.762179390000,"Rua Natalino José de Paula, 288"
412,PARQUE BURNIER.,10072335,10:20:00,12,0,0,13,2025-01-06T00:00:00.000Z,-43.333453420000,-21.761562350000,"Rua Olga Burnier, 233"
412,PARQUE BURNIER.,10072380,10:20:00,10,1,1,11,2025-01-06T00:00:00.000Z,-43.331466790000,-21.763337580000,"Rua Olga Burnier, 485"
412,PARQUE BURNIER.,10073584,10:20:00,8,2,0,10,2025-01-06T00:00:00.000Z,-43.329363350000,-21.763255450000,"Rua Adelaide Campos de Resende, 984"
412,PARQUE BURNIER.,10072363,10:20:00,2,0,0,0,2025-01-06T00:00:00.000Z,-43.327885630000,-21.762179390000,"Rua Natalino José de Paula, 288"
412,PARQUE BURNIER.,10074194,10:20:00,16,13,2,24,2025-01-06T00:00:00.000Z,-43.342338620000,-21.760505960000,"Rua Ângelo Falci, 55"
412,PARQUE BURNIER.,10072302,10:20:00,15,0,0,13,2025-01-06T00:00:00.000Z,-43.338029500000,-21.760323850000,"Avenida Sete de Setembro, 623"
412,PARQUE BURNIER.,10072309,10:20:00,5,3,0,5,2025-01-06T00:00:00.000Z,-43.327273730000,-21.763967940000,"Rua José Teodoro dos Santos, 28"
412,PARQUE BURNIER.,10072384,10:20:00,6,0,0,5,2025-01-06T00:00:00.000Z,-43.327999480000,-21.763301540000,"Rua José Teodoro dos Santos, 126"
412,PARQUE BURNIER.,10072337,10:20:00,13,0,0,13,2025-01-06T00:00:00.000Z,-43.334540130000,-21.760522960000,"Rua Olga Burnier, 67"
412,PARQUE BURNIER.,10071108,10:20:00,17,0,24,0,2025-01-06T00:00:00.000Z,-43.349331860000,-21.758144610000,"Avenida Getúlio Vargas, 835"
412,PARQUE BURNIER.,10072386,10:20:00,7,3,0,8,2025-01-06T00:00:00.000Z,-43.328850270000,-21.762325320000,"Rua José Teodoro dos Santos, 292"
412,PARQUE BURNIER.,10072362,10:20:00,3,1,0,1,2025-01-06T00:00:00.000Z,-43.327527760000,-21.762798310000,"Rua Natalino José de Paula, 310"
412,PARQUE BURNIER.,10072358,10:20:00,1,0,0,0,2025-01-06T00:00:00.000Z,-43.328687310000,-21.761675740000,"Rua Natalino José de Paula, 112 - Ponto Final do Parque Burnier"
412,PARQUE BURNIER.,10072382,10:20:00,11,3,1,13,2025-01-06T00:00:00.000Z,-43.332369450000,-21.762522520000,"Rua Olga Burnier, 361"
412,PARQUE BURNIER.,10073583,10:20:00,9,1,0,11,2025-01-06T00:00:00.000Z,-43.330207820000,-21.763072230000,"Rua Adelaide Campos de Resende, 1070"
412,PARQUE BURNIER.,10073589,10:20:00,4,1,0,2,2025-01-06T00:00:00.000Z,-43.326568960000,-21.763629600000,"Rua Adelaide Campos de Resende, 706"
412,PARQUE BURNIER.,10072332,10:20:00,14,0,0,13,2025-01-06T00:00:00.000Z,-43.335533860000,-21.760131640000,"Rua São Geraldo, 89"
412,PARQUE BURNIER.,10073561,10:40:00,7,0,0,9,2025-01-06T00:00:00.000Z,-43.331552510000,-21.763418910000,"Rua Olga Burnier, 480"
412,PARQUE BURNIER.,10072328,10:40:00,13,0,0,8,2025-01-06T00:00:00.000Z,-43.326450350000,-21.763683320000,"Rua Adelaide Campos de Resende, 669"
412,PARQUE BURNIER.,10073560,10:40:00,5,0,0,10,2025-01-06T00:00:00.000Z,-43.333589670000,-21.761652280000,"Rua Olga Burnier, 230"
412,PARQUE BURNIER.,10072313,10:40:00,10,0,1,8,2025-01-06T00:00:00.000Z,-43.328846690000,-21.762504770000,"Rua José Teodoro dos Santos, 275"
412,PARQUE BURNIER.,10072358,10:40:00,18,7,0,10,2025-01-06T00:00:00.000Z,-43.328687310000,-21.761675740000,"Rua Natalino José de Paula, 112 - Ponto Final do Parque Burnier"
412,PARQUE BURNIER.,10072377,10:40:00,12,0,0,8,2025-01-06T00:00:00.000Z,-43.327321890000,-21.764062650000,"Rua José Teodoro dos Santos, 25"
412,PARQUE BURNIER.,10072301,10:40:00,8,0,0,9,2025-01-06T00:00:00.000Z,-43.330138330000,-21.763252970000,"Rua Adelaide Campos de Resende, 1061"
412,PARQUE BURNIER.,10073552,10:40:00,3,0,1,11,2025-01-06T00:00:00.000Z,-43.335479020000,-21.760313550000,"Rua São Geraldo, 84"
412,PARQUE BURNIER.,10072356,10:40:00,17,0,0,3,2025-01-06T00:00:00.000Z,-43.327793950000,-21.762107030000,"Rua Natalino José de Paula, 271"
412,PARQUE BURNIER.,10072375,10:40:00,16,0,5,3,2025-01-06T00:00:00.000Z,-43.327420830000,-21.762727850000,"Rua Natalino José de Paula, 319"
412,PARQUE BURNIER.,10071503,10:40:00,15,0,0,8,2025-01-06T00:00:00.000Z,-43.326207040000,-21.762717810000,"Rua Natalino José de Paula, 421"
412,PARQUE BURNIER.,10072296,10:40:00,9,0,0,9,2025-01-06T00:00:00.000Z,-43.329374790000,-21.763440430000,"Rua Adelaide Campos de Resende, 975"
412,PARQUE BURNIER.,10072359,10:40:00,14,0,0,8,2025-01-06T00:00:00.000Z,-43.326282500000,-21.763143540000,"Rua Adelaide Campos de Resende, 651"
412,PARQUE BURNIER.,10073557,10:40:00,6,0,1,9,2025-01-06T00:00:00.000Z,-43.332479840000,-21.762640710000,"Rua Olga Burnier, 356"
412,PARQUE BURNIER.,10072305,10:40:00,2,1,1,12,2025-01-06T00:00:00.000Z,-43.337478970000,-21.760922950000,"Rua Djalma de Carvalho, 37"
412,PARQUE BURNIER.,10071108,10:40:00,1,12,0,12,2025-01-06T00:00:00.000Z,-43.349331860000,-21.758144610000,"Avenida Getúlio Vargas, 835"
412,PARQUE BURNIER.,10072316,10:40:00,11,0,0,8,2025-01-06T00:00:00.000Z,-43.328204750000,-21.763332370000,"Rua José Teodoro dos Santos, 145"
412,PARQUE BURNIER.,10073558,10:40:00,4,0,1,10,2025-01-06T00:00:00.000Z,-43.334645750000,-21.760669710000,"Rua Olga Burnier, 70"
412,PARQUE BURNIER.,10072302,11:15:00,15,0,1,24,2025-01-06T00:00:00.000Z,-43.338029500000,-21.760323850000,"Avenida Sete de Setembro, 623"
412,PARQUE BURNIER.,10073583,11:15:00,9,0,0,21,2025-01-06T00:00:00.000Z,-43.330207820000,-21.763072230000,"Rua Adelaide Campos de Resende, 1070"
412,PARQUE BURNIER.,10072309,11:15:00,5,2,0,11,2025-01-06T00:00:00.000Z,-43.327273730000,-21.763967940000,"Rua José Teodoro dos Santos, 28"
412,PARQUE BURNIER.,10072386,11:15:00,7,2,0,12,2025-01-06T00:00:00.000Z,-43.328850270000,-21.762325320000,"Rua José Teodoro dos Santos, 292"
412,PARQUE BURNIER.,10072337,11:15:00,13,1,0,25,2025-01-06T00:00:00.000Z,-43.334540130000,-21.760522960000,"Rua Olga Burnier, 67"
412,PARQUE BURNIER.,10072362,11:15:00,3,3,1,4,2025-01-06T00:00:00.000Z,-43.327527760000,-21.762798310000,"Rua Natalino José de Paula, 310"
412,PARQUE BURNIER.,10072382,11:15:00,11,1,0,23,2025-01-06T00:00:00.000Z,-43.332369450000,-21.762522520000,"Rua Olga Burnier, 361"
412,PARQUE BURNIER.,10072358,11:15:00,1,0,0,0,2025-01-06T00:00:00.000Z,-43.328687310000,-21.761675740000,"Rua Natalino José de Paula, 112 - Ponto Final do Parque Burnier"
412,PARQUE BURNIER.,10072363,11:15:00,2,2,0,2,2025-01-06T00:00:00.000Z,-43.327885630000,-21.762179390000,"Rua Natalino José de Paula, 288"
412,PARQUE BURNIER.,10074194,11:15:00,16,12,4,32,2025-01-06T00:00:00.000Z,-43.342338620000,-21.760505960000,"Rua Ângelo Falci, 55"
412,PARQUE BURNIER.,10072384,11:15:00,6,0,1,10,2025-01-06T00:00:00.000Z,-43.327999480000,-21.763301540000,"Rua José Teodoro dos Santos, 126"
412,PARQUE BURNIER.,10072332,11:15:00,14,0,0,25,2025-01-06T00:00:00.000Z,-43.335533860000,-21.760131640000,"Rua São Geraldo, 89"
412,PARQUE BURNIER.,10072380,11:15:00,10,2,1,22,2025-01-06T00:00:00.000Z,-43.331466790000,-21.763337580000,"Rua Olga Burnier, 485"
412,PARQUE BURNIER.,10072335,11:15:00,12,1,0,24,2025-01-06T00:00:00.000Z,-43.333453420000,-21.761562350000,"Rua Olga Burnier, 233"
412,PARQUE BURNIER.,10073584,11:15:00,8,9,0,21,2025-01-06T00:00:00.000Z,-43.329363350000,-21.763255450000,"Rua Adelaide Campos de Resende, 984"
412,PARQUE BURNIER.,10073589,11:15:00,4,5,0,9,2025-01-06T00:00:00.000Z,-43.326568960000,-21.763629600000,"Rua Adelaide Campos de Resende, 706"
412,PARQUE BURNIER.,10071108,11:15:00,17,0,32,0,2025-01-06T00:00:00.000Z,-43.349331860000,-21.758144610000,"Avenida Getúlio Vargas, 835"
412,PARQUE BURNIER.,10072358,11:35:00,18,2,1,15,2025-01-06T00:00:00.000Z,-43.328687310000,-21.761675740000,"Rua Natalino José de Paula, 112 - Ponto Final do Parque Burnier"
412,PARQUE BURNIER.,10072313,11:35:00,10,0,1,18,2025-01-06T00:00:00.000Z,-43.328846690000,-21.762504770000,"Rua José Teodoro dos Santos, 275"
412,PARQUE BURNIER.,10072301,11:35:00,8,0,0,19,2025-01-06T00:00:00.000Z,-43.330138330000,-21.763252970000,"Rua Adelaide Campos de Resende, 1061"
412,PARQUE BURNIER.,10072359,11:35:00,14,0,0,18,2025-01-06T00:00:00.000Z,-43.326282500000,-21.763143540000,"Rua Adelaide Campos de Resende, 651"
412,PARQUE BURNIER.,10073561,11:35:00,7,0,0,19,2025-01-06T00:00:00.000Z,-43.331552510000,-21.763418910000,"Rua Olga Burnier, 480"
412,PARQUE BURNIER.,10072377,11:35:00,12,0,0,18,2025-01-06T00:00:00.000Z,-43.327321890000,-21.764062650000,"Rua José Teodoro dos Santos, 25"
412,PARQUE BURNIER.,10072296,11:35:00,9,0,0,19,2025-01-06T00:00:00.000Z,-43.329374790000,-21.763440430000,"Rua Adelaide Campos de Resende, 975"
412,PARQUE BURNIER.,10072356,11:35:00,17,1,0,14,2025-01-06T00:00:00.000Z,-43.327793950000,-21.762107030000,"Rua Natalino José de Paula, 271"
412,PARQUE BURNIER.,10073560,11:35:00,5,0,0,20,2025-01-06T00:00:00.000Z,-43.333589670000,-21.761652280000,"Rua Olga Burnier, 230"
412,PARQUE BURNIER.,10073557,11:35:00,6,0,1,19,2025-01-06T00:00:00.000Z,-43.332479840000,-21.762640710000,"Rua Olga Burnier, 356"
412,PARQUE BURNIER.,10073558,11:35:00,4,0,1,20,2025-01-06T00:00:00.000Z,-43.334645750000,-21.760669710000,"Rua Olga Burnier, 70"
412,PARQUE BURNIER.,10072328,11:35:00,13,0,0,18,2025-01-06T00:00:00.000Z,-43.326450350000,-21.763683320000,"Rua Adelaide Campos de Resende, 669"
412,PARQUE BURNIER.,10072375,11:35:00,16,0,5,13,2025-01-06T00:00:00.000Z,-43.327420830000,-21.762727850000,"Rua Natalino José de Paula, 319"
412,PARQUE BURNIER.,10072305,11:35:00,2,0,1,21,2025-01-06T00:00:00.000Z,-43.337478970000,-21.760922950000,"Rua Djalma de Carvalho, 37"
412,PARQUE BURNIER.,10072316,11:35:00,11,0,0,18,2025-01-06T00:00:00.000Z,-43.328204750000,-21.763332370000,"Rua José Teodoro dos Santos, 145"
412,PARQUE BURNIER.,10073552,11:35:00,3,0,0,21,2025-01-06T00:00:00.000Z,-43.335479020000,-21.760313550000,"Rua São Geraldo, 84"
412,PARQUE BURNIER.,10071108,11:35:00,1,22,0,22,2025-01-06T00:00:00.000Z,-43.349331860000,-21.758144610000,"Avenida Getúlio Vargas, 835"
412,PARQUE BURNIER.,10071503,11:35:00,15,0,0,18,2025-01-06T00:00:00.000Z,-43.326207040000,-21.762717810000,"Rua Natalino José de Paula, 421"
412,PARQUE BURNIER.,10073584,12:10:00,8,0,0,9,2025-01-06T00:00:00.000Z,-43.329363350000,-21.763255450000,"Rua Adelaide Campos de Resende, 984"
412,PARQUE BURNIER.,10072384,12:10:00,6,0,0,9,2025-01-06T00:00:00.000Z,-43.327999480000,-21.763301540000,"Rua José Teodoro dos Santos, 126"
412,PARQUE BURNIER.,10072363,12:10:00,2,2,0,2,2025-01-06T00:00:00.000Z,-43.327885630000,-21.762179390000,"Rua Natalino José de Paula, 288"
412,PARQUE BURNIER.,10072335,12:10:00,12,0,0,10,2025-01-06T00:00:00.000Z,-43.333453420000,-21.761562350000,"Rua Olga Burnier, 233"
412,PARQUE BURNIER.,10073589,12:10:00,4,2,0,9,2025-01-06T00:00:00.000Z,-43.326568960000,-21.763629600000,"Rua Adelaide Campos de Resende, 706"
412,PARQUE BURNIER.,10072386,12:10:00,7,0,0,9,2025-01-06T00:00:00.000Z,-43.328850270000,-21.762325320000,"Rua José Teodoro dos Santos, 292"
412,PARQUE BURNIER.,10072302,12:10:00,15,0,1,10,2025-01-06T00:00:00.000Z,-43.338029500000,-21.760323850000,"Avenida Sete de Setembro, 623"
412,PARQUE BURNIER.,10072332,12:10:00,14,1,0,11,2025-01-06T00:00:00.000Z,-43.335533860000,-21.760131640000,"Rua São Geraldo, 89"
412,PARQUE BURNIER.,10074194,12:10:00,16,10,1,19,2025-01-06T00:00:00.000Z,-43.342338620000,-21.760505960000,"Rua Ângelo Falci, 55"
412,PARQUE BURNIER.,10072380,12:10:00,10,0,0,9,2025-01-06T00:00:00.000Z,-43.331466790000,-21.763337580000,"Rua Olga Burnier, 485"
412,PARQUE BURNIER.,10073583,12:10:00,9,0,0,9,2025-01-06T00:00:00.000Z,-43.330207820000,-21.763072230000,"Rua Adelaide Campos de Resende, 1070"
412,PARQUE BURNIER.,10072358,12:10:00,1,0,0,0,2025-01-06T00:00:00.000Z,-43.328687310000,-21.761675740000,"Rua Natalino José de Paula, 112 - Ponto Final do Parque Burnier"
412,PARQUE BURNIER.,10072337,12:10:00,13,0,0,10,2025-01-06T00:00:00.000Z,-43.334540130000,-21.760522960000,"Rua Olga Burnier, 67"
412,PARQUE BURNIER.,10071108,12:10:00,17,0,10,9,2025-01-06T00:00:00.000Z,-43.349331860000,-21.758144610000,"Avenida Getúlio Vargas, 835"
412,PARQUE BURNIER.,10072382,12:10:00,11,1,0,10,2025-01-06T00:00:00.000Z,-43.332369450000,-21.762522520000,"Rua Olga Burnier, 361"
412,PARQUE BURNIER.,10072309,12:10:00,5,0,0,9,2025-01-06T00:00:00.000Z,-43.327273730000,-21.763967940000,"Rua José Teodoro dos Santos, 28"
412,PARQUE BURNIER.,10072362,12:10:00,3,5,0,7,2025-01-06T00:00:00.000Z,-43.327527760000,-21.762798310000,"Rua Natalino José de Paula, 310"
412,PARQUE BURNIER.,10072375,12:30:00,16,0,5,6,2025-01-06T00:00:00.000Z,-43.327420830000,-21.762727850000,"Rua Natalino José de Paula, 319"
412,PARQUE BURNIER.,10072316,12:30:00,11,0,0,17,2025-01-06T00:00:00.000Z,-43.328204750000,-21.763332370000,"Rua José Teodoro dos Santos, 145"
412,PARQUE BURNIER.,10073560,12:30:00,5,0,0,17,2025-01-06T00:00:00.000Z,-43.333589670000,-21.761652280000,"Rua Olga Burnier, 230"
412,PARQUE BURNIER.,10071503,12:30:00,15,0,6,11,2025-01-06T00:00:00.000Z,-43.326207040000,-21.762717810000,"Rua Natalino José de Paula, 421"
412,PARQUE BURNIER.,10072328,12:30:00,13,0,0,17,2025-01-06T00:00:00.000Z,-43.326450350000,-21.763683320000,"Rua Adelaide Campos de Resende, 669"
412,PARQUE BURNIER.,10072377,12:30:00,12,0,0,17,2025-01-06T00:00:00.000Z,-43.327321890000,-21.764062650000,"Rua José Teodoro dos Santos, 25"
412,PARQUE BURNIER.,10072356,12:30:00,17,0,0,6,2025-01-06T00:00:00.000Z,-43.327793950000,-21.762107030000,"Rua Natalino José de Paula, 271"
412,PARQUE BURNIER.,10072313,12:30:00,10,0,1,17,2025-01-06T00:00:00.000Z,-43.328846690000,-21.762504770000,"Rua José Teodoro dos Santos, 275"
412,PARQUE BURNIER.,10072359,12:30:00,14,0,0,17,2025-01-06T00:00:00.000Z,-43.326282500000,-21.763143540000,"Rua Adelaide Campos de Resende, 651"
412,PARQUE BURNIER.,10072305,12:30:00,2,3,1,17,2025-01-06T00:00:00.000Z,-43.337478970000,-21.760922950000,"Rua Djalma de Carvalho, 37"
412,PARQUE BURNIER.,10073558,12:30:00,4,1,1,17,2025-01-06T00:00:00.000Z,-43.334645750000,-21.760669710000,"Rua Olga Burnier, 70"
412,PARQUE BURNIER.,10073557,12:30:00,6,2,1,18,2025-01-06T00:00:00.000Z,-43.332479840000,-21.762640710000,"Rua Olga Burnier, 356"
412,PARQUE BURNIER.,10072296,12:30:00,9,0,0,18,2025-01-06T00:00:00.000Z,-43.329374790000,-21.763440430000,"Rua Adelaide Campos de Resende, 975"
412,PARQUE BURNIER.,10073561,12:30:00,7,0,0,18,2025-01-06T00:00:00.000Z,-43.331552510000,-21.763418910000,"Rua Olga Burnier, 480"
412,PARQUE BURNIER.,10072301,12:30:00,8,0,0,18,2025-01-06T00:00:00.000Z,-43.330138330000,-21.763252970000,"Rua Adelaide Campos de Resende, 1061"
412,PARQUE BURNIER.,10071108,12:30:00,1,15,0,15,2025-01-06T00:00:00.000Z,-43.349331860000,-21.758144610000,"Avenida Getúlio Vargas, 835"
412,PARQUE BURNIER.,10073552,12:30:00,3,0,0,17,2025-01-06T00:00:00.000Z,-43.335479020000,-21.760313550000,"Rua São Geraldo, 84"
412,PARQUE BURNIER.,10072358,12:30:00,18,5,0,11,2025-01-06T00:00:00.000Z,-43.328687310000,-21.761675740000,"Rua Natalino José de Paula, 112 - Ponto Final do Parque Burnier"
412,PARQUE BURNIER.,10072380,13:05:00,10,0,0,10,2025-01-06T00:00:00.000Z,-43.331466790000,-21.763337580000,"Rua Olga Burnier, 485"
412,PARQUE BURNIER.,10072386,13:05:00,7,2,0,8,2025-01-06T00:00:00.000Z,-43.328850270000,-21.762325320000,"Rua José Teodoro dos Santos, 292"
412,PARQUE BURNIER.,10073584,13:05:00,8,2,0,10,2025-01-06T00:00:00.000Z,-43.329363350000,-21.763255450000,"Rua Adelaide Campos de Resende, 984"
412,PARQUE BURNIER.,10071108,13:05:00,17,0,5,5,2025-01-06T00:00:00.000Z,-43.349331860000,-21.758144610000,"Avenida Getúlio Vargas, 835"
412,PARQUE BURNIER.,10072382,13:05:00,11,0,0,10,2025-01-06T00:00:00.000Z,-43.332369450000,-21.762522520000,"Rua Olga Burnier, 361"
412,PARQUE BURNIER.,10073583,13:05:00,9,0,0,10,2025-01-06T00:00:00.000Z,-43.330207820000,-21.763072230000,"Rua Adelaide Campos de Resende, 1070"
412,PARQUE BURNIER.,10072309,13:05:00,5,0,0,3,2025-01-06T00:00:00.000Z,-43.327273730000,-21.763967940000,"Rua José Teodoro dos Santos, 28"
412,PARQUE BURNIER.,10072302,13:05:00,15,1,1,10,2025-01-06T00:00:00.000Z,-43.338029500000,-21.760323850000,"Avenida Sete de Setembro, 623"
412,PARQUE BURNIER.,10072362,13:05:00,3,0,0,0,2025-01-06T00:00:00.000Z,-43.327527760000,-21.762798310000,"Rua Natalino José de Paula, 310"
412,PARQUE BURNIER.,10073589,13:05:00,4,3,0,3,2025-01-06T00:00:00.000Z,-43.326568960000,-21.763629600000,"Rua Adelaide Campos de Resende, 706"
412,PARQUE BURNIER.,10074194,13:05:00,16,5,5,10,2025-01-06T00:00:00.000Z,-43.342338620000,-21.760505960000,"Rua Ângelo Falci, 55"
412,PARQUE BURNIER.,10072335,13:05:00,12,0,0,10,2025-01-06T00:00:00.000Z,-43.333453420000,-21.761562350000,"Rua Olga Burnier, 233"
412,PARQUE BURNIER.,10072332,13:05:00,14,0,0,10,2025-01-06T00:00:00.000Z,-43.335533860000,-21.760131640000,"Rua São Geraldo, 89"
412,PARQUE BURNIER.,10072384,13:05:00,6,3,0,6,2025-01-06T00:00:00.000Z,-43.327999480000,-21.763301540000,"Rua José Teodoro dos Santos, 126"
412,PARQUE BURNIER.,10072363,13:05:00,2,0,0,0,2025-01-06T00:00:00.000Z,-43.327885630000,-21.762179390000,"Rua Natalino José de Paula, 288"
412,PARQUE BURNIER.,10072358,13:05:00,1,0,0,0,2025-01-06T00:00:00.000Z,-43.328687310000,-21.761675740000,"Rua Natalino José de Paula, 112 - Ponto Final do Parque Burnier"
412,PARQUE BURNIER.,10072337,13:05:00,13,0,0,10,2025-01-06T00:00:00.000Z,-43.334540130000,-21.760522960000,"Rua Olga Burnier, 67"
412,PARQUE BURNIER.,10072305,13:25:00,2,0,3,20,2025-01-06T00:00:00.000Z,-43.337478970000,-21.760922950000,"Rua Djalma de Carvalho, 37"
412,PARQUE BURNIER.,10072301,13:25:00,8,0,0,19,2025-01-06T00:00:00.000Z,-43.330138330000,-21.763252970000,"Rua Adelaide Campos de Resende, 1061"
412,PARQUE BURNIER.,10072358,13:25:00,18,2,0,17,2025-01-06T00:00:00.000Z,-43.328687310000,-21.761675740000,"Rua Natalino José de Paula, 112 - Ponto Final do Parque Burnier"
412,PARQUE BURNIER.,10073557,13:25:00,6,0,0,20,2025-01-06T00:00:00.000Z,-43.332479840000,-21.762640710000,"Rua Olga Burnier, 356"
412,PARQUE BURNIER.,10072375,13:25:00,16,1,1,15,2025-01-06T00:00:00.000Z,-43.327420830000,-21.762727850000,"Rua Natalino José de Paula, 319"
412,PARQUE BURNIER.,10072377,13:25:00,12,0,2,15,2025-01-06T00:00:00.000Z,-43.327321890000,-21.764062650000,"Rua José Teodoro dos Santos, 25"
412,PARQUE BURNIER.,10072313,13:25:00,10,0,3,17,2025-01-06T00:00:00.000Z,-43.328846690000,-21.762504770000,"Rua José Teodoro dos Santos, 275"
412,PARQUE BURNIER.,10072296,13:25:00,9,1,0,20,2025-01-06T00:00:00.000Z,-43.329374790000,-21.763440430000,"Rua Adelaide Campos de Resende, 975"
412,PARQUE BURNIER.,10071503,13:25:00,15,1,1,15,2025-01-06T00:00:00.000Z,-43.326207040000,-21.762717810000,"Rua Natalino José de Paula, 421"
412,PARQUE BURNIER.,10073561,13:25:00,7,0,1,19,2025-01-06T00:00:00.000Z,-43.331552510000,-21.763418910000,"Rua Olga Burnier, 480"
412,PARQUE BURNIER.,10072356,13:25:00,17,1,1,15,2025-01-06T00:00:00.000Z,-43.327793950000,-21.762107030000,"Rua Natalino José de Paula, 271"
412,PARQUE BURNIER.,10072359,13:25:00,14,0,0,15,2025-01-06T00:00:00.000Z,-43.326282500000,-21.763143540000,"Rua Adelaide Campos de Resende, 651"
412,PARQUE BURNIER.,10072328,13:25:00,13,0,0,15,2025-01-06T00:00:00.000Z,-43.326450350000,-21.763683320000,"Rua Adelaide Campos de Resende, 669"
412,PARQUE BURNIER.,10073560,13:25:00,5,0,0,20,2025-01-06T00:00:00.000Z,-43.333589670000,-21.761652280000,"Rua Olga Burnier, 230"
412,PARQUE BURNIER.,10073552,13:25:00,3,0,0,20,2025-01-06T00:00:00.000Z,-43.335479020000,-21.760313550000,"Rua São Geraldo, 84"
412,PARQUE BURNIER.,10071108,13:25:00,1,23,0,23,2025-01-06T00:00:00.000Z,-43.349331860000,-21.758144610000,"Avenida Getúlio Vargas, 835"
412,PARQUE BURNIER.,10072316,13:25:00,11,0,0,17,2025-01-06T00:00:00.000Z,-43.328204750000,-21.763332370000,"Rua José Teodoro dos Santos, 145"
412,PARQUE BURNIER.,10073558,13:25:00,4,0,0,20,2025-01-06T00:00:00.000Z,-43.334645750000,-21.760669710000,"Rua Olga Burnier, 70"
412,PARQUE BURNIER.,10073584,14:00:00,8,3,0,12,2025-01-06T00:00:00.000Z,-43.329363350000,-21.763255450000,"Rua Adelaide Campos de Resende, 984"
412,PARQUE BURNIER.,10072363,14:00:00,2,1,0,1,2025-01-06T00:00:00.000Z,-43.327885630000,-21.762179390000,"Rua Natalino José de Paula, 288"
412,PARQUE BURNIER.,10072384,14:00:00,6,2,0,7,2025-01-06T00:00:00.000Z,-43.327999480000,-21.763301540000,"Rua José Teodoro dos Santos, 126"
412,PARQUE BURNIER.,10073589,14:00:00,4,1,0,3,2025-01-06T00:00:00.000Z,-43.326568960000,-21.763629600000,"Rua Adelaide Campos de Resende, 706"
412,PARQUE BURNIER.,10072302,14:00:00,15,2,0,18,2025-01-06T00:00:00.000Z,-43.338029500000,-21.760323850000,"Avenida Sete de Setembro, 623"
412,PARQUE BURNIER.,10073583,14:00:00,9,1,0,13,2025-01-06T00:00:00.000Z,-43.330207820000,-21.763072230000,"Rua Adelaide Campos de Resende, 1070"
412,PARQUE BURNIER.,10072337,14:00:00,13,0,0,15,2025-01-06T00:00:00.000Z,-43.334540130000,-21.760522960000,"Rua Olga Burnier, 67"
412,PARQUE BURNIER.,10072332,14:00:00,14,1,0,16,2025-01-06T00:00:00.000Z,-43.335533860000,-21.760131640000,"Rua São Geraldo, 89"
412,PARQUE BURNIER.,10074194,14:00:00,16,11,6,23,2025-01-06T00:00:00.000Z,-43.342338620000,-21.760505960000,"Rua Ângelo Falci, 55"
412,PARQUE BURNIER.,10072335,14:00:00,12,0,0,15,2025-01-06T00:00:00.000Z,-43.333453420000,-21.761562350000,"Rua Olga Burnier, 233"
412,PARQUE BURNIER.,10072382,14:00:00,11,0,1,15,2025-01-06T00:00:00.000Z,-43.332369450000,-21.762522520000,"Rua Olga Burnier, 361"
412,PARQUE BURNIER.,10072309,14:00:00,5,3,1,5,2025-01-06T00:00:00.000Z,-43.327273730000,-21.763967940000,"Rua José Teodoro dos Santos, 28"
412,PARQUE BURNIER.,10072362,14:00:00,3,1,0,2,2025-01-06T00:00:00.000Z,-43.327527760000,-21.762798310000,"Rua Natalino José de Paula, 310"
412,PARQUE BURNIER.,10072358,14:00:00,1,0,0,0,2025-01-06T00:00:00.000Z,-43.328687310000,-21.761675740000,"Rua Natalino José de Paula, 112 - Ponto Final do Parque Burnier"
412,PARQUE BURNIER.,10071108,14:00:00,17,0,23,0,2025-01-06T00:00:00.000Z,-43.349331860000,-21.758144610000,"Avenida Getúlio Vargas, 835"
412,PARQUE BURNIER.,10072386,14:00:00,7,2,0,9,2025-01-06T00:00:00.000Z,-43.328850270000,-21.762325320000,"Rua José Teodoro dos Santos, 292"
412,PARQUE BURNIER.,10072380,14:00:00,10,3,0,16,2025-01-06T00:00:00.000Z,-43.331466790000,-21.763337580000,"Rua Olga Burnier, 485"
412,PARQUE BURNIER.,10073552,14:20:00,3,0,1,11,2025-01-06T00:00:00.000Z,-43.335479020000,-21.760313550000,"Rua São Geraldo, 84"
412,PARQUE BURNIER.,10072359,14:20:00,14,0,3,3,2025-01-06T00:00:00.000Z,-43.326282500000,-21.763143540000,"Rua Adelaide Campos de Resende, 651"
412,PARQUE BURNIER.,10073558,14:20:00,4,0,0,11,2025-01-06T00:00:00.000Z,-43.334645750000,-21.760669710000,"Rua Olga Burnier, 70"
412,PARQUE BURNIER.,10072301,14:20:00,8,0,0,10,2025-01-06T00:00:00.000Z,-43.330138330000,-21.763252970000,"Rua Adelaide Campos de Resende, 1061"
412,PARQUE BURNIER.,10072377,14:20:00,12,1,2,9,2025-01-06T00:00:00.000Z,-43.327321890000,-21.764062650000,"Rua José Teodoro dos Santos, 25"
412,PARQUE BURNIER.,10072375,14:20:00,16,0,0,1,2025-01-06T00:00:00.000Z,-43.327420830000,-21.762727850000,"Rua Natalino José de Paula, 319"
412,PARQUE BURNIER.,10071503,14:20:00,15,0,2,1,2025-01-06T00:00:00.000Z,-43.326207040000,-21.762717810000,"Rua Natalino José de Paula, 421"
412,PARQUE BURNIER.,10072296,14:20:00,9,0,0,10,2025-01-06T00:00:00.000Z,-43.329374790000,-21.763440430000,"Rua Adelaide Campos de Resende, 975"
412,PARQUE BURNIER.,10073561,14:20:00,7,0,0,10,2025-01-06T00:00:00.000Z,-43.331552510000,-21.763418910000,"Rua Olga Burnier, 480"
412,PARQUE BURNIER.,10072356,14:20:00,17,0,0,1,2025-01-06T00:00:00.000Z,-43.327793950000,-21.762107030000,"Rua Natalino José de Paula, 271"
412,PARQUE BURNIER.,10073560,14:20:00,5,0,1,10,2025-01-06T00:00:00.000Z,-43.333589670000,-21.761652280000,"Rua Olga Burnier, 230"
412,PARQUE BURNIER.,10072316,14:20:00,11,0,0,10,2025-01-06T00:00:00.000Z,-43.328204750000,-21.763332370000,"Rua José Teodoro dos Santos, 145"
412,PARQUE BURNIER.,10072328,14:20:00,13,0,3,6,2025-01-06T00:00:00.000Z,-43.326450350000,-21.763683320000,"Rua Adelaide Campos de Resende, 669"
412,PARQUE BURNIER.,10072313,14:20:00,10,0,0,10,2025-01-06T00:00:00.000Z,-43.328846690000,-21.762504770000,"Rua José Teodoro dos Santos, 275"
412,PARQUE BURNIER.,10073557,14:20:00,6,0,0,10,2025-01-06T00:00:00.000Z,-43.332479840000,-21.762640710000,"Rua Olga Burnier, 356"
412,PARQUE BURNIER.,10072305,14:20:00,2,1,5,12,2025-01-06T00:00:00.000Z,-43.337478970000,-21.760922950000,"Rua Djalma de Carvalho, 37"
412,PARQUE BURNIER.,10071108,14:20:00,1,16,0,16,2025-01-06T00:00:00.000Z,-43.349331860000,-21.758144610000,"Avenida Getúlio Vargas, 835"
412,PARQUE BURNIER.,10072358,14:20:00,18,0,0,1,2025-01-06T00:00:00.000Z,-43.328687310000,-21.761675740000,"Rua Natalino José de Paula, 112 - Ponto Final do Parque Burnier"
412,PARQUE BURNIER.,10072335,14:55:00,12,0,0,5,2025-01-06T00:00:00.000Z,-43.333453420000,-21.761562350000,"Rua Olga Burnier, 233"
412,PARQUE BURNIER.,10072337,14:55:00,13,0,0,5,2025-01-06T00:00:00.000Z,-43.334540130000,-21.760522960000,"Rua Olga Burnier, 67"
412,PARQUE BURNIER.,10072362,14:55:00,3,1,0,2,2025-01-06T00:00:00.000Z,-43.327527760000,-21.762798310000,"Rua Natalino José de Paula, 310"
412,PARQUE BURNIER.,10072386,14:55:00,7,1,0,2,2025-01-06T00:00:00.000Z,-43.328850270000,-21.762325320000,"Rua José Teodoro dos Santos, 292"
412,PARQUE BURNIER.,10072380,14:55:00,10,1,0,5,2025-01-06T00:00:00.000Z,-43.331466790000,-21.763337580000,"Rua Olga Burnier, 485"
412,PARQUE BURNIER.,10072384,14:55:00,6,1,1,1,2025-01-06T00:00:00.000Z,-43.327999480000,-21.763301540000,"Rua José Teodoro dos Santos, 126"
412,PARQUE BURNIER.,10072363,14:55:00,2,1,0,1,2025-01-06T00:00:00.000Z,-43.327885630000,-21.762179390000,"Rua Natalino José de Paula, 288"
412,PARQUE BURNIER.,10071108,14:55:00,17,0,12,0,2025-01-06T00:00:00.000Z,-43.349331860000,-21.758144610000,"Avenida Getúlio Vargas, 835"
412,PARQUE BURNIER.,10074194,14:55:00,16,6,0,12,2025-01-06T00:00:00.000Z,-43.342338620000,-21.760505960000,"Rua Ângelo Falci, 55"
412,PARQUE BURNIER.,10072332,14:55:00,14,2,0,7,2025-01-06T00:00:00.000Z,-43.335533860000,-21.760131640000,"Rua São Geraldo, 89"
412,PARQUE BURNIER.,10072309,14:55:00,5,0,1,1,2025-01-06T00:00:00.000Z,-43.327273730000,-21.763967940000,"Rua José Teodoro dos Santos, 28"
412,PARQUE BURNIER.,10073584,14:55:00,8,1,0,3,2025-01-06T00:00:00.000Z,-43.329363350000,-21.763255450000,"Rua Adelaide Campos de Resende, 984"
412,PARQUE BURNIER.,10073589,14:55:00,4,0,0,2,2025-01-06T00:00:00.000Z,-43.326568960000,-21.763629600000,"Rua Adelaide Campos de Resende, 706"
412,PARQUE BURNIER.,10072358,14:55:00,1,0,0,0,2025-01-06T00:00:00.000Z,-43.328687310000,-21.761675740000,"Rua Natalino José de Paula, 112 - Ponto Final do Parque Burnier"
412,PARQUE BURNIER.,10073583,14:55:00,9,1,0,4,2025-01-06T00:00:00.000Z,-43.330207820000,-21.763072230000,"Rua Adelaide Campos de Resende, 1070"
412,PARQUE BURNIER.,10072382,14:55:00,11,0,0,5,2025-01-06T00:00:00.000Z,-43.332369450000,-21.762522520000,"Rua Olga Burnier, 361"
412,PARQUE BURNIER.,10072302,14:55:00,15,0,1,6,2025-01-06T00:00:00.000Z,-43.338029500000,-21.760323850000,"Avenida Sete de Setembro, 623"
412,PARQUE BURNIER.,10072377,15:15:00,12,0,0,13,2025-01-06T00:00:00.000Z,-43.327321890000,-21.764062650000,"Rua José Teodoro dos Santos, 25"
412,PARQUE BURNIER.,10072375,15:15:00,16,0,0,10,2025-01-06T00:00:00.000Z,-43.327420830000,-21.762727850000,"Rua Natalino José de Paula, 319"
412,PARQUE BURNIER.,10072358,15:15:00,18,3,0,13,2025-01-06T00:00:00.000Z,-43.328687310000,-21.761675740000,"Rua Natalino José de Paula, 112 - Ponto Final do Parque Burnier"
412,PARQUE BURNIER.,10072296,15:15:00,9,0,0,13,2025-01-06T00:00:00.000Z,-43.329374790000,-21.763440430000,"Rua Adelaide Campos de Resende, 975"
412,PARQUE BURNIER.,10072301,15:15:00,8,0,0,13,2025-01-06T00:00:00.000Z,-43.330138330000,-21.763252970000,"Rua Adelaide Campos de Resende, 1061"
412,PARQUE BURNIER.,10072356,15:15:00,17,0,0,10,2025-01-06T00:00:00.000Z,-43.327793950000,-21.762107030000,"Rua Natalino José de Paula, 271"
412,PARQUE BURNIER.,10072328,15:15:00,13,0,1,12,2025-01-06T00:00:00.000Z,-43.326450350000,-21.763683320000,"Rua Adelaide Campos de Resende, 669"
412,PARQUE BURNIER.,10073560,15:15:00,5,0,0,13,2025-01-06T00:00:00.000Z,-43.333589670000,-21.761652280000,"Rua Olga Burnier, 230"
412,PARQUE BURNIER.,10073557,15:15:00,6,0,0,13,2025-01-06T00:00:00.000Z,-43.332479840000,-21.762640710000,"Rua Olga Burnier, 356"
412,PARQUE BURNIER.,10073558,15:15:00,4,0,0,13,2025-01-06T00:00:00.000Z,-43.334645750000,-21.760669710000,"Rua Olga Burnier, 70"
412,PARQUE BURNIER.,10072316,15:15:00,11,0,0,13,2025-01-06T00:00:00.000Z,-43.328204750000,-21.763332370000,"Rua José Teodoro dos Santos, 145"
412,PARQUE BURNIER.,10072313,15:15:00,10,0,0,13,2025-01-06T00:00:00.000Z,-43.328846690000,-21.762504770000,"Rua José Teodoro dos Santos, 275"
412,PARQUE BURNIER.,10071503,15:15:00,15,0,1,10,2025-01-06T00:00:00.000Z,-43.326207040000,-21.762717810000,"Rua Natalino José de Paula, 421"
412,PARQUE BURNIER.,10073561,15:15:00,7,0,0,13,2025-01-06T00:00:00.000Z,-43.331552510000,-21.763418910000,"Rua Olga Burnier, 480"
412,PARQUE BURNIER.,10073552,15:15:00,3,0,0,13,2025-01-06T00:00:00.000Z,-43.335479020000,-21.760313550000,"Rua São Geraldo, 84"
412,PARQUE BURNIER.,10071108,15:15:00,1,13,0,13,2025-01-06T00:00:00.000Z,-43.349331860000,-21.758144610000,"Avenida Getúlio Vargas, 835"
412,PARQUE BURNIER.,10072359,15:15:00,14,0,1,11,2025-01-06T00:00:00.000Z,-43.326282500000,-21.763143540000,"Rua Adelaide Campos de Resende, 651"
412,PARQUE BURNIER.,10072305,15:15:00,2,0,0,13,2025-01-06T00:00:00.000Z,-43.337478970000,-21.760922950000,"Rua Djalma de Carvalho, 37"
412,PARQUE BURNIER.,10071108,15:50:00,17,0,18,0,2025-01-06T00:00:00.000Z,-43.349331860000,-21.758144610000,"Avenida Getúlio Vargas, 835"
412,PARQUE BURNIER.,10072384,15:50:00,6,0,0,5,2025-01-06T00:00:00.000Z,-43.327999480000,-21.763301540000,"Rua José Teodoro dos Santos, 126"
412,PARQUE BURNIER.,10073589,15:50:00,4,3,0,3,2025-01-06T00:00:00.000Z,-43.326568960000,-21.763629600000,"Rua Adelaide Campos de Resende, 706"
412,PARQUE BURNIER.,10074194,15:50:00,16,10,3,18,2025-01-06T00:00:00.000Z,-43.342338620000,-21.760505960000,"Rua Ângelo Falci, 55"
412,PARQUE BURNIER.,10073583,15:50:00,9,0,0,5,2025-01-06T00:00:00.000Z,-43.330207820000,-21.763072230000,"Rua Adelaide Campos de Resende, 1070"
412,PARQUE BURNIER.,10073584,15:50:00,8,0,0,5,2025-01-06T00:00:00.000Z,-43.329363350000,-21.763255450000,"Rua Adelaide Campos de Resende, 984"
412,PARQUE BURNIER.,10072335,15:50:00,12,1,0,6,2025-01-06T00:00:00.000Z,-43.333453420000,-21.761562350000,"Rua Olga Burnier, 233"
412,PARQUE BURNIER.,10072363,15:50:00,2,0,0,0,2025-01-06T00:00:00.000Z,-43.327885630000,-21.762179390000,"Rua Natalino José de Paula, 288"
412,PARQUE BURNIER.,10072382,15:50:00,11,0,0,5,2025-01-06T00:00:00.000Z,-43.332369450000,-21.762522520000,"Rua Olga Burnier, 361"
412,PARQUE BURNIER.,10072302,15:50:00,15,5,0,11,2025-01-06T00:00:00.000Z,-43.338029500000,-21.760323850000,"Avenida Sete de Setembro, 623"
412,PARQUE BURNIER.,10072332,15:50:00,14,0,0,6,2025-01-06T00:00:00.000Z,-43.335533860000,-21.760131640000,"Rua São Geraldo, 89"
412,PARQUE BURNIER.,10072386,15:50:00,7,0,0,5,2025-01-06T00:00:00.000Z,-43.328850270000,-21.762325320000,"Rua José Teodoro dos Santos, 292"
412,PARQUE BURNIER.,10072337,15:50:00,13,0,0,6,2025-01-06T00:00:00.000Z,-43.334540130000,-21.760522960000,"Rua Olga Burnier, 67"
412,PARQUE BURNIER.,10072309,15:50:00,5,2,0,5,2025-01-06T00:00:00.000Z,-43.327273730000,-21.763967940000,"Rua José Teodoro dos Santos, 28"
412,PARQUE BURNIER.,10072362,15:50:00,3,0,0,0,2025-01-06T00:00:00.000Z,-43.327527760000,-21.762798310000,"Rua Natalino José de Paula, 310"
412,PARQUE BURNIER.,10072358,15:50:00,1,0,0,0,2025-01-06T00:00:00.000Z,-43.328687310000,-21.761675740000,"Rua Natalino José de Paula, 112 - Ponto Final do Parque Burnier"
412,PARQUE BURNIER.,10072380,15:50:00,10,0,0,5,2025-01-06T00:00:00.000Z,-43.331466790000,-21.763337580000,"Rua Olga Burnier, 485"
412,PARQUE BURNIER.,10072375,16:10:00,16,0,0,0,2025-01-06T00:00:00.000Z,-43.327420830000,-21.762727850000,"Rua Natalino José de Paula, 319"
412,PARQUE BURNIER.,10071108,16:10:00,1,15,0,15,2025-01-06T00:00:00.000Z,-43.349331860000,-21.758144610000,"Avenida Getúlio Vargas, 835"
412,PARQUE BURNIER.,10072301,16:10:00,8,0,2,12,2025-01-06T00:00:00.000Z,-43.330138330000,-21.763252970000,"Rua Adelaide Campos de Resende, 1061"
412,PARQUE BURNIER.,10073560,16:10:00,5,0,1,15,2025-01-06T00:00:00.000Z,-43.333589670000,-21.761652280000,"Rua Olga Burnier, 230"
412,PARQUE BURNIER.,10073552,16:10:00,3,0,0,17,2025-01-06T00:00:00.000Z,-43.335479020000,-21.760313550000,"Rua São Geraldo, 84"
412,PARQUE BURNIER.,10072356,16:10:00,17,2,0,2,2025-01-06T00:00:00.000Z,-43.327793950000,-21.762107030000,"Rua Natalino José de Paula, 271"
412,PARQUE BURNIER.,10072359,16:10:00,14,0,0,0,2025-01-06T00:00:00.000Z,-43.326282500000,-21.763143540000,"Rua Adelaide Campos de Resende, 651"
412,PARQUE BURNIER.,10072305,16:10:00,2,2,0,17,2025-01-06T00:00:00.000Z,-43.337478970000,-21.760922950000,"Rua Djalma de Carvalho, 37"
412,PARQUE BURNIER.,10072313,16:10:00,10,0,1,8,2025-01-06T00:00:00.000Z,-43.328846690000,-21.762504770000,"Rua José Teodoro dos Santos, 275"
412,PARQUE BURNIER.,10071503,16:10:00,15,0,0,0,2025-01-06T00:00:00.000Z,-43.326207040000,-21.762717810000,"Rua Natalino José de Paula, 421"
412,PARQUE BURNIER.,10072296,16:10:00,9,0,3,9,2025-01-06T00:00:00.000Z,-43.329374790000,-21.763440430000,"Rua Adelaide Campos de Resende, 975"
412,PARQUE BURNIER.,10072328,16:10:00,13,0,4,0,2025-01-06T00:00:00.000Z,-43.326450350000,-21.763683320000,"Rua Adelaide Campos de Resende, 669"
412,PARQUE BURNIER.,10072358,16:10:00,18,3,0,5,2025-01-06T00:00:00.000Z,-43.328687310000,-21.761675740000,"Rua Natalino José de Paula, 112 - Ponto Final do Parque Burnier"
412,PARQUE BURNIER.,10073561,16:10:00,7,0,1,14,2025-01-06T00:00:00.000Z,-43.331552510000,-21.763418910000,"Rua Olga Burnier, 480"
412,PARQUE BURNIER.,10072316,16:10:00,11,0,2,6,2025-01-06T00:00:00.000Z,-43.328204750000,-21.763332370000,"Rua José Teodoro dos Santos, 145"
412,PARQUE BURNIER.,10072377,16:10:00,12,0,2,4,2025-01-06T00:00:00.000Z,-43.327321890000,-21.764062650000,"Rua José Teodoro dos Santos, 25"
412,PARQUE BURNIER.,10073557,16:10:00,6,0,0,15,2025-01-06T00:00:00.000Z,-43.332479840000,-21.762640710000,"Rua Olga Burnier, 356"
412,PARQUE BURNIER.,10073558,16:10:00,4,0,1,16,2025-01-06T00:00:00.000Z,-43.334645750000,-21.760669710000,"Rua Olga Burnier, 70"
412,PARQUE BURNIER.,10072332,16:45:00,14,0,0,5,2025-01-06T00:00:00.000Z,-43.335533860000,-21.760131640000,"Rua São Geraldo, 89"
412,PARQUE BURNIER.,10073583,16:45:00,9,0,0,3,2025-01-06T00:00:00.000Z,-43.330207820000,-21.763072230000,"Rua Adelaide Campos de Resende, 1070"
412,PARQUE BURNIER.,10072386,16:45:00,7,1,0,4,2025-01-06T00:00:00.000Z,-43.328850270000,-21.762325320000,"Rua José Teodoro dos Santos, 292"
412,PARQUE BURNIER.,10071108,16:45:00,17,0,20,0,2025-01-06T00:00:00.000Z,-43.349331860000,-21.758144610000,"Avenida Getúlio Vargas, 835"
412,PARQUE BURNIER.,10072302,16:45:00,15,1,0,6,2025-01-06T00:00:00.000Z,-43.338029500000,-21.760323850000,"Avenida Sete de Setembro, 623"
412,PARQUE BURNIER.,10072337,16:45:00,13,1,0,5,2025-01-06T00:00:00.000Z,-43.334540130000,-21.760522960000,"Rua Olga Burnier, 67"
412,PARQUE BURNIER.,10072382,16:45:00,11,1,0,4,2025-01-06T00:00:00.000Z,-43.332369450000,-21.762522520000,"Rua Olga Burnier, 361"
412,PARQUE BURNIER.,10072363,16:45:00,2,0,0,0,2025-01-06T00:00:00.000Z,-43.327885630000,-21.762179390000,"Rua Natalino José de Paula, 288"
412,PARQUE BURNIER.,10072335,16:45:00,12,0,0,4,2025-01-06T00:00:00.000Z,-43.333453420000,-21.761562350000,"Rua Olga Burnier, 233"
412,PARQUE BURNIER.,10073584,16:45:00,8,0,1,3,2025-01-06T00:00:00.000Z,-43.329363350000,-21.763255450000,"Rua Adelaide Campos de Resende, 984"
412,PARQUE BURNIER.,10073589,16:45:00,4,0,0,5,2025-01-06T00:00:00.000Z,-43.326568960000,-21.763629600000,"Rua Adelaide Campos de Resende, 706"
412,PARQUE BURNIER.,10072309,16:45:00,5,0,2,3,2025-01-06T00:00:00.000Z,-43.327273730000,-21.763967940000,"Rua José Teodoro dos Santos, 28"
412,PARQUE BURNIER.,10072362,16:45:00,3,5,0,5,2025-01-06T00:00:00.000Z,-43.327527760000,-21.762798310000,"Rua Natalino José de Paula, 310"
412,PARQUE BURNIER.,10074194,16:45:00,16,15,1,20,2025-01-06T00:00:00.000Z,-43.342338620000,-21.760505960000,"Rua Ângelo Falci, 55"
412,PARQUE BURNIER.,10072380,16:45:00,10,0,0,3,2025-01-06T00:00:00.000Z,-43.331466790000,-21.763337580000,"Rua Olga Burnier, 485"
412,PARQUE BURNIER.,10072384,16:45:00,6,0,0,3,2025-01-06T00:00:00.000Z,-43.327999480000,-21.763301540000,"Rua José Teodoro dos Santos, 126"
412,PARQUE BURNIER.,10072358,16:45:00,1,0,0,0,2025-01-06T00:00:00.000Z,-43.328687310000,-21.761675740000,"Rua Natalino José de Paula, 112 - Ponto Final do Parque Burnier"
412,PARQUE BURNIER.,10072358,17:05:00,18,2,0,3,2025-01-06T00:00:00.000Z,-43.328687310000,-21.761675740000,"Rua Natalino José de Paula, 112 - Ponto Final do Parque Burnier"
412,PARQUE BURNIER.,10072375,17:05:00,16,0,5,2,2025-01-06T00:00:00.000Z,-43.327420830000,-21.762727850000,"Rua Natalino José de Paula, 319"
412,PARQUE BURNIER.,10072301,17:05:00,8,0,0,13,2025-01-06T00:00:00.000Z,-43.330138330000,-21.763252970000,"Rua Adelaide Campos de Resende, 1061"
412,PARQUE BURNIER.,10072316,17:05:00,11,0,0,12,2025-01-06T00:00:00.000Z,-43.328204750000,-21.763332370000,"Rua José Teodoro dos Santos, 145"
412,PARQUE BURNIER.,10072313,17:05:00,10,0,0,12,2025-01-06T00:00:00.000Z,-43.328846690000,-21.762504770000,"Rua José Teodoro dos Santos, 275"
412,PARQUE BURNIER.,10072377,17:05:00,12,0,0,12,2025-01-06T00:00:00.000Z,-43.327321890000,-21.764062650000,"Rua José Teodoro dos Santos, 25"
412,PARQUE BURNIER.,10072305,17:05:00,2,1,0,15,2025-01-06T00:00:00.000Z,-43.337478970000,-21.760922950000,"Rua Djalma de Carvalho, 37"
412,PARQUE BURNIER.,10073558,17:05:00,4,0,0,14,2025-01-06T00:00:00.000Z,-43.334645750000,-21.760669710000,"Rua Olga Burnier, 70"
412,PARQUE BURNIER.,10071503,17:05:00,15,1,2,7,2025-01-06T00:00:00.000Z,-43.326207040000,-21.762717810000,"Rua Natalino José de Paula, 421"
412,PARQUE BURNIER.,10073561,17:05:00,7,0,0,13,2025-01-06T00:00:00.000Z,-43.331552510000,-21.763418910000,"Rua Olga Burnier, 480"
412,PARQUE BURNIER.,10073552,17:05:00,3,0,1,14,2025-01-06T00:00:00.000Z,-43.335479020000,-21.760313550000,"Rua São Geraldo, 84"
412,PARQUE BURNIER.,10072359,17:05:00,14,0,2,8,2025-01-06T00:00:00.000Z,-43.326282500000,-21.763143540000,"Rua Adelaide Campos de Resende, 651"
412,PARQUE BURNIER.,10072356,17:05:00,17,1,2,1,2025-01-06T00:00:00.000Z,-43.327793950000,-21.762107030000,"Rua Natalino José de Paula, 271"
412,PARQUE BURNIER.,10072296,17:05:00,9,0,1,12,2025-01-06T00:00:00.000Z,-43.329374790000,-21.763440430000,"Rua Adelaide Campos de Resende, 975"
412,PARQUE BURNIER.,10073560,17:05:00,5,0,0,14,2025-01-06T00:00:00.000Z,-43.333589670000,-21.761652280000,"Rua Olga Burnier, 230"
412,PARQUE BURNIER.,10071108,17:05:00,1,14,0,14,2025-01-06T00:00:00.000Z,-43.349331860000,-21.758144610000,"Avenida Getúlio Vargas, 835"
412,PARQUE BURNIER.,10073557,17:05:00,6,0,1,13,2025-01-06T00:00:00.000Z,-43.332479840000,-21.762640710000,"Rua Olga Burnier, 356"
412,PARQUE BURNIER.,10072328,17:05:00,13,0,2,10,2025-01-06T00:00:00.000Z,-43.326450350000,-21.763683320000,"Rua Adelaide Campos de Resende, 669"
412,PARQUE BURNIER.,10072380,18:35:00,10,1,0,6,2025-01-06T00:00:00.000Z,-43.331466790000,-21.763337580000,"Rua Olga Burnier, 485"
412,PARQUE BURNIER.,10072384,18:35:00,6,0,0,4,2025-01-06T00:00:00.000Z,-43.327999480000,-21.763301540000,"Rua José Teodoro dos Santos, 126"
412,PARQUE BURNIER.,10072332,18:35:00,14,0,0,6,2025-01-06T00:00:00.000Z,-43.335533860000,-21.760131640000,"Rua São Geraldo, 89"
412,PARQUE BURNIER.,10071108,18:35:00,17,0,19,2,2025-01-06T00:00:00.000Z,-43.349331860000,-21.758144610000,"Avenida Getúlio Vargas, 835"
412,PARQUE BURNIER.,10072363,18:35:00,2,2,0,2,2025-01-06T00:00:00.000Z,-43.327885630000,-21.762179390000,"Rua Natalino José de Paula, 288"
412,PARQUE BURNIER.,10074194,18:35:00,16,13,1,21,2025-01-06T00:00:00.000Z,-43.342338620000,-21.760505960000,"Rua Ângelo Falci, 55"
412,PARQUE BURNIER.,10073589,18:35:00,4,0,0,2,2025-01-06T00:00:00.000Z,-43.326568960000,-21.763629600000,"Rua Adelaide Campos de Resende, 706"
412,PARQUE BURNIER.,10073584,18:35:00,8,0,1,6,2025-01-06T00:00:00.000Z,-43.329363350000,-21.763255450000,"Rua Adelaide Campos de Resende, 984"
412,PARQUE BURNIER.,10072309,18:35:00,5,2,0,4,2025-01-06T00:00:00.000Z,-43.327273730000,-21.763967940000,"Rua José Teodoro dos Santos, 28"
412,PARQUE BURNIER.,10072337,18:35:00,13,0,0,6,2025-01-06T00:00:00.000Z,-43.334540130000,-21.760522960000,"Rua Olga Burnier, 67"
412,PARQUE BURNIER.,10072335,18:35:00,12,0,0,6,2025-01-06T00:00:00.000Z,-43.333453420000,-21.761562350000,"Rua Olga Burnier, 233"
412,PARQUE BURNIER.,10073583,18:35:00,9,0,1,5,2025-01-06T00:00:00.000Z,-43.330207820000,-21.763072230000,"Rua Adelaide Campos de Resende, 1070"
412,PARQUE BURNIER.,10072386,18:35:00,7,3,0,7,2025-01-06T00:00:00.000Z,-43.328850270000,-21.762325320000,"Rua José Teodoro dos Santos, 292"
412,PARQUE BURNIER.,10072362,18:35:00,3,1,1,2,2025-01-06T00:00:00.000Z,-43.327527760000,-21.762798310000,"Rua Natalino José de Paula, 310"
412,PARQUE BURNIER.,10072358,18:35:00,1,0,0,0,2025-01-06T00:00:00.000Z,-43.328687310000,-21.761675740000,"Rua Natalino José de Paula, 112 - Ponto Final do Parque Burnier"
412,PARQUE BURNIER.,10072302,18:35:00,15,3,0,9,2025-01-06T00:00:00.000Z,-43.338029500000,-21.760323850000,"Avenida Sete de Setembro, 623"
412,PARQUE BURNIER.,10072382,18:35:00,11,0,0,6,2025-01-06T00:00:00.000Z,-43.332369450000,-21.762522520000,"Rua Olga Burnier, 361"
412,PARQUE BURNIER.,10072386,19:30:00,7,0,0,1,2025-01-06T00:00:00.000Z,-43.328850270000,-21.762325320000,"Rua José Teodoro dos Santos, 292"
412,PARQUE BURNIER.,10072309,19:30:00,5,1,0,1,2025-01-06T00:00:00.000Z,-43.327273730000,-21.763967940000,"Rua José Teodoro dos Santos, 28"
412,PARQUE BURNIER.,10071108,19:30:00,17,0,1,4,2025-01-06T00:00:00.000Z,-43.349331860000,-21.758144610000,"Avenida Getúlio Vargas, 835"
412,PARQUE BURNIER.,10073583,19:30:00,9,1,0,2,2025-01-06T00:00:00.000Z,-43.330207820000,-21.763072230000,"Rua Adelaide Campos de Resende, 1070"
412,PARQUE BURNIER.,10072362,19:30:00,3,0,0,0,2025-01-06T00:00:00.000Z,-43.327527760000,-21.762798310000,"Rua Natalino José de Paula, 310"
412,PARQUE BURNIER.,10072382,19:30:00,11,0,0,3,2025-01-06T00:00:00.000Z,-43.332369450000,-21.762522520000,"Rua Olga Burnier, 361"
412,PARQUE BURNIER.,10072302,19:30:00,15,2,0,5,2025-01-06T00:00:00.000Z,-43.338029500000,-21.760323850000,"Avenida Sete de Setembro, 623"
412,PARQUE BURNIER.,10073589,19:30:00,4,0,0,0,2025-01-06T00:00:00.000Z,-43.326568960000,-21.763629600000,"Rua Adelaide Campos de Resende, 706"
412,PARQUE BURNIER.,10072335,19:30:00,12,0,0,3,2025-01-06T00:00:00.000Z,-43.333453420000,-21.761562350000,"Rua Olga Burnier, 233"
412,PARQUE BURNIER.,10074194,19:30:00,16,2,2,5,2025-01-06T00:00:00.000Z,-43.342338620000,-21.760505960000,"Rua Ângelo Falci, 55"
412,PARQUE BURNIER.,10073584,19:30:00,8,0,0,1,2025-01-06T00:00:00.000Z,-43.329363350000,-21.763255450000,"Rua Adelaide Campos de Resende, 984"
412,PARQUE BURNIER.,10072332,19:30:00,14,0,0,3,2025-01-06T00:00:00.000Z,-43.335533860000,-21.760131640000,"Rua São Geraldo, 89"
412,PARQUE BURNIER.,10072380,19:30:00,10,1,0,3,2025-01-06T00:00:00.000Z,-43.331466790000,-21.763337580000,"Rua Olga Burnier, 485"
412,PARQUE BURNIER.,10072384,19:30:00,6,0,0,1,2025-01-06T00:00:00.000Z,-43.327999480000,-21.763301540000,"Rua José Teodoro dos Santos, 126"
412,PARQUE BURNIER.,10072363,19:30:00,2,0,0,0,2025-01-06T00:00:00.000Z,-43.327885630000,-21.762179390000,"Rua Natalino José de Paula, 288"
412,PARQUE BURNIER.,10072358,19:30:00,1,0,0,0,2025-01-06T00:00:00.000Z,-43.328687310000,-21.761675740000,"Rua Natalino José de Paula, 112 - Ponto Final do Parque Burnier"
412,PARQUE BURNIER.,10072337,19:30:00,13,0,0,3,2025-01-06T00:00:00.000Z,-43.334540130000,-21.760522960000,"Rua Olga Burnier, 67"
412,PARQUE BURNIER.,10071108,20:25:00,17,0,8,0,2025-01-06T00:00:00.000Z,-43.349331860000,-21.758144610000,"Avenida Getúlio Vargas, 835"
412,PARQUE BURNIER.,10072335,20:25:00,12,0,0,1,2025-01-06T00:00:00.000Z,-43.333453420000,-21.761562350000,"Rua Olga Burnier, 233"
412,PARQUE BURNIER.,10074194,20:25:00,16,7,0,8,2025-01-06T00:00:00.000Z,-43.342338620000,-21.760505960000,"Rua Ângelo Falci, 55"
412,PARQUE BURNIER.,10072380,20:25:00,10,1,0,2,2025-01-06T00:00:00.000Z,-43.331466790000,-21.763337580000,"Rua Olga Burnier, 485"
412,PARQUE BURNIER.,10072332,20:25:00,14,0,0,1,2025-01-06T00:00:00.000Z,-43.335533860000,-21.760131640000,"Rua São Geraldo, 89"
412,PARQUE BURNIER.,10073584,20:25:00,8,0,0,1,2025-01-06T00:00:00.000Z,-43.329363350000,-21.763255450000,"Rua Adelaide Campos de Resende, 984"
412,PARQUE BURNIER.,10072363,20:25:00,2,0,0,0,2025-01-06T00:00:00.000Z,-43.327885630000,-21.762179390000,"Rua Natalino José de Paula, 288"
412,PARQUE BURNIER.,10072362,20:25:00,3,1,0,1,2025-01-06T00:00:00.000Z,-43.327527760000,-21.762798310000,"Rua Natalino José de Paula, 310"
412,PARQUE BURNIER.,10072302,20:25:00,15,0,0,1,2025-01-06T00:00:00.000Z,-43.338029500000,-21.760323850000,"Avenida Sete de Setembro, 623"
412,PARQUE BURNIER.,10072382,20:25:00,11,0,1,1,2025-01-06T00:00:00.000Z,-43.332369450000,-21.762522520000,"Rua Olga Burnier, 361"
412,PARQUE BURNIER.,10072386,20:25:00,7,0,0,1,2025-01-06T00:00:00.000Z,-43.328850270000,-21.762325320000,"Rua José Teodoro dos Santos, 292"
412,PARQUE BURNIER.,10073589,20:25:00,4,0,0,1,2025-01-06T00:00:00.000Z,-43.326568960000,-21.763629600000,"Rua Adelaide Campos de Resende, 706"
412,PARQUE BURNIER.,10072384,20:25:00,6,0,0,1,2025-01-06T00:00:00.000Z,-43.327999480000,-21.763301540000,"Rua José Teodoro dos Santos, 126"
412,PARQUE BURNIER.,10072337,20:25:00,13,0,0,1,2025-01-06T00:00:00.000Z,-43.334540130000,-21.760522960000,"Rua Olga Burnier, 67"
412,PARQUE BURNIER.,10073583,20:25:00,9,0,0,1,2025-01-06T00:00:00.000Z,-43.330207820000,-21.763072230000,"Rua Adelaide Campos de Resende, 1070"
412,PARQUE BURNIER.,10072309,20:25:00,5,0,0,1,2025-01-06T00:00:00.000Z,-43.327273730000,-21.763967940000,"Rua José Teodoro dos Santos, 28"
412,PARQUE BURNIER.,10072358,20:25:00,1,0,0,0,2025-01-06T00:00:00.000Z,-43.328687310000,-21.761675740000,"Rua Natalino José de Paula, 112 - Ponto Final do Parque Burnier"
412,PARQUE BURNIER.,10072386,05:30:00,7,1,0,10,2025-01-07T00:00:00.000Z,-43.328850270000,-21.762325320000,"Rua José Teodoro dos Santos, 292"
412,PARQUE BURNIER.,10072302,05:30:00,15,2,1,14,2025-01-07T00:00:00.000Z,-43.338029500000,-21.760323850000,"Avenida Sete de Setembro, 623"
412,PARQUE BURNIER.,10071108,05:30:00,17,0,10,0,2025-01-07T00:00:00.000Z,-43.349331860000,-21.758144610000,"Avenida Getúlio Vargas, 835"
412,PARQUE BURNIER.,10072335,05:30:00,12,0,1,13,2025-01-07T00:00:00.000Z,-43.333453420000,-21.761562350000,"Rua Olga Burnier, 233"
412,PARQUE BURNIER.,10072332,05:30:00,14,0,0,13,2025-01-07T00:00:00.000Z,-43.335533860000,-21.760131640000,"Rua São Geraldo, 89"
412,PARQUE BURNIER.,10073584,05:30:00,8,4,0,14,2025-01-07T00:00:00.000Z,-43.329363350000,-21.763255450000,"Rua Adelaide Campos de Resende, 984"
412,PARQUE BURNIER.,10072384,05:30:00,6,0,0,9,2025-01-07T00:00:00.000Z,-43.327999480000,-21.763301540000,"Rua José Teodoro dos Santos, 126"
412,PARQUE BURNIER.,10072337,05:30:00,13,0,0,13,2025-01-07T00:00:00.000Z,-43.334540130000,-21.760522960000,"Rua Olga Burnier, 67"
412,PARQUE BURNIER.,10072363,05:30:00,2,2,0,2,2025-01-07T00:00:00.000Z,-43.327885630000,-21.762179390000,"Rua Natalino José de Paula, 288"
412,PARQUE BURNIER.,10074194,05:30:00,16,0,4,10,2025-01-07T00:00:00.000Z,-43.342338620000,-21.760505960000,"Rua Ângelo Falci, 55"
412,PARQUE BURNIER.,10073589,05:30:00,4,4,0,8,2025-01-07T00:00:00.000Z,-43.326568960000,-21.763629600000,"Rua Adelaide Campos de Resende, 706"
412,PARQUE BURNIER.,10072382,05:30:00,11,0,0,14,2025-01-07T00:00:00.000Z,-43.332369450000,-21.762522520000,"Rua Olga Burnier, 361"
412,PARQUE BURNIER.,10072380,05:30:00,10,0,0,14,2025-01-07T00:00:00.000Z,-43.331466790000,-21.763337580000,"Rua Olga Burnier, 485"
412,PARQUE BURNIER.,10072309,05:30:00,5,1,0,9,2025-01-07T00:00:00.000Z,-43.327273730000,-21.763967940000,"Rua José Teodoro dos Santos, 28"
412,PARQUE BURNIER.,10073583,05:30:00,9,0,0,14,2025-01-07T00:00:00.000Z,-43.330207820000,-21.763072230000,"Rua Adelaide Campos de Resende, 1070"
412,PARQUE BURNIER.,10072362,05:30:00,3,2,0,4,2025-01-07T00:00:00.000Z,-43.327527760000,-21.762798310000,"Rua Natalino José de Paula, 310"
412,PARQUE BURNIER.,10072358,05:30:00,1,0,0,0,2025-01-07T00:00:00.000Z,-43.328687310000,-21.761675740000,"Rua Natalino José de Paula, 112 - Ponto Final do Parque Burnier"
412,PARQUE BURNIER.,10072359,05:51:00,14,0,0,0,2025-01-07T00:00:00.000Z,-43.326282500000,-21.763143540000,"Rua Adelaide Campos de Resende, 651"
412,PARQUE BURNIER.,10072375,05:51:00,16,0,0,0,2025-01-07T00:00:00.000Z,-43.327420830000,-21.762727850000,"Rua Natalino José de Paula, 319"
412,PARQUE BURNIER.,10072313,05:51:00,10,0,2,2,2025-01-07T00:00:00.000Z,-43.328846690000,-21.762504770000,"Rua José Teodoro dos Santos, 275"
412,PARQUE BURNIER.,10072328,05:51:00,13,0,1,0,2025-01-07T00:00:00.000Z,-43.326450350000,-21.763683320000,"Rua Adelaide Campos de Resende, 669"
412,PARQUE BURNIER.,10071503,05:51:00,15,0,0,0,2025-01-07T00:00:00.000Z,-43.326207040000,-21.762717810000,"Rua Natalino José de Paula, 421"
412,PARQUE BURNIER.,10072358,05:51:00,18,14,0,14,2025-01-07T00:00:00.000Z,-43.328687310000,-21.761675740000,"Rua Natalino José de Paula, 112 - Ponto Final do Parque Burnier"
412,PARQUE BURNIER.,10072356,05:51:00,17,0,0,0,2025-01-07T00:00:00.000Z,-43.327793950000,-21.762107030000,"Rua Natalino José de Paula, 271"
412,PARQUE BURNIER.,10073560,05:51:00,5,0,0,5,2025-01-07T00:00:00.000Z,-43.333589670000,-21.761652280000,"Rua Olga Burnier, 230"
412,PARQUE BURNIER.,10072296,05:51:00,9,0,2,4,2025-01-07T00:00:00.000Z,-43.329374790000,-21.763440430000,"Rua Adelaide Campos de Resende, 975"
412,PARQUE BURNIER.,10073561,05:51:00,7,1,0,6,2025-01-07T00:00:00.000Z,-43.331552510000,-21.763418910000,"Rua Olga Burnier, 480"
412,PARQUE BURNIER.,10073557,05:51:00,6,0,0,5,2025-01-07T00:00:00.000Z,-43.332479840000,-21.762640710000,"Rua Olga Burnier, 356"
412,PARQUE BURNIER.,10072316,05:51:00,11,0,1,1,2025-01-07T00:00:00.000Z,-43.328204750000,-21.763332370000,"Rua José Teodoro dos Santos, 145"
412,PARQUE BURNIER.,10073552,05:51:00,3,0,0,5,2025-01-07T00:00:00.000Z,-43.335479020000,-21.760313550000,"Rua São Geraldo, 84"
412,PARQUE BURNIER.,10072377,05:51:00,12,0,0,1,2025-01-07T00:00:00.000Z,-43.327321890000,-21.764062650000,"Rua José Teodoro dos Santos, 25"
412,PARQUE BURNIER.,10072301,05:51:00,8,0,0,6,2025-01-07T00:00:00.000Z,-43.330138330000,-21.763252970000,"Rua Adelaide Campos de Resende, 1061"
412,PARQUE BURNIER.,10073558,05:51:00,4,0,0,5,2025-01-07T00:00:00.000Z,-43.334645750000,-21.760669710000,"Rua Olga Burnier, 70"
412,PARQUE BURNIER.,10072305,05:51:00,2,0,2,5,2025-01-07T00:00:00.000Z,-43.337478970000,-21.760922950000,"Rua Djalma de Carvalho, 37"
412,PARQUE BURNIER.,10071108,05:51:00,1,7,0,7,2025-01-07T00:00:00.000Z,-43.349331860000,-21.758144610000,"Avenida Getúlio Vargas, 835"
412,PARQUE BURNIER.,10074194,06:17:00,16,1,5,10,2025-01-07T00:00:00.000Z,-43.342338620000,-21.760505960000,"Rua Ângelo Falci, 55"
412,PARQUE BURNIER.,10072335,06:17:00,12,0,0,19,2025-01-07T00:00:00.000Z,-43.333453420000,-21.761562350000,"Rua Olga Burnier, 233"
412,PARQUE BURNIER.,10073584,06:17:00,8,3,1,16,2025-01-07T00:00:00.000Z,-43.329363350000,-21.763255450000,"Rua Adelaide Campos de Resende, 984"
412,PARQUE BURNIER.,10073589,06:17:00,4,2,0,6,2025-01-07T00:00:00.000Z,-43.326568960000,-21.763629600000,"Rua Adelaide Campos de Resende, 706"
412,PARQUE BURNIER.,10072380,06:17:00,10,0,0,19,2025-01-07T00:00:00.000Z,-43.331466790000,-21.763337580000,"Rua Olga Burnier, 485"
412,PARQUE BURNIER.,10073583,06:17:00,9,3,0,19,2025-01-07T00:00:00.000Z,-43.330207820000,-21.763072230000,"Rua Adelaide Campos de Resende, 1070"
412,PARQUE BURNIER.,10072386,06:17:00,7,3,0,14,2025-01-07T00:00:00.000Z,-43.328850270000,-21.762325320000,"Rua José Teodoro dos Santos, 292"
412,PARQUE BURNIER.,10072309,06:17:00,5,3,0,9,2025-01-07T00:00:00.000Z,-43.327273730000,-21.763967940000,"Rua José Teodoro dos Santos, 28"
412,PARQUE BURNIER.,10072337,06:17:00,13,0,0,19,2025-01-07T00:00:00.000Z,-43.334540130000,-21.760522960000,"Rua Olga Burnier, 67"
412,PARQUE BURNIER.,10072362,06:17:00,3,1,0,4,2025-01-07T00:00:00.000Z,-43.327527760000,-21.762798310000,"Rua Natalino José de Paula, 310"
412,PARQUE BURNIER.,10072302,06:17:00,15,0,4,14,2025-01-07T00:00:00.000Z,-43.338029500000,-21.760323850000,"Avenida Sete de Setembro, 623"
412,PARQUE BURNIER.,10071108,06:17:00,17,0,10,0,2025-01-07T00:00:00.000Z,-43.349331860000,-21.758144610000,"Avenida Getúlio Vargas, 835"
412,PARQUE BURNIER.,10072382,06:17:00,11,0,0,19,2025-01-07T00:00:00.000Z,-43.332369450000,-21.762522520000,"Rua Olga Burnier, 361"
412,PARQUE BURNIER.,10072332,06:17:00,14,0,1,18,2025-01-07T00:00:00.000Z,-43.335533860000,-21.760131640000,"Rua São Geraldo, 89"
412,PARQUE BURNIER.,10072384,06:17:00,6,2,0,11,2025-01-07T00:00:00.000Z,-43.327999480000,-21.763301540000,"Rua José Teodoro dos Santos, 126"
412,PARQUE BURNIER.,10072363,06:17:00,2,3,0,3,2025-01-07T00:00:00.000Z,-43.327885630000,-21.762179390000,"Rua Natalino José de Paula, 288"
412,PARQUE BURNIER.,10072358,06:17:00,1,0,0,0,2025-01-07T00:00:00.000Z,-43.328687310000,-21.761675740000,"Rua Natalino José de Paula, 112 - Ponto Final do Parque Burnier"
412,PARQUE BURNIER.,10073552,06:38:00,3,0,0,2,2025-01-07T00:00:00.000Z,-43.335479020000,-21.760313550000,"Rua São Geraldo, 84"
412,PARQUE BURNIER.,10071503,06:38:00,15,0,0,1,2025-01-07T00:00:00.000Z,-43.326207040000,-21.762717810000,"Rua Natalino José de Paula, 421"
412,PARQUE BURNIER.,10072316,06:38:00,11,0,0,0,2025-01-07T00:00:00.000Z,-43.328204750000,-21.763332370000,"Rua José Teodoro dos Santos, 145"
412,PARQUE BURNIER.,10072358,06:38:00,18,6,0,6,2025-01-07T00:00:00.000Z,-43.328687310000,-21.761675740000,"Rua Natalino José de Paula, 112 - Ponto Final do Parque Burnier"
412,PARQUE BURNIER.,10072301,06:38:00,8,0,0,1,2025-01-07T00:00:00.000Z,-43.330138330000,-21.763252970000,"Rua Adelaide Campos de Resende, 1061"
412,PARQUE BURNIER.,10072305,06:38:00,2,1,0,2,2025-01-07T00:00:00.000Z,-43.337478970000,-21.760922950000,"Rua Djalma de Carvalho, 37"
412,PARQUE BURNIER.,10073557,06:38:00,6,0,0,2,2025-01-07T00:00:00.000Z,-43.332479840000,-21.762640710000,"Rua Olga Burnier, 356"
412,PARQUE BURNIER.,10073558,06:38:00,4,0,0,2,2025-01-07T00:00:00.000Z,-43.334645750000,-21.760669710000,"Rua Olga Burnier, 70"
412,PARQUE BURNIER.,10072375,06:38:00,16,0,1,0,2025-01-07T00:00:00.000Z,-43.327420830000,-21.762727850000,"Rua Natalino José de Paula, 319"
412,PARQUE BURNIER.,10072359,06:38:00,14,0,0,1,2025-01-07T00:00:00.000Z,-43.326282500000,-21.763143540000,"Rua Adelaide Campos de Resende, 651"
412,PARQUE BURNIER.,10072313,06:38:00,10,0,0,0,2025-01-07T00:00:00.000Z,-43.328846690000,-21.762504770000,"Rua José Teodoro dos Santos, 275"
412,PARQUE BURNIER.,10072296,06:38:00,9,0,1,0,2025-01-07T00:00:00.000Z,-43.329374790000,-21.763440430000,"Rua Adelaide Campos de Resende, 975"
412,PARQUE BURNIER.,10072377,06:38:00,12,1,0,1,2025-01-07T00:00:00.000Z,-43.327321890000,-21.764062650000,"Rua José Teodoro dos Santos, 25"
412,PARQUE BURNIER.,10073561,06:38:00,7,0,1,1,2025-01-07T00:00:00.000Z,-43.331552510000,-21.763418910000,"Rua Olga Burnier, 480"
412,PARQUE BURNIER.,10072356,06:38:00,17,0,0,0,2025-01-07T00:00:00.000Z,-43.327793950000,-21.762107030000,"Rua Natalino José de Paula, 271"
412,PARQUE BURNIER.,10072328,06:38:00,13,0,0,1,2025-01-07T00:00:00.000Z,-43.326450350000,-21.763683320000,"Rua Adelaide Campos de Resende, 669"
412,PARQUE BURNIER.,10073560,06:38:00,5,0,0,2,2025-01-07T00:00:00.000Z,-43.333589670000,-21.761652280000,"Rua Olga Burnier, 230"
412,PARQUE BURNIER.,10071108,06:38:00,1,1,0,1,2025-01-07T00:00:00.000Z,-43.349331860000,-21.758144610000,"Avenida Getúlio Vargas, 835"
412,PARQUE BURNIER.,10072302,07:04:00,15,0,3,35,2025-01-07T00:00:00.000Z,-43.338029500000,-21.760323850000,"Avenida Sete de Setembro, 623"
412,PARQUE BURNIER.,10072337,07:04:00,13,1,0,37,2025-01-07T00:00:00.000Z,-43.334540130000,-21.760522960000,"Rua Olga Burnier, 67"
412,PARQUE BURNIER.,10073583,07:04:00,9,1,0,36,2025-01-07T00:00:00.000Z,-43.330207820000,-21.763072230000,"Rua Adelaide Campos de Resende, 1070"
412,PARQUE BURNIER.,10072309,07:04:00,5,1,0,28,2025-01-07T00:00:00.000Z,-43.327273730000,-21.763967940000,"Rua José Teodoro dos Santos, 28"
412,PARQUE BURNIER.,10072335,07:04:00,12,0,0,36,2025-01-07T00:00:00.000Z,-43.333453420000,-21.761562350000,"Rua Olga Burnier, 233"
412,PARQUE BURNIER.,10072332,07:04:00,14,1,0,38,2025-01-07T00:00:00.000Z,-43.335533860000,-21.760131640000,"Rua São Geraldo, 89"
412,PARQUE BURNIER.,10074194,07:04:00,16,2,9,28,2025-01-07T00:00:00.000Z,-43.342338620000,-21.760505960000,"Rua Ângelo Falci, 55"
412,PARQUE BURNIER.,10072380,07:04:00,10,1,1,36,2025-01-07T00:00:00.000Z,-43.331466790000,-21.763337580000,"Rua Olga Burnier, 485"
412,PARQUE BURNIER.,10073584,07:04:00,8,0,0,35,2025-01-07T00:00:00.000Z,-43.329363350000,-21.763255450000,"Rua Adelaide Campos de Resende, 984"
412,PARQUE BURNIER.,10072384,07:04:00,6,2,0,30,2025-01-07T00:00:00.000Z,-43.327999480000,-21.763301540000,"Rua José Teodoro dos Santos, 126"
412,PARQUE BURNIER.,10073589,07:04:00,4,18,1,27,2025-01-07T00:00:00.000Z,-43.326568960000,-21.763629600000,"Rua Adelaide Campos de Resende, 706"
412,PARQUE BURNIER.,10071108,07:04:00,17,0,26,2,2025-01-07T00:00:00.000Z,-43.349331860000,-21.758144610000,"Avenida Getúlio Vargas, 835"
412,PARQUE BURNIER.,10072363,07:04:00,2,8,0,8,2025-01-07T00:00:00.000Z,-43.327885630000,-21.762179390000,"Rua Natalino José de Paula, 288"
412,PARQUE BURNIER.,10072386,07:04:00,7,5,0,35,2025-01-07T00:00:00.000Z,-43.328850270000,-21.762325320000,"Rua José Teodoro dos Santos, 292"
412,PARQUE BURNIER.,10072382,07:04:00,11,0,0,36,2025-01-07T00:00:00.000Z,-43.332369450000,-21.762522520000,"Rua Olga Burnier, 361"
412,PARQUE BURNIER.,10072362,07:04:00,3,2,0,10,2025-01-07T00:00:00.000Z,-43.327527760000,-21.762798310000,"Rua Natalino José de Paula, 310"
412,PARQUE BURNIER.,10072358,07:04:00,1,0,0,0,2025-01-07T00:00:00.000Z,-43.328687310000,-21.761675740000,"Rua Natalino José de Paula, 112 - Ponto Final do Parque Burnier"
412,PARQUE BURNIER.,10073558,07:25:00,4,0,0,10,2025-01-07T00:00:00.000Z,-43.334645750000,-21.760669710000,"Rua Olga Burnier, 70"
412,PARQUE BURNIER.,10072375,07:25:00,16,0,0,8,2025-01-07T00:00:00.000Z,-43.327420830000,-21.762727850000,"Rua Natalino José de Paula, 319"
412,PARQUE BURNIER.,10072377,07:25:00,12,1,0,10,2025-01-07T00:00:00.000Z,-43.327321890000,-21.764062650000,"Rua José Teodoro dos Santos, 25"
412,PARQUE BURNIER.,10071503,07:25:00,15,0,0,8,2025-01-07T00:00:00.000Z,-43.326207040000,-21.762717810000,"Rua Natalino José de Paula, 421"
412,PARQUE BURNIER.,10072316,07:25:00,11,0,0,9,2025-01-07T00:00:00.000Z,-43.328204750000,-21.763332370000,"Rua José Teodoro dos Santos, 145"
412,PARQUE BURNIER.,10072328,07:25:00,13,0,1,9,2025-01-07T00:00:00.000Z,-43.326450350000,-21.763683320000,"Rua Adelaide Campos de Resende, 669"
412,PARQUE BURNIER.,10072356,07:25:00,17,0,0,8,2025-01-07T00:00:00.000Z,-43.327793950000,-21.762107030000,"Rua Natalino José de Paula, 271"
412,PARQUE BURNIER.,10072296,07:25:00,9,0,1,9,2025-01-07T00:00:00.000Z,-43.329374790000,-21.763440430000,"Rua Adelaide Campos de Resende, 975"
412,PARQUE BURNIER.,10073552,07:25:00,3,0,0,10,2025-01-07T00:00:00.000Z,-43.335479020000,-21.760313550000,"Rua São Geraldo, 84"
412,PARQUE BURNIER.,10073561,07:25:00,7,0,0,10,2025-01-07T00:00:00.000Z,-43.331552510000,-21.763418910000,"Rua Olga Burnier, 480"
412,PARQUE BURNIER.,10073560,07:25:00,5,0,0,10,2025-01-07T00:00:00.000Z,-43.333589670000,-21.761652280000,"Rua Olga Burnier, 230"
412,PARQUE BURNIER.,10072301,07:25:00,8,0,0,10,2025-01-07T00:00:00.000Z,-43.330138330000,-21.763252970000,"Rua Adelaide Campos de Resende, 1061"
412,PARQUE BURNIER.,10072358,07:25:00,18,4,0,12,2025-01-07T00:00:00.000Z,-43.328687310000,-21.761675740000,"Rua Natalino José de Paula, 112 - Ponto Final do Parque Burnier"
412,PARQUE BURNIER.,10072359,07:25:00,14,0,1,8,2025-01-07T00:00:00.000Z,-43.326282500000,-21.763143540000,"Rua Adelaide Campos de Resende, 651"
412,PARQUE BURNIER.,10072313,07:25:00,10,0,0,9,2025-01-07T00:00:00.000Z,-43.328846690000,-21.762504770000,"Rua José Teodoro dos Santos, 275"
412,PARQUE BURNIER.,10073557,07:25:00,6,0,0,10,2025-01-07T00:00:00.000Z,-43.332479840000,-21.762640710000,"Rua Olga Burnier, 356"
412,PARQUE BURNIER.,10072305,07:25:00,2,1,0,10,2025-01-07T00:00:00.000Z,-43.337478970000,-21.760922950000,"Rua Djalma de Carvalho, 37"
412,PARQUE BURNIER.,10071108,07:25:00,1,9,0,9,2025-01-07T00:00:00.000Z,-43.349331860000,-21.758144610000,"Avenida Getúlio Vargas, 835"
412,PARQUE BURNIER.,10072380,07:51:00,10,2,0,29,2025-01-07T00:00:00.000Z,-43.331466790000,-21.763337580000,"Rua Olga Burnier, 485"
412,PARQUE BURNIER.,10072335,07:51:00,12,0,0,30,2025-01-07T00:00:00.000Z,-43.333453420000,-21.761562350000,"Rua Olga Burnier, 233"
412,PARQUE BURNIER.,10074194,07:51:00,16,4,6,26,2025-01-07T00:00:00.000Z,-43.342338620000,-21.760505960000,"Rua Ângelo Falci, 55"
412,PARQUE BURNIER.,10072332,07:51:00,14,1,0,31,2025-01-07T00:00:00.000Z,-43.335533860000,-21.760131640000,"Rua São Geraldo, 89"
412,PARQUE BURNIER.,10072384,07:51:00,6,1,0,21,2025-01-07T00:00:00.000Z,-43.327999480000,-21.763301540000,"Rua José Teodoro dos Santos, 126"
412,PARQUE BURNIER.,10072363,07:51:00,2,1,0,1,2025-01-07T00:00:00.000Z,-43.327885630000,-21.762179390000,"Rua Natalino José de Paula, 288"
412,PARQUE BURNIER.,10071108,07:51:00,17,0,16,10,2025-01-07T00:00:00.000Z,-43.349331860000,-21.758144610000,"Avenida Getúlio Vargas, 835"
412,PARQUE BURNIER.,10072362,07:51:00,3,3,1,3,2025-01-07T00:00:00.000Z,-43.327527760000,-21.762798310000,"Rua Natalino José de Paula, 310"
412,PARQUE BURNIER.,10073583,07:51:00,9,1,0,27,2025-01-07T00:00:00.000Z,-43.330207820000,-21.763072230000,"Rua Adelaide Campos de Resende, 1070"
412,PARQUE BURNIER.,10072302,07:51:00,15,0,3,28,2025-01-07T00:00:00.000Z,-43.338029500000,-21.760323850000,"Avenida Sete de Setembro, 623"
412,PARQUE BURNIER.,10072382,07:51:00,11,1,0,30,2025-01-07T00:00:00.000Z,-43.332369450000,-21.762522520000,"Rua Olga Burnier, 361"
412,PARQUE BURNIER.,10072337,07:51:00,13,0,0,30,2025-01-07T00:00:00.000Z,-43.334540130000,-21.760522960000,"Rua Olga Burnier, 67"
412,PARQUE BURNIER.,10072309,07:51:00,5,5,0,20,2025-01-07T00:00:00.000Z,-43.327273730000,-21.763967940000,"Rua José Teodoro dos Santos, 28"
412,PARQUE BURNIER.,10072386,07:51:00,7,3,1,23,2025-01-07T00:00:00.000Z,-43.328850270000,-21.762325320000,"Rua José Teodoro dos Santos, 292"
412,PARQUE BURNIER.,10073584,07:51:00,8,4,1,26,2025-01-07T00:00:00.000Z,-43.329363350000,-21.763255450000,"Rua Adelaide Campos de Resende, 984"
412,PARQUE BURNIER.,10073589,07:51:00,4,12,0,15,2025-01-07T00:00:00.000Z,-43.326568960000,-21.763629600000,"Rua Adelaide Campos de Resende, 706"
412,PARQUE BURNIER.,10072358,07:51:00,1,0,0,0,2025-01-07T00:00:00.000Z,-43.328687310000,-21.761675740000,"Rua Natalino José de Paula, 112 - Ponto Final do Parque Burnier"
412,PARQUE BURNIER.,10072377,08:12:00,12,0,1,1,2025-01-07T00:00:00.000Z,-43.327321890000,-21.764062650000,"Rua José Teodoro dos Santos, 25"
412,PARQUE BURNIER.,10072313,08:12:00,10,0,2,2,2025-01-07T00:00:00.000Z,-43.328846690000,-21.762504770000,"Rua José Teodoro dos Santos, 275"
412,PARQUE BURNIER.,10072375,08:12:00,16,0,0,0,2025-01-07T00:00:00.000Z,-43.327420830000,-21.762727850000,"Rua Natalino José de Paula, 319"
412,PARQUE BURNIER.,10072296,08:12:00,9,2,3,4,2025-01-07T00:00:00.000Z,-43.329374790000,-21.763440430000,"Rua Adelaide Campos de Resende, 975"
412,PARQUE BURNIER.,10072316,08:12:00,11,0,0,2,2025-01-07T00:00:00.000Z,-43.328204750000,-21.763332370000,"Rua José Teodoro dos Santos, 145"
412,PARQUE BURNIER.,10072328,08:12:00,13,0,1,0,2025-01-07T00:00:00.000Z,-43.326450350000,-21.763683320000,"Rua Adelaide Campos de Resende, 669"
412,PARQUE BURNIER.,10072356,08:12:00,17,0,0,0,2025-01-07T00:00:00.000Z,-43.327793950000,-21.762107030000,"Rua Natalino José de Paula, 271"
412,PARQUE BURNIER.,10072358,08:12:00,18,4,0,4,2025-01-07T00:00:00.000Z,-43.328687310000,-21.761675740000,"Rua Natalino José de Paula, 112 - Ponto Final do Parque Burnier"
412,PARQUE BURNIER.,10072359,08:12:00,14,0,0,0,2025-01-07T00:00:00.000Z,-43.326282500000,-21.763143540000,"Rua Adelaide Campos de Resende, 651"
412,PARQUE BURNIER.,10072301,08:12:00,8,0,0,5,2025-01-07T00:00:00.000Z,-43.330138330000,-21.763252970000,"Rua Adelaide Campos de Resende, 1061"
412,PARQUE BURNIER.,10073558,08:12:00,4,0,0,5,2025-01-07T00:00:00.000Z,-43.334645750000,-21.760669710000,"Rua Olga Burnier, 70"
412,PARQUE BURNIER.,10072305,08:12:00,2,0,0,5,2025-01-07T00:00:00.000Z,-43.337478970000,-21.760922950000,"Rua Djalma de Carvalho, 37"
412,PARQUE BURNIER.,10073557,08:12:00,6,0,0,5,2025-01-07T00:00:00.000Z,-43.332479840000,-21.762640710000,"Rua Olga Burnier, 356"
412,PARQUE BURNIER.,10073560,08:12:00,5,0,0,5,2025-01-07T00:00:00.000Z,-43.333589670000,-21.761652280000,"Rua Olga Burnier, 230"
412,PARQUE BURNIER.,10071503,08:12:00,15,0,0,0,2025-01-07T00:00:00.000Z,-43.326207040000,-21.762717810000,"Rua Natalino José de Paula, 421"
412,PARQUE BURNIER.,10073561,08:12:00,7,0,0,5,2025-01-07T00:00:00.000Z,-43.331552510000,-21.763418910000,"Rua Olga Burnier, 480"
412,PARQUE BURNIER.,10073552,08:12:00,3,0,0,5,2025-01-07T00:00:00.000Z,-43.335479020000,-21.760313550000,"Rua São Geraldo, 84"
412,PARQUE BURNIER.,10071108,08:12:00,1,5,0,5,2025-01-07T00:00:00.000Z,-43.349331860000,-21.758144610000,"Avenida Getúlio Vargas, 835"
412,PARQUE BURNIER.,10072382,08:38:00,11,0,0,31,2025-01-07T00:00:00.000Z,-43.332369450000,-21.762522520000,"Rua Olga Burnier, 361"
412,PARQUE BURNIER.,10072332,08:38:00,14,0,0,32,2025-01-07T00:00:00.000Z,-43.335533860000,-21.760131640000,"Rua São Geraldo, 89"
412,PARQUE BURNIER.,10071108,08:38:00,17,0,9,22,2025-01-07T00:00:00.000Z,-43.349331860000,-21.758144610000,"Avenida Getúlio Vargas, 835"
412,PARQUE BURNIER.,10072386,08:38:00,7,4,0,22,2025-01-07T00:00:00.000Z,-43.328850270000,-21.762325320000,"Rua José Teodoro dos Santos, 292"
412,PARQUE BURNIER.,10072302,08:38:00,15,0,0,32,2025-01-07T00:00:00.000Z,-43.338029500000,-21.760323850000,"Avenida Sete de Setembro, 623"
412,PARQUE BURNIER.,10073583,08:38:00,9,3,0,31,2025-01-07T00:00:00.000Z,-43.330207820000,-21.763072230000,"Rua Adelaide Campos de Resende, 1070"
412,PARQUE BURNIER.,10072384,08:38:00,6,1,1,18,2025-01-07T00:00:00.000Z,-43.327999480000,-21.763301540000,"Rua José Teodoro dos Santos, 126"
412,PARQUE BURNIER.,10072363,08:38:00,2,0,0,0,2025-01-07T00:00:00.000Z,-43.327885630000,-21.762179390000,"Rua Natalino José de Paula, 288"
412,PARQUE BURNIER.,10073589,08:38:00,4,10,0,17,2025-01-07T00:00:00.000Z,-43.326568960000,-21.763629600000,"Rua Adelaide Campos de Resende, 706"
412,PARQUE BURNIER.,10072380,08:38:00,10,0,0,31,2025-01-07T00:00:00.000Z,-43.331466790000,-21.763337580000,"Rua Olga Burnier, 485"
412,PARQUE BURNIER.,10072335,08:38:00,12,1,0,32,2025-01-07T00:00:00.000Z,-43.333453420000,-21.761562350000,"Rua Olga Burnier, 233"
412,PARQUE BURNIER.,10073584,08:38:00,8,6,0,28,2025-01-07T00:00:00.000Z,-43.329363350000,-21.763255450000,"Rua Adelaide Campos de Resende, 984"
412,PARQUE BURNIER.,10072337,08:38:00,13,0,0,32,2025-01-07T00:00:00.000Z,-43.334540130000,-21.760522960000,"Rua Olga Burnier, 67"
412,PARQUE BURNIER.,10072309,08:38:00,5,1,0,18,2025-01-07T00:00:00.000Z,-43.327273730000,-21.763967940000,"Rua José Teodoro dos Santos, 28"
412,PARQUE BURNIER.,10072362,08:38:00,3,7,0,7,2025-01-07T00:00:00.000Z,-43.327527760000,-21.762798310000,"Rua Natalino José de Paula, 310"
412,PARQUE BURNIER.,10072358,08:38:00,1,0,0,0,2025-01-07T00:00:00.000Z,-43.328687310000,-21.761675740000,"Rua Natalino José de Paula, 112 - Ponto Final do Parque Burnier"
412,PARQUE BURNIER.,10074194,08:38:00,16,4,5,31,2025-01-07T00:00:00.000Z,-43.342338620000,-21.760505960000,"Rua Ângelo Falci, 55"
412,PARQUE BURNIER.,10071503,08:59:00,15,0,0,17,2025-01-07T00:00:00.000Z,-43.326207040000,-21.762717810000,"Rua Natalino José de Paula, 421"
412,PARQUE BURNIER.,10073560,08:59:00,5,0,0,18,2025-01-07T00:00:00.000Z,-43.333589670000,-21.761652280000,"Rua Olga Burnier, 230"
412,PARQUE BURNIER.,10072305,08:59:00,2,0,2,18,2025-01-07T00:00:00.000Z,-43.337478970000,-21.760922950000,"Rua Djalma de Carvalho, 37"
412,PARQUE BURNIER.,10072359,08:59:00,14,0,0,17,2025-01-07T00:00:00.000Z,-43.326282500000,-21.763143540000,"Rua Adelaide Campos de Resende, 651"
412,PARQUE BURNIER.,10073557,08:59:00,6,0,0,18,2025-01-07T00:00:00.000Z,-43.332479840000,-21.762640710000,"Rua Olga Burnier, 356"
412,PARQUE BURNIER.,10072316,08:59:00,11,0,0,17,2025-01-07T00:00:00.000Z,-43.328204750000,-21.763332370000,"Rua José Teodoro dos Santos, 145"
412,PARQUE BURNIER.,10072313,08:59:00,10,0,1,17,2025-01-07T00:00:00.000Z,-43.328846690000,-21.762504770000,"Rua José Teodoro dos Santos, 275"
412,PARQUE BURNIER.,10072296,08:59:00,9,0,0,18,2025-01-07T00:00:00.000Z,-43.329374790000,-21.763440430000,"Rua Adelaide Campos de Resende, 975"
412,PARQUE BURNIER.,10072356,08:59:00,17,1,0,17,2025-01-07T00:00:00.000Z,-43.327793950000,-21.762107030000,"Rua Natalino José de Paula, 271"
412,PARQUE BURNIER.,10073561,08:59:00,7,0,0,18,2025-01-07T00:00:00.000Z,-43.331552510000,-21.763418910000,"Rua Olga Burnier, 480"
412,PARQUE BURNIER.,10072358,08:59:00,18,3,0,20,2025-01-07T00:00:00.000Z,-43.328687310000,-21.761675740000,"Rua Natalino José de Paula, 112 - Ponto Final do Parque Burnier"
412,PARQUE BURNIER.,10072328,08:59:00,13,0,0,17,2025-01-07T00:00:00.000Z,-43.326450350000,-21.763683320000,"Rua Adelaide Campos de Resende, 669"
412,PARQUE BURNIER.,10072301,08:59:00,8,0,0,18,2025-01-07T00:00:00.000Z,-43.330138330000,-21.763252970000,"Rua Adelaide Campos de Resende, 1061"
412,PARQUE BURNIER.,10072375,08:59:00,16,0,1,16,2025-01-07T00:00:00.000Z,-43.327420830000,-21.762727850000,"Rua Natalino José de Paula, 319"
412,PARQUE BURNIER.,10072377,08:59:00,12,0,0,17,2025-01-07T00:00:00.000Z,-43.327321890000,-21.764062650000,"Rua José Teodoro dos Santos, 25"
412,PARQUE BURNIER.,10073558,08:59:00,4,0,0,18,2025-01-07T00:00:00.000Z,-43.334645750000,-21.760669710000,"Rua Olga Burnier, 70"
412,PARQUE BURNIER.,10071108,08:59:00,1,20,0,20,2025-01-07T00:00:00.000Z,-43.349331860000,-21.758144610000,"Avenida Getúlio Vargas, 835"
412,PARQUE BURNIER.,10073552,08:59:00,3,0,0,18,2025-01-07T00:00:00.000Z,-43.335479020000,-21.760313550000,"Rua São Geraldo, 84"
412,PARQUE BURNIER.,10072382,09:25:00,11,0,0,26,2025-01-07T00:00:00.000Z,-43.332369450000,-21.762522520000,"Rua Olga Burnier, 361"
412,PARQUE BURNIER.,10072302,09:25:00,15,3,0,30,2025-01-07T00:00:00.000Z,-43.338029500000,-21.760323850000,"Avenida Sete de Setembro, 623"
412,PARQUE BURNIER.,10072335,09:25:00,12,0,0,26,2025-01-07T00:00:00.000Z,-43.333453420000,-21.761562350000,"Rua Olga Burnier, 233"
412,PARQUE BURNIER.,10074194,09:25:00,16,5,8,27,2025-01-07T00:00:00.000Z,-43.342338620000,-21.760505960000,"Rua Ângelo Falci, 55"
412,PARQUE BURNIER.,10072362,09:25:00,3,5,0,8,2025-01-07T00:00:00.000Z,-43.327527760000,-21.762798310000,"Rua Natalino José de Paula, 310"
412,PARQUE BURNIER.,10073589,09:25:00,4,1,0,9,2025-01-07T00:00:00.000Z,-43.326568960000,-21.763629600000,"Rua Adelaide Campos de Resende, 706"
412,PARQUE BURNIER.,10072384,09:25:00,6,2,2,14,2025-01-07T00:00:00.000Z,-43.327999480000,-21.763301540000,"Rua José Teodoro dos Santos, 126"
412,PARQUE BURNIER.,10073584,09:25:00,8,8,2,25,2025-01-07T00:00:00.000Z,-43.329363350000,-21.763255450000,"Rua Adelaide Campos de Resende, 984"
412,PARQUE BURNIER.,10071108,09:25:00,17,0,15,12,2025-01-07T00:00:00.000Z,-43.349331860000,-21.758144610000,"Avenida Getúlio Vargas, 835"
412,PARQUE BURNIER.,10072332,09:25:00,14,1,0,27,2025-01-07T00:00:00.000Z,-43.335533860000,-21.760131640000,"Rua São Geraldo, 89"
412,PARQUE BURNIER.,10072309,09:25:00,5,5,0,14,2025-01-07T00:00:00.000Z,-43.327273730000,-21.763967940000,"Rua José Teodoro dos Santos, 28"
412,PARQUE BURNIER.,10072337,09:25:00,13,0,0,26,2025-01-07T00:00:00.000Z,-43.334540130000,-21.760522960000,"Rua Olga Burnier, 67"
412,PARQUE BURNIER.,10072386,09:25:00,7,5,0,19,2025-01-07T00:00:00.000Z,-43.328850270000,-21.762325320000,"Rua José Teodoro dos Santos, 292"
412,PARQUE BURNIER.,10072380,09:25:00,10,1,0,26,2025-01-07T00:00:00.000Z,-43.331466790000,-21.763337580000,"Rua Olga Burnier, 485"
412,PARQUE BURNIER.,10072363,09:25:00,2,3,0,3,2025-01-07T00:00:00.000Z,-43.327885630000,-21.762179390000,"Rua Natalino José de Paula, 288"
412,PARQUE BURNIER.,10072358,09:25:00,1,0,0,0,2025-01-07T00:00:00.000Z,-43.328687310000,-21.761675740000,"Rua Natalino José de Paula, 112 - Ponto Final do Parque Burnier"
412,PARQUE BURNIER.,10073583,09:25:00,9,0,0,25,2025-01-07T00:00:00.000Z,-43.330207820000,-21.763072230000,"Rua Adelaide Campos de Resende, 1070"
412,PARQUE BURNIER.,10073557,09:45:00,6,0,0,3,2025-01-07T00:00:00.000Z,-43.332479840000,-21.762640710000,"Rua Olga Burnier, 356"
412,PARQUE BURNIER.,10072301,09:45:00,8,0,0,2,2025-01-07T00:00:00.000Z,-43.330138330000,-21.763252970000,"Rua Adelaide Campos de Resende, 1061"
412,PARQUE BURNIER.,10072316,09:45:00,11,0,0,3,2025-01-07T00:00:00.000Z,-43.328204750000,-21.763332370000,"Rua José Teodoro dos Santos, 145"
412,PARQUE BURNIER.,10073558,09:45:00,4,0,0,3,2025-01-07T00:00:00.000Z,-43.334645750000,-21.760669710000,"Rua Olga Burnier, 70"
412,PARQUE BURNIER.,10073552,09:45:00,3,0,0,3,2025-01-07T00:00:00.000Z,-43.335479020000,-21.760313550000,"Rua São Geraldo, 84"
412,PARQUE BURNIER.,10073561,09:45:00,7,0,1,2,2025-01-07T00:00:00.000Z,-43.331552510000,-21.763418910000,"Rua Olga Burnier, 480"
412,PARQUE BURNIER.,10071503,09:45:00,15,0,0,3,2025-01-07T00:00:00.000Z,-43.326207040000,-21.762717810000,"Rua Natalino José de Paula, 421"
412,PARQUE BURNIER.,10072359,09:45:00,14,0,0,3,2025-01-07T00:00:00.000Z,-43.326282500000,-21.763143540000,"Rua Adelaide Campos de Resende, 651"
412,PARQUE BURNIER.,10072375,09:45:00,16,0,1,2,2025-01-07T00:00:00.000Z,-43.327420830000,-21.762727850000,"Rua Natalino José de Paula, 319"
412,PARQUE BURNIER.,10072377,09:45:00,12,0,0,3,2025-01-07T00:00:00.000Z,-43.327321890000,-21.764062650000,"Rua José Teodoro dos Santos, 25"
412,PARQUE BURNIER.,10072358,09:45:00,18,4,0,6,2025-01-07T00:00:00.000Z,-43.328687310000,-21.761675740000,"Rua Natalino José de Paula, 112 - Ponto Final do Parque Burnier"
412,PARQUE BURNIER.,10072305,09:45:00,2,0,0,3,2025-01-07T00:00:00.000Z,-43.337478970000,-21.760922950000,"Rua Djalma de Carvalho, 37"
412,PARQUE BURNIER.,10072328,09:45:00,13,0,0,3,2025-01-07T00:00:00.000Z,-43.326450350000,-21.763683320000,"Rua Adelaide Campos de Resende, 669"
412,PARQUE BURNIER.,10072356,09:45:00,17,0,0,2,2025-01-07T00:00:00.000Z,-43.327793950000,-21.762107030000,"Rua Natalino José de Paula, 271"
412,PARQUE BURNIER.,10072296,09:45:00,9,1,0,3,2025-01-07T00:00:00.000Z,-43.329374790000,-21.763440430000,"Rua Adelaide Campos de Resende, 975"
412,PARQUE BURNIER.,10073560,09:45:00,5,0,0,3,2025-01-07T00:00:00.000Z,-43.333589670000,-21.761652280000,"Rua Olga Burnier, 230"
412,PARQUE BURNIER.,10071108,09:45:00,1,3,0,3,2025-01-07T00:00:00.000Z,-43.349331860000,-21.758144610000,"Avenida Getúlio Vargas, 835"
412,PARQUE BURNIER.,10072313,09:45:00,10,0,0,3,2025-01-07T00:00:00.000Z,-43.328846690000,-21.762504770000,"Rua José Teodoro dos Santos, 275"
412,PARQUE BURNIER.,10072332,10:20:00,14,0,0,23,2025-01-07T00:00:00.000Z,-43.335533860000,-21.760131640000,"Rua São Geraldo, 89"
412,PARQUE BURNIER.,10074194,10:20:00,16,17,5,31,2025-01-07T00:00:00.000Z,-43.342338620000,-21.760505960000,"Rua Ângelo Falci, 55"
412,PARQUE BURNIER.,10072337,10:20:00,13,0,0,23,2025-01-07T00:00:00.000Z,-43.334540130000,-21.760522960000,"Rua Olga Burnier, 67"
412,PARQUE BURNIER.,10072309,10:20:00,5,3,2,11,2025-01-07T00:00:00.000Z,-43.327273730000,-21.763967940000,"Rua José Teodoro dos Santos, 28"
412,PARQUE BURNIER.,10071108,10:20:00,17,0,31,0,2025-01-07T00:00:00.000Z,-43.349331860000,-21.758144610000,"Avenida Getúlio Vargas, 835"
412,PARQUE BURNIER.,10072335,10:20:00,12,1,0,23,2025-01-07T00:00:00.000Z,-43.333453420000,-21.761562350000,"Rua Olga Burnier, 233"
412,PARQUE BURNIER.,10072380,10:20:00,10,0,1,22,2025-01-07T00:00:00.000Z,-43.331466790000,-21.763337580000,"Rua Olga Burnier, 485"
412,PARQUE BURNIER.,10073589,10:20:00,4,7,1,10,2025-01-07T00:00:00.000Z,-43.326568960000,-21.763629600000,"Rua Adelaide Campos de Resende, 706"
412,PARQUE BURNIER.,10072363,10:20:00,2,3,0,3,2025-01-07T00:00:00.000Z,-43.327885630000,-21.762179390000,"Rua Natalino José de Paula, 288"
412,PARQUE BURNIER.,10072382,10:20:00,11,0,0,22,2025-01-07T00:00:00.000Z,-43.332369450000,-21.762522520000,"Rua Olga Burnier, 361"
412,PARQUE BURNIER.,10073584,10:20:00,8,8,0,23,2025-01-07T00:00:00.000Z,-43.329363350000,-21.763255450000,"Rua Adelaide Campos de Resende, 984"
412,PARQUE BURNIER.,10072384,10:20:00,6,1,0,12,2025-01-07T00:00:00.000Z,-43.327999480000,-21.763301540000,"Rua José Teodoro dos Santos, 126"
412,PARQUE BURNIER.,10072302,10:20:00,15,0,4,19,2025-01-07T00:00:00.000Z,-43.338029500000,-21.760323850000,"Avenida Sete de Setembro, 623"
412,PARQUE BURNIER.,10072386,10:20:00,7,3,0,15,2025-01-07T00:00:00.000Z,-43.328850270000,-21.762325320000,"Rua José Teodoro dos Santos, 292"
412,PARQUE BURNIER.,10072362,10:20:00,3,1,0,4,2025-01-07T00:00:00.000Z,-43.327527760000,-21.762798310000,"Rua Natalino José de Paula, 310"
412,PARQUE BURNIER.,10072358,10:20:00,1,0,0,0,2025-01-07T00:00:00.000Z,-43.328687310000,-21.761675740000,"Rua Natalino José de Paula, 112 - Ponto Final do Parque Burnier"
412,PARQUE BURNIER.,10073583,10:20:00,9,0,0,23,2025-01-07T00:00:00.000Z,-43.330207820000,-21.763072230000,"Rua Adelaide Campos de Resende, 1070"
412,PARQUE BURNIER.,10071503,10:40:00,15,0,2,16,2025-01-07T00:00:00.000Z,-43.326207040000,-21.762717810000,"Rua Natalino José de Paula, 421"
412,PARQUE BURNIER.,10072358,10:40:00,18,1,0,16,2025-01-07T00:00:00.000Z,-43.328687310000,-21.761675740000,"Rua Natalino José de Paula, 112 - Ponto Final do Parque Burnier"
412,PARQUE BURNIER.,10072356,10:40:00,17,0,0,15,2025-01-07T00:00:00.000Z,-43.327793950000,-21.762107030000,"Rua Natalino José de Paula, 271"
412,PARQUE BURNIER.,10073560,10:40:00,5,0,0,21,2025-01-07T00:00:00.000Z,-43.333589670000,-21.761652280000,"Rua Olga Burnier, 230"
412,PARQUE BURNIER.,10073561,10:40:00,7,0,0,21,2025-01-07T00:00:00.000Z,-43.331552510000,-21.763418910000,"Rua Olga Burnier, 480"
412,PARQUE BURNIER.,10073558,10:40:00,4,0,0,21,2025-01-07T00:00:00.000Z,-43.334645750000,-21.760669710000,"Rua Olga Burnier, 70"
412,PARQUE BURNIER.,10072377,10:40:00,12,0,0,18,2025-01-07T00:00:00.000Z,-43.327321890000,-21.764062650000,"Rua José Teodoro dos Santos, 25"
412,PARQUE BURNIER.,10072296,10:40:00,9,1,2,19,2025-01-07T00:00:00.000Z,-43.329374790000,-21.763440430000,"Rua Adelaide Campos de Resende, 975"
412,PARQUE BURNIER.,10072375,10:40:00,16,0,1,15,2025-01-07T00:00:00.000Z,-43.327420830000,-21.762727850000,"Rua Natalino José de Paula, 319"
412,PARQUE BURNIER.,10072316,10:40:00,11,0,0,18,2025-01-07T00:00:00.000Z,-43.328204750000,-21.763332370000,"Rua José Teodoro dos Santos, 145"
412,PARQUE BURNIER.,10072328,10:40:00,13,0,0,18,2025-01-07T00:00:00.000Z,-43.326450350000,-21.763683320000,"Rua Adelaide Campos de Resende, 669"
412,PARQUE BURNIER.,10072313,10:40:00,10,0,1,18,2025-01-07T00:00:00.000Z,-43.328846690000,-21.762504770000,"Rua José Teodoro dos Santos, 275"
412,PARQUE BURNIER.,10073552,10:40:00,3,1,1,21,2025-01-07T00:00:00.000Z,-43.335479020000,-21.760313550000,"Rua São Geraldo, 84"
412,PARQUE BURNIER.,10072359,10:40:00,14,0,0,18,2025-01-07T00:00:00.000Z,-43.326282500000,-21.763143540000,"Rua Adelaide Campos de Resende, 651"
412,PARQUE BURNIER.,10072301,10:40:00,8,0,1,20,2025-01-07T00:00:00.000Z,-43.330138330000,-21.763252970000,"Rua Adelaide Campos de Resende, 1061"
412,PARQUE BURNIER.,10073557,10:40:00,6,0,0,21,2025-01-07T00:00:00.000Z,-43.332479840000,-21.762640710000,"Rua Olga Burnier, 356"
412,PARQUE BURNIER.,10072305,10:40:00,2,4,2,21,2025-01-07T00:00:00.000Z,-43.337478970000,-21.760922950000,"Rua Djalma de Carvalho, 37"
412,PARQUE BURNIER.,10071108,10:40:00,1,19,0,19,2025-01-07T00:00:00.000Z,-43.349331860000,-21.758144610000,"Avenida Getúlio Vargas, 835"
412,PARQUE BURNIER.,10072309,11:15:00,5,1,0,10,2025-01-07T00:00:00.000Z,-43.327273730000,-21.763967940000,"Rua José Teodoro dos Santos, 28"
412,PARQUE BURNIER.,10071108,11:15:00,17,0,32,1,2025-01-07T00:00:00.000Z,-43.349331860000,-21.758144610000,"Avenida Getúlio Vargas, 835"
412,PARQUE BURNIER.,10072386,11:15:00,7,4,0,14,2025-01-07T00:00:00.000Z,-43.328850270000,-21.762325320000,"Rua José Teodoro dos Santos, 292"
412,PARQUE BURNIER.,10072384,11:15:00,6,0,0,10,2025-01-07T00:00:00.000Z,-43.327999480000,-21.763301540000,"Rua José Teodoro dos Santos, 126"
412,PARQUE BURNIER.,10074194,11:15:00,16,18,3,33,2025-01-07T00:00:00.000Z,-43.342338620000,-21.760505960000,"Rua Ângelo Falci, 55"
412,PARQUE BURNIER.,10072332,11:15:00,14,0,0,19,2025-01-07T00:00:00.000Z,-43.335533860000,-21.760131640000,"Rua São Geraldo, 89"
412,PARQUE BURNIER.,10072363,11:15:00,2,0,0,0,2025-01-07T00:00:00.000Z,-43.327885630000,-21.762179390000,"Rua Natalino José de Paula, 288"
412,PARQUE BURNIER.,10072380,11:15:00,10,1,0,17,2025-01-07T00:00:00.000Z,-43.331466790000,-21.763337580000,"Rua Olga Burnier, 485"
412,PARQUE BURNIER.,10072382,11:15:00,11,1,0,18,2025-01-07T00:00:00.000Z,-43.332369450000,-21.762522520000,"Rua Olga Burnier, 361"
412,PARQUE BURNIER.,10073583,11:15:00,9,0,0,16,2025-01-07T00:00:00.000Z,-43.330207820000,-21.763072230000,"Rua Adelaide Campos de Resende, 1070"
412,PARQUE BURNIER.,10072302,11:15:00,15,0,1,18,2025-01-07T00:00:00.000Z,-43.338029500000,-21.760323850000,"Avenida Sete de Setembro, 623"
412,PARQUE BURNIER.,10072362,11:15:00,3,1,0,1,2025-01-07T00:00:00.000Z,-43.327527760000,-21.762798310000,"Rua Natalino José de Paula, 310"
412,PARQUE BURNIER.,10072337,11:15:00,13,1,0,19,2025-01-07T00:00:00.000Z,-43.334540130000,-21.760522960000,"Rua Olga Burnier, 67"
412,PARQUE BURNIER.,10072335,11:15:00,12,0,0,18,2025-01-07T00:00:00.000Z,-43.333453420000,-21.761562350000,"Rua Olga Burnier, 233"
412,PARQUE BURNIER.,10073584,11:15:00,8,2,0,16,2025-01-07T00:00:00.000Z,-43.329363350000,-21.763255450000,"Rua Adelaide Campos de Resende, 984"
412,PARQUE BURNIER.,10073589,11:15:00,4,8,0,9,2025-01-07T00:00:00.000Z,-43.326568960000,-21.763629600000,"Rua Adelaide Campos de Resende, 706"
412,PARQUE BURNIER.,10072358,11:15:00,1,0,0,0,2025-01-07T00:00:00.000Z,-43.328687310000,-21.761675740000,"Rua Natalino José de Paula, 112 - Ponto Final do Parque Burnier"
412,PARQUE BURNIER.,10072305,11:35:00,2,0,2,18,2025-01-07T00:00:00.000Z,-43.337478970000,-21.760922950000,"Rua Djalma de Carvalho, 37"
412,PARQUE BURNIER.,10072377,11:35:00,12,0,0,20,2025-01-07T00:00:00.000Z,-43.327321890000,-21.764062650000,"Rua José Teodoro dos Santos, 25"
412,PARQUE BURNIER.,10072359,11:35:00,14,0,0,20,2025-01-07T00:00:00.000Z,-43.326282500000,-21.763143540000,"Rua Adelaide Campos de Resende, 651"
412,PARQUE BURNIER.,10072328,11:35:00,13,0,0,20,2025-01-07T00:00:00.000Z,-43.326450350000,-21.763683320000,"Rua Adelaide Campos de Resende, 669"
412,PARQUE BURNIER.,10072301,11:35:00,8,0,0,18,2025-01-07T00:00:00.000Z,-43.330138330000,-21.763252970000,"Rua Adelaide Campos de Resende, 1061"
412,PARQUE BURNIER.,10073560,11:35:00,5,0,0,18,2025-01-07T00:00:00.000Z,-43.333589670000,-21.761652280000,"Rua Olga Burnier, 230"
412,PARQUE BURNIER.,10072356,11:35:00,17,0,0,16,2025-01-07T00:00:00.000Z,-43.327793950000,-21.762107030000,"Rua Natalino José de Paula, 271"
412,PARQUE BURNIER.,10072296,11:35:00,9,2,0,20,2025-01-07T00:00:00.000Z,-43.329374790000,-21.763440430000,"Rua Adelaide Campos de Resende, 975"
412,PARQUE BURNIER.,10073558,11:35:00,4,0,0,18,2025-01-07T00:00:00.000Z,-43.334645750000,-21.760669710000,"Rua Olga Burnier, 70"
412,PARQUE BURNIER.,10072375,11:35:00,16,0,1,16,2025-01-07T00:00:00.000Z,-43.327420830000,-21.762727850000,"Rua Natalino José de Paula, 319"
412,PARQUE BURNIER.,10072358,11:35:00,18,0,0,16,2025-01-07T00:00:00.000Z,-43.328687310000,-21.761675740000,"Rua Natalino José de Paula, 112 - Ponto Final do Parque Burnier"
412,PARQUE BURNIER.,10072313,11:35:00,10,1,1,20,2025-01-07T00:00:00.000Z,-43.328846690000,-21.762504770000,"Rua José Teodoro dos Santos, 275"
412,PARQUE BURNIER.,10071503,11:35:00,15,0,3,17,2025-01-07T00:00:00.000Z,-43.326207040000,-21.762717810000,"Rua Natalino José de Paula, 421"
412,PARQUE BURNIER.,10072316,11:35:00,11,0,0,20,2025-01-07T00:00:00.000Z,-43.328204750000,-21.763332370000,"Rua José Teodoro dos Santos, 145"
412,PARQUE BURNIER.,10073561,11:35:00,7,0,0,18,2025-01-07T00:00:00.000Z,-43.331552510000,-21.763418910000,"Rua Olga Burnier, 480"
412,PARQUE BURNIER.,10073552,11:35:00,3,0,0,18,2025-01-07T00:00:00.000Z,-43.335479020000,-21.760313550000,"Rua São Geraldo, 84"
412,PARQUE BURNIER.,10071108,11:35:00,1,20,0,20,2025-01-07T00:00:00.000Z,-43.349331860000,-21.758144610000,"Avenida Getúlio Vargas, 835"
412,PARQUE BURNIER.,10073557,11:35:00,6,0,0,18,2025-01-07T00:00:00.000Z,-43.332479840000,-21.762640710000,"Rua Olga Burnier, 356"
412,PARQUE BURNIER.,10072362,12:10:00,3,6,0,7,2025-01-07T00:00:00.000Z,-43.327527760000,-21.762798310000,"Rua Natalino José de Paula, 310"
412,PARQUE BURNIER.,10072386,12:10:00,7,1,1,11,2025-01-07T00:00:00.000Z,-43.328850270000,-21.762325320000,"Rua José Teodoro dos Santos, 292"
412,PARQUE BURNIER.,10072302,12:10:00,15,2,2,16,2025-01-07T00:00:00.000Z,-43.338029500000,-21.760323850000,"Avenida Sete de Setembro, 623"
412,PARQUE BURNIER.,10072337,12:10:00,13,0,1,15,2025-01-07T00:00:00.000Z,-43.334540130000,-21.760522960000,"Rua Olga Burnier, 67"
412,PARQUE BURNIER.,10072382,12:10:00,11,0,0,16,2025-01-07T00:00:00.000Z,-43.332369450000,-21.762522520000,"Rua Olga Burnier, 361"
412,PARQUE BURNIER.,10074194,12:10:00,16,11,4,23,2025-01-07T00:00:00.000Z,-43.342338620000,-21.760505960000,"Rua Ângelo Falci, 55"
412,PARQUE BURNIER.,10072332,12:10:00,14,1,0,16,2025-01-07T00:00:00.000Z,-43.335533860000,-21.760131640000,"Rua São Geraldo, 89"
412,PARQUE BURNIER.,10072335,12:10:00,12,0,0,16,2025-01-07T00:00:00.000Z,-43.333453420000,-21.761562350000,"Rua Olga Burnier, 233"
412,PARQUE BURNIER.,10072380,12:10:00,10,2,0,16,2025-01-07T00:00:00.000Z,-43.331466790000,-21.763337580000,"Rua Olga Burnier, 485"
412,PARQUE BURNIER.,10071108,12:10:00,17,0,23,0,2025-01-07T00:00:00.000Z,-43.349331860000,-21.758144610000,"Avenida Getúlio Vargas, 835"
412,PARQUE BURNIER.,10073589,12:10:00,4,3,0,10,2025-01-07T00:00:00.000Z,-43.326568960000,-21.763629600000,"Rua Adelaide Campos de Resende, 706"
412,PARQUE BURNIER.,10072384,12:10:00,6,0,0,11,2025-01-07T00:00:00.000Z,-43.327999480000,-21.763301540000,"Rua José Teodoro dos Santos, 126"
412,PARQUE BURNIER.,10072363,12:10:00,2,1,0,1,2025-01-07T00:00:00.000Z,-43.327885630000,-21.762179390000,"Rua Natalino José de Paula, 288"
412,PARQUE BURNIER.,10073583,12:10:00,9,0,0,14,2025-01-07T00:00:00.000Z,-43.330207820000,-21.763072230000,"Rua Adelaide Campos de Resende, 1070"
412,PARQUE BURNIER.,10072309,12:10:00,5,2,1,11,2025-01-07T00:00:00.000Z,-43.327273730000,-21.763967940000,"Rua José Teodoro dos Santos, 28"
412,PARQUE BURNIER.,10072358,12:10:00,1,0,0,0,2025-01-07T00:00:00.000Z,-43.328687310000,-21.761675740000,"Rua Natalino José de Paula, 112 - Ponto Final do Parque Burnier"
412,PARQUE BURNIER.,10073584,12:10:00,8,4,1,14,2025-01-07T00:00:00.000Z,-43.329363350000,-21.763255450000,"Rua Adelaide Campos de Resende, 984"
412,PARQUE BURNIER.,10073557,12:30:00,6,0,0,14,2025-01-07T00:00:00.000Z,-43.332479840000,-21.762640710000,"Rua Olga Burnier, 356"
412,PARQUE BURNIER.,10072359,12:30:00,14,0,2,9,2025-01-07T00:00:00.000Z,-43.326282500000,-21.763143540000,"Rua Adelaide Campos de Resende, 651"
412,PARQUE BURNIER.,10072328,12:30:00,13,0,2,11,2025-01-07T00:00:00.000Z,-43.326450350000,-21.763683320000,"Rua Adelaide Campos de Resende, 669"
412,PARQUE BURNIER.,10072375,12:30:00,16,0,2,3,2025-01-07T00:00:00.000Z,-43.327420830000,-21.762727850000,"Rua Natalino José de Paula, 319"
412,PARQUE BURNIER.,10073560,12:30:00,5,0,0,14,2025-01-07T00:00:00.000Z,-43.333589670000,-21.761652280000,"Rua Olga Burnier, 230"
412,PARQUE BURNIER.,10072358,12:30:00,18,3,0,5,2025-01-07T00:00:00.000Z,-43.328687310000,-21.761675740000,"Rua Natalino José de Paula, 112 - Ponto Final do Parque Burnier"
412,PARQUE BURNIER.,10073552,12:30:00,3,0,0,14,2025-01-07T00:00:00.000Z,-43.335479020000,-21.760313550000,"Rua São Geraldo, 84"
412,PARQUE BURNIER.,10072316,12:30:00,11,0,0,13,2025-01-07T00:00:00.000Z,-43.328204750000,-21.763332370000,"Rua José Teodoro dos Santos, 145"
412,PARQUE BURNIER.,10072296,12:30:00,9,0,0,14,2025-01-07T00:00:00.000Z,-43.329374790000,-21.763440430000,"Rua Adelaide Campos de Resende, 975"
412,PARQUE BURNIER.,10073561,12:30:00,7,0,0,14,2025-01-07T00:00:00.000Z,-43.331552510000,-21.763418910000,"Rua Olga Burnier, 480"
412,PARQUE BURNIER.,10072356,12:30:00,17,0,1,2,2025-01-07T00:00:00.000Z,-43.327793950000,-21.762107030000,"Rua Natalino José de Paula, 271"
412,PARQUE BURNIER.,10072377,12:30:00,12,1,1,13,2025-01-07T00:00:00.000Z,-43.327321890000,-21.764062650000,"Rua José Teodoro dos Santos, 25"
412,PARQUE BURNIER.,10071503,12:30:00,15,0,4,5,2025-01-07T00:00:00.000Z,-43.326207040000,-21.762717810000,"Rua Natalino José de Paula, 421"
412,PARQUE BURNIER.,10072313,12:30:00,10,0,1,13,2025-01-07T00:00:00.000Z,-43.328846690000,-21.762504770000,"Rua José Teodoro dos Santos, 275"
412,PARQUE BURNIER.,10072301,12:30:00,8,0,0,14,2025-01-07T00:00:00.000Z,-43.330138330000,-21.763252970000,"Rua Adelaide Campos de Resende, 1061"
412,PARQUE BURNIER.,10073558,12:30:00,4,0,0,14,2025-01-07T00:00:00.000Z,-43.334645750000,-21.760669710000,"Rua Olga Burnier, 70"
412,PARQUE BURNIER.,10072305,12:30:00,2,4,1,14,2025-01-07T00:00:00.000Z,-43.337478970000,-21.760922950000,"Rua Djalma de Carvalho, 37"
412,PARQUE BURNIER.,10071108,12:30:00,1,11,0,11,2025-01-07T00:00:00.000Z,-43.349331860000,-21.758144610000,"Avenida Getúlio Vargas, 835"
412,PARQUE BURNIER.,10073584,13:05:00,8,2,0,12,2025-01-07T00:00:00.000Z,-43.329363350000,-21.763255450000,"Rua Adelaide Campos de Resende, 984"
412,PARQUE BURNIER.,10072362,13:05:00,3,0,0,3,2025-01-07T00:00:00.000Z,-43.327527760000,-21.762798310000,"Rua Natalino José de Paula, 310"
412,PARQUE BURNIER.,10072337,13:05:00,13,0,0,12,2025-01-07T00:00:00.000Z,-43.334540130000,-21.760522960000,"Rua Olga Burnier, 67"
412,PARQUE BURNIER.,10072384,13:05:00,6,1,0,8,2025-01-07T00:00:00.000Z,-43.327999480000,-21.763301540000,"Rua José Teodoro dos Santos, 126"
412,PARQUE BURNIER.,10074194,13:05:00,16,6,1,17,2025-01-07T00:00:00.000Z,-43.342338620000,-21.760505960000,"Rua Ângelo Falci, 55"
412,PARQUE BURNIER.,10071108,13:05:00,17,0,2,15,2025-01-07T00:00:00.000Z,-43.349331860000,-21.758144610000,"Avenida Getúlio Vargas, 835"
412,PARQUE BURNIER.,10072358,13:05:00,1,0,0,0,2025-01-07T00:00:00.000Z,-43.328687310000,-21.761675740000,"Rua Natalino José de Paula, 112 - Ponto Final do Parque Burnier"
412,PARQUE BURNIER.,10072335,13:05:00,12,0,0,12,2025-01-07T00:00:00.000Z,-43.333453420000,-21.761562350000,"Rua Olga Burnier, 233"
412,PARQUE BURNIER.,10073589,13:05:00,4,4,0,7,2025-01-07T00:00:00.000Z,-43.326568960000,-21.763629600000,"Rua Adelaide Campos de Resende, 706"
412,PARQUE BURNIER.,10072302,13:05:00,15,2,2,12,2025-01-07T00:00:00.000Z,-43.338029500000,-21.760323850000,"Avenida Sete de Setembro, 623"
412,PARQUE BURNIER.,10072382,13:05:00,11,0,0,12,2025-01-07T00:00:00.000Z,-43.332369450000,-21.762522520000,"Rua Olga Burnier, 361"
412,PARQUE BURNIER.,10072386,13:05:00,7,2,0,10,2025-01-07T00:00:00.000Z,-43.328850270000,-21.762325320000,"Rua José Teodoro dos Santos, 292"
412,PARQUE BURNIER.,10073583,13:05:00,9,1,0,13,2025-01-07T00:00:00.000Z,-43.330207820000,-21.763072230000,"Rua Adelaide Campos de Resende, 1070"
412,PARQUE BURNIER.,10072309,13:05:00,5,0,0,7,2025-01-07T00:00:00.000Z,-43.327273730000,-21.763967940000,"Rua José Teodoro dos Santos, 28"
412,PARQUE BURNIER.,10072332,13:05:00,14,0,0,12,2025-01-07T00:00:00.000Z,-43.335533860000,-21.760131640000,"Rua São Geraldo, 89"
412,PARQUE BURNIER.,10072380,13:05:00,10,0,1,12,2025-01-07T00:00:00.000Z,-43.331466790000,-21.763337580000,"Rua Olga Burnier, 485"
412,PARQUE BURNIER.,10072363,13:05:00,2,3,0,3,2025-01-07T00:00:00.000Z,-43.327885630000,-21.762179390000,"Rua Natalino José de Paula, 288"
412,PARQUE BURNIER.,10071503,13:25:00,15,0,0,0,2025-01-07T00:00:00.000Z,-43.326207040000,-21.762717810000,"Rua Natalino José de Paula, 421"
412,PARQUE BURNIER.,10072375,13:25:00,16,0,0,0,2025-01-07T00:00:00.000Z,-43.327420830000,-21.762727850000,"Rua Natalino José de Paula, 319"
412,PARQUE BURNIER.,10072359,13:25:00,14,0,2,0,2025-01-07T00:00:00.000Z,-43.326282500000,-21.763143540000,"Rua Adelaide Campos de Resende, 651"
412,PARQUE BURNIER.,10072377,13:25:00,12,0,1,6,2025-01-07T00:00:00.000Z,-43.327321890000,-21.764062650000,"Rua José Teodoro dos Santos, 25"
412,PARQUE BURNIER.,10071108,13:25:00,1,14,0,14,2025-01-07T00:00:00.000Z,-43.349331860000,-21.758144610000,"Avenida Getúlio Vargas, 835"
412,PARQUE BURNIER.,10073552,13:25:00,3,0,0,12,2025-01-07T00:00:00.000Z,-43.335479020000,-21.760313550000,"Rua São Geraldo, 84"
412,PARQUE BURNIER.,10072356,13:25:00,17,0,0,0,2025-01-07T00:00:00.000Z,-43.327793950000,-21.762107030000,"Rua Natalino José de Paula, 271"
412,PARQUE BURNIER.,10072316,13:25:00,11,0,0,7,2025-01-07T00:00:00.000Z,-43.328204750000,-21.763332370000,"Rua José Teodoro dos Santos, 145"
412,PARQUE BURNIER.,10073561,13:25:00,7,0,0,12,2025-01-07T00:00:00.000Z,-43.331552510000,-21.763418910000,"Rua Olga Burnier, 480"
412,PARQUE BURNIER.,10072305,13:25:00,2,0,2,12,2025-01-07T00:00:00.000Z,-43.337478970000,-21.760922950000,"Rua Djalma de Carvalho, 37"
412,PARQUE BURNIER.,10072313,13:25:00,10,0,1,7,2025-01-07T00:00:00.000Z,-43.328846690000,-21.762504770000,"Rua José Teodoro dos Santos, 275"
412,PARQUE BURNIER.,10072358,13:25:00,18,1,0,1,2025-01-07T00:00:00.000Z,-43.328687310000,-21.761675740000,"Rua Natalino José de Paula, 112 - Ponto Final do Parque Burnier"
412,PARQUE BURNIER.,10073557,13:25:00,6,0,0,12,2025-01-07T00:00:00.000Z,-43.332479840000,-21.762640710000,"Rua Olga Burnier, 356"
412,PARQUE BURNIER.,10072301,13:25:00,8,0,0,12,2025-01-07T00:00:00.000Z,-43.330138330000,-21.763252970000,"Rua Adelaide Campos de Resende, 1061"
412,PARQUE BURNIER.,10073558,13:25:00,4,0,0,12,2025-01-07T00:00:00.000Z,-43.334645750000,-21.760669710000,"Rua Olga Burnier, 70"
412,PARQUE BURNIER.,10072328,13:25:00,13,0,4,2,2025-01-07T00:00:00.000Z,-43.326450350000,-21.763683320000,"Rua Adelaide Campos de Resende, 669"
412,PARQUE BURNIER.,10072296,13:25:00,9,0,4,8,2025-01-07T00:00:00.000Z,-43.329374790000,-21.763440430000,"Rua Adelaide Campos de Resende, 975"
412,PARQUE BURNIER.,10073560,13:25:00,5,0,0,12,2025-01-07T00:00:00.000Z,-43.333589670000,-21.761652280000,"Rua Olga Burnier, 230"
412,PARQUE BURNIER.,10072332,14:00:00,14,0,1,24,2025-01-07T00:00:00.000Z,-43.335533860000,-21.760131640000,"Rua São Geraldo, 89"
412,PARQUE BURNIER.,10072335,14:00:00,12,4,0,24,2025-01-07T00:00:00.000Z,-43.333453420000,-21.761562350000,"Rua Olga Burnier, 233"
412,PARQUE BURNIER.,10074194,14:00:00,16,11,9,23,2025-01-07T00:00:00.000Z,-43.342338620000,-21.760505960000,"Rua Ângelo Falci, 55"
412,PARQUE BURNIER.,10072363,14:00:00,2,2,0,2,2025-01-07T00:00:00.000Z,-43.327885630000,-21.762179390000,"Rua Natalino José de Paula, 288"
412,PARQUE BURNIER.,10073584,14:00:00,8,2,0,19,2025-01-07T00:00:00.000Z,-43.329363350000,-21.763255450000,"Rua Adelaide Campos de Resende, 984"
412,PARQUE BURNIER.,10072309,14:00:00,5,0,0,13,2025-01-07T00:00:00.000Z,-43.327273730000,-21.763967940000,"Rua José Teodoro dos Santos, 28"
412,PARQUE BURNIER.,10072384,14:00:00,6,3,0,16,2025-01-07T00:00:00.000Z,-43.327999480000,-21.763301540000,"Rua José Teodoro dos Santos, 126"
412,PARQUE BURNIER.,10072337,14:00:00,13,1,0,25,2025-01-07T00:00:00.000Z,-43.334540130000,-21.760522960000,"Rua Olga Burnier, 67"
412,PARQUE BURNIER.,10073583,14:00:00,9,0,0,19,2025-01-07T00:00:00.000Z,-43.330207820000,-21.763072230000,"Rua Adelaide Campos de Resende, 1070"
412,PARQUE BURNIER.,10072380,14:00:00,10,1,0,20,2025-01-07T00:00:00.000Z,-43.331466790000,-21.763337580000,"Rua Olga Burnier, 485"
412,PARQUE BURNIER.,10073589,14:00:00,4,7,0,13,2025-01-07T00:00:00.000Z,-43.326568960000,-21.763629600000,"Rua Adelaide Campos de Resende, 706"
412,PARQUE BURNIER.,10072386,14:00:00,7,1,0,17,2025-01-07T00:00:00.000Z,-43.328850270000,-21.762325320000,"Rua José Teodoro dos Santos, 292"
412,PARQUE BURNIER.,10072302,14:00:00,15,0,3,21,2025-01-07T00:00:00.000Z,-43.338029500000,-21.760323850000,"Avenida Sete de Setembro, 623"
412,PARQUE BURNIER.,10071108,14:00:00,17,0,23,0,2025-01-07T00:00:00.000Z,-43.349331860000,-21.758144610000,"Avenida Getúlio Vargas, 835"
412,PARQUE BURNIER.,10072382,14:00:00,11,0,0,20,2025-01-07T00:00:00.000Z,-43.332369450000,-21.762522520000,"Rua Olga Burnier, 361"
412,PARQUE BURNIER.,10072362,14:00:00,3,4,0,6,2025-01-07T00:00:00.000Z,-43.327527760000,-21.762798310000,"Rua Natalino José de Paula, 310"
412,PARQUE BURNIER.,10072358,14:00:00,1,0,0,0,2025-01-07T00:00:00.000Z,-43.328687310000,-21.761675740000,"Rua Natalino José de Paula, 112 - Ponto Final do Parque Burnier"
412,PARQUE BURNIER.,10072296,14:20:00,9,1,3,24,2025-01-07T00:00:00.000Z,-43.329374790000,-21.763440430000,"Rua Adelaide Campos de Resende, 975"
412,PARQUE BURNIER.,10072316,14:20:00,11,0,0,24,2025-01-07T00:00:00.000Z,-43.328204750000,-21.763332370000,"Rua José Teodoro dos Santos, 145"
412,PARQUE BURNIER.,10073552,14:20:00,3,0,0,29,2025-01-07T00:00:00.000Z,-43.335479020000,-21.760313550000,"Rua São Geraldo, 84"
412,PARQUE BURNIER.,10073560,14:20:00,5,0,0,29,2025-01-07T00:00:00.000Z,-43.333589670000,-21.761652280000,"Rua Olga Burnier, 230"
412,PARQUE BURNIER.,10072301,14:20:00,8,0,2,26,2025-01-07T00:00:00.000Z,-43.330138330000,-21.763252970000,"Rua Adelaide Campos de Resende, 1061"
412,PARQUE BURNIER.,10071503,14:20:00,15,0,2,20,2025-01-07T00:00:00.000Z,-43.326207040000,-21.762717810000,"Rua Natalino José de Paula, 421"
412,PARQUE BURNIER.,10072356,14:20:00,17,0,3,17,2025-01-07T00:00:00.000Z,-43.327793950000,-21.762107030000,"Rua Natalino José de Paula, 271"
412,PARQUE BURNIER.,10072328,14:20:00,13,0,1,23,2025-01-07T00:00:00.000Z,-43.326450350000,-21.763683320000,"Rua Adelaide Campos de Resende, 669"
412,PARQUE BURNIER.,10072358,14:20:00,18,4,0,21,2025-01-07T00:00:00.000Z,-43.328687310000,-21.761675740000,"Rua Natalino José de Paula, 112 - Ponto Final do Parque Burnier"
412,PARQUE BURNIER.,10073557,14:20:00,6,0,1,28,2025-01-07T00:00:00.000Z,-43.332479840000,-21.762640710000,"Rua Olga Burnier, 356"
412,PARQUE BURNIER.,10072375,14:20:00,16,1,1,20,2025-01-07T00:00:00.000Z,-43.327420830000,-21.762727850000,"Rua Natalino José de Paula, 319"
412,PARQUE BURNIER.,10072359,14:20:00,14,0,1,22,2025-01-07T00:00:00.000Z,-43.326282500000,-21.763143540000,"Rua Adelaide Campos de Resende, 651"
412,PARQUE BURNIER.,10072377,14:20:00,12,0,0,24,2025-01-07T00:00:00.000Z,-43.327321890000,-21.764062650000,"Rua José Teodoro dos Santos, 25"
412,PARQUE BURNIER.,10072313,14:20:00,10,1,1,24,2025-01-07T00:00:00.000Z,-43.328846690000,-21.762504770000,"Rua José Teodoro dos Santos, 275"
412,PARQUE BURNIER.,10073558,14:20:00,4,0,0,29,2025-01-07T00:00:00.000Z,-43.334645750000,-21.760669710000,"Rua Olga Burnier, 70"
412,PARQUE BURNIER.,10072305,14:20:00,2,3,0,29,2025-01-07T00:00:00.000Z,-43.337478970000,-21.760922950000,"Rua Djalma de Carvalho, 37"
412,PARQUE BURNIER.,10071108,14:20:00,1,26,0,26,2025-01-07T00:00:00.000Z,-43.349331860000,-21.758144610000,"Avenida Getúlio Vargas, 835"
412,PARQUE BURNIER.,10073561,14:20:00,7,0,0,28,2025-01-07T00:00:00.000Z,-43.331552510000,-21.763418910000,"Rua Olga Burnier, 480"
412,PARQUE BURNIER.,10072386,14:55:00,7,0,0,6,2025-01-07T00:00:00.000Z,-43.328850270000,-21.762325320000,"Rua José Teodoro dos Santos, 292"
412,PARQUE BURNIER.,10072309,14:55:00,5,0,0,4,2025-01-07T00:00:00.000Z,-43.327273730000,-21.763967940000,"Rua José Teodoro dos Santos, 28"
412,PARQUE BURNIER.,10072335,14:55:00,12,1,0,8,2025-01-07T00:00:00.000Z,-43.333453420000,-21.761562350000,"Rua Olga Burnier, 233"
412,PARQUE BURNIER.,10071108,14:55:00,17,0,3,12,2025-01-07T00:00:00.000Z,-43.349331860000,-21.758144610000,"Avenida Getúlio Vargas, 835"
412,PARQUE BURNIER.,10072362,14:55:00,3,4,0,4,2025-01-07T00:00:00.000Z,-43.327527760000,-21.762798310000,"Rua Natalino José de Paula, 310"
412,PARQUE BURNIER.,10072384,14:55:00,6,2,0,6,2025-01-07T00:00:00.000Z,-43.327999480000,-21.763301540000,"Rua José Teodoro dos Santos, 126"
412,PARQUE BURNIER.,10072332,14:55:00,14,0,0,9,2025-01-07T00:00:00.000Z,-43.335533860000,-21.760131640000,"Rua São Geraldo, 89"
412,PARQUE BURNIER.,10074194,14:55:00,16,5,3,15,2025-01-07T00:00:00.000Z,-43.342338620000,-21.760505960000,"Rua Ângelo Falci, 55"
412,PARQUE BURNIER.,10072380,14:55:00,10,0,1,7,2025-01-07T00:00:00.000Z,-43.331466790000,-21.763337580000,"Rua Olga Burnier, 485"
412,PARQUE BURNIER.,10072337,14:55:00,13,1,0,9,2025-01-07T00:00:00.000Z,-43.334540130000,-21.760522960000,"Rua Olga Burnier, 67"
412,PARQUE BURNIER.,10073583,14:55:00,9,0,0,8,2025-01-07T00:00:00.000Z,-43.330207820000,-21.763072230000,"Rua Adelaide Campos de Resende, 1070"
412,PARQUE BURNIER.,10072382,14:55:00,11,0,0,7,2025-01-07T00:00:00.000Z,-43.332369450000,-21.762522520000,"Rua Olga Burnier, 361"
412,PARQUE BURNIER.,10073589,14:55:00,4,0,0,4,2025-01-07T00:00:00.000Z,-43.326568960000,-21.763629600000,"Rua Adelaide Campos de Resende, 706"
412,PARQUE BURNIER.,10073584,14:55:00,8,2,0,8,2025-01-07T00:00:00.000Z,-43.329363350000,-21.763255450000,"Rua Adelaide Campos de Resende, 984"
412,PARQUE BURNIER.,10072363,14:55:00,2,0,0,0,2025-01-07T00:00:00.000Z,-43.327885630000,-21.762179390000,"Rua Natalino José de Paula, 288"
412,PARQUE BURNIER.,10072358,14:55:00,1,0,0,0,2025-01-07T00:00:00.000Z,-43.328687310000,-21.761675740000,"Rua Natalino José de Paula, 112 - Ponto Final do Parque Burnier"
412,PARQUE BURNIER.,10072302,14:55:00,15,4,0,13,2025-01-07T00:00:00.000Z,-43.338029500000,-21.760323850000,"Avenida Sete de Setembro, 623"
412,PARQUE BURNIER.,10072356,15:15:00,17,1,0,1,2025-01-07T00:00:00.000Z,-43.327793950000,-21.762107030000,"Rua Natalino José de Paula, 271"
412,PARQUE BURNIER.,10072316,15:15:00,11,0,0,0,2025-01-07T00:00:00.000Z,-43.328204750000,-21.763332370000,"Rua José Teodoro dos Santos, 145"
412,PARQUE BURNIER.,10072328,15:15:00,13,0,0,0,2025-01-07T00:00:00.000Z,-43.326450350000,-21.763683320000,"Rua Adelaide Campos de Resende, 669"
412,PARQUE BURNIER.,10073558,15:15:00,4,0,0,1,2025-01-07T00:00:00.000Z,-43.334645750000,-21.760669710000,"Rua Olga Burnier, 70"
412,PARQUE BURNIER.,10072377,15:15:00,12,0,0,0,2025-01-07T00:00:00.000Z,-43.327321890000,-21.764062650000,"Rua José Teodoro dos Santos, 25"
412,PARQUE BURNIER.,10072313,15:15:00,10,0,0,0,2025-01-07T00:00:00.000Z,-43.328846690000,-21.762504770000,"Rua José Teodoro dos Santos, 275"
412,PARQUE BURNIER.,10072375,15:15:00,16,0,0,0,2025-01-07T00:00:00.000Z,-43.327420830000,-21.762727850000,"Rua Natalino José de Paula, 319"
412,PARQUE BURNIER.,10072359,15:15:00,14,0,0,0,2025-01-07T00:00:00.000Z,-43.326282500000,-21.763143540000,"Rua Adelaide Campos de Resende, 651"
412,PARQUE BURNIER.,10072358,15:15:00,18,3,0,4,2025-01-07T00:00:00.000Z,-43.328687310000,-21.761675740000,"Rua Natalino José de Paula, 112 - Ponto Final do Parque Burnier"
412,PARQUE BURNIER.,10071503,15:15:00,15,0,0,0,2025-01-07T00:00:00.000Z,-43.326207040000,-21.762717810000,"Rua Natalino José de Paula, 421"
412,PARQUE BURNIER.,10072296,15:15:00,9,0,0,0,2025-01-07T00:00:00.000Z,-43.329374790000,-21.763440430000,"Rua Adelaide Campos de Resende, 975"
412,PARQUE BURNIER.,10073561,15:15:00,7,0,0,0,2025-01-07T00:00:00.000Z,-43.331552510000,-21.763418910000,"Rua Olga Burnier, 480"
412,PARQUE BURNIER.,10073552,15:15:00,3,0,0,1,2025-01-07T00:00:00.000Z,-43.335479020000,-21.760313550000,"Rua São Geraldo, 84"
412,PARQUE BURNIER.,10071108,15:15:00,1,2,0,2,2025-01-07T00:00:00.000Z,-43.349331860000,-21.758144610000,"Avenida Getúlio Vargas, 835"
412,PARQUE BURNIER.,10073557,15:15:00,6,0,0,0,2025-01-07T00:00:00.000Z,-43.332479840000,-21.762640710000,"Rua Olga Burnier, 356"
412,PARQUE BURNIER.,10072301,15:15:00,8,0,0,0,2025-01-07T00:00:00.000Z,-43.330138330000,-21.763252970000,"Rua Adelaide Campos de Resende, 1061"
412,PARQUE BURNIER.,10072305,15:15:00,2,1,2,1,2025-01-07T00:00:00.000Z,-43.337478970000,-21.760922950000,"Rua Djalma de Carvalho, 37"
412,PARQUE BURNIER.,10073560,15:15:00,5,0,1,0,2025-01-07T00:00:00.000Z,-43.333589670000,-21.761652280000,"Rua Olga Burnier, 230"
412,PARQUE BURNIER.,10072335,15:50:00,12,0,0,7,2025-01-07T00:00:00.000Z,-43.333453420000,-21.761562350000,"Rua Olga Burnier, 233"
412,PARQUE BURNIER.,10072362,15:50:00,3,1,1,3,2025-01-07T00:00:00.000Z,-43.327527760000,-21.762798310000,"Rua Natalino José de Paula, 310"
412,PARQUE BURNIER.,10072363,15:50:00,2,3,0,3,2025-01-07T00:00:00.000Z,-43.327885630000,-21.762179390000,"Rua Natalino José de Paula, 288"
412,PARQUE BURNIER.,10073584,15:50:00,8,4,1,6,2025-01-07T00:00:00.000Z,-43.329363350000,-21.763255450000,"Rua Adelaide Campos de Resende, 984"
412,PARQUE BURNIER.,10072337,15:50:00,13,0,0,7,2025-01-07T00:00:00.000Z,-43.334540130000,-21.760522960000,"Rua Olga Burnier, 67"
412,PARQUE BURNIER.,10072302,15:50:00,15,0,3,4,2025-01-07T00:00:00.000Z,-43.338029500000,-21.760323850000,"Avenida Sete de Setembro, 623"
412,PARQUE BURNIER.,10072382,15:50:00,11,1,0,7,2025-01-07T00:00:00.000Z,-43.332369450000,-21.762522520000,"Rua Olga Burnier, 361"
412,PARQUE BURNIER.,10072380,15:50:00,10,0,0,6,2025-01-07T00:00:00.000Z,-43.331466790000,-21.763337580000,"Rua Olga Burnier, 485"
412,PARQUE BURNIER.,10073583,15:50:00,9,0,0,6,2025-01-07T00:00:00.000Z,-43.330207820000,-21.763072230000,"Rua Adelaide Campos de Resende, 1070"
412,PARQUE BURNIER.,10074194,15:50:00,16,19,4,19,2025-01-07T00:00:00.000Z,-43.342338620000,-21.760505960000,"Rua Ângelo Falci, 55"
412,PARQUE BURNIER.,10072332,15:50:00,14,0,0,7,2025-01-07T00:00:00.000Z,-43.335533860000,-21.760131640000,"Rua São Geraldo, 89"
412,PARQUE BURNIER.,10071108,15:50:00,17,0,19,0,2025-01-07T00:00:00.000Z,-43.349331860000,-21.758144610000,"Avenida Getúlio Vargas, 835"
412,PARQUE BURNIER.,10072384,15:50:00,6,0,0,3,2025-01-07T00:00:00.000Z,-43.327999480000,-21.763301540000,"Rua José Teodoro dos Santos, 126"
412,PARQUE BURNIER.,10073589,15:50:00,4,1,0,4,2025-01-07T00:00:00.000Z,-43.326568960000,-21.763629600000,"Rua Adelaide Campos de Resende, 706"
412,PARQUE BURNIER.,10072386,15:50:00,7,1,1,3,2025-01-07T00:00:00.000Z,-43.328850270000,-21.762325320000,"Rua José Teodoro dos Santos, 292"
412,PARQUE BURNIER.,10072309,15:50:00,5,0,1,3,2025-01-07T00:00:00.000Z,-43.327273730000,-21.763967940000,"Rua José Teodoro dos Santos, 28"
412,PARQUE BURNIER.,10072358,15:50:00,1,0,0,0,2025-01-07T00:00:00.000Z,-43.328687310000,-21.761675740000,"Rua Natalino José de Paula, 112 - Ponto Final do Parque Burnier"
412,PARQUE BURNIER.,10072305,16:10:00,2,4,0,46,2025-01-07T00:00:00.000Z,-43.337478970000,-21.760922950000,"Rua Djalma de Carvalho, 37"
412,PARQUE BURNIER.,10072313,16:10:00,10,0,3,36,2025-01-07T00:00:00.000Z,-43.328846690000,-21.762504770000,"Rua José Teodoro dos Santos, 275"
412,PARQUE BURNIER.,10072328,16:10:00,13,1,7,26,2025-01-07T00:00:00.000Z,-43.326450350000,-21.763683320000,"Rua Adelaide Campos de Resende, 669"
412,PARQUE BURNIER.,10072356,16:10:00,17,0,3,11,2025-01-07T00:00:00.000Z,-43.327793950000,-21.762107030000,"Rua Natalino José de Paula, 271"
412,PARQUE BURNIER.,10072358,16:10:00,18,0,0,11,2025-01-07T00:00:00.000Z,-43.328687310000,-21.761675740000,"Rua Natalino José de Paula, 112 - Ponto Final do Parque Burnier"
412,PARQUE BURNIER.,10072316,16:10:00,11,0,1,35,2025-01-07T00:00:00.000Z,-43.328204750000,-21.763332370000,"Rua José Teodoro dos Santos, 145"
412,PARQUE BURNIER.,10073552,16:10:00,3,0,2,44,2025-01-07T00:00:00.000Z,-43.335479020000,-21.760313550000,"Rua São Geraldo, 84"
412,PARQUE BURNIER.,10071503,16:10:00,15,0,5,15,2025-01-07T00:00:00.000Z,-43.326207040000,-21.762717810000,"Rua Natalino José de Paula, 421"
412,PARQUE BURNIER.,10073561,16:10:00,7,1,0,44,2025-01-07T00:00:00.000Z,-43.331552510000,-21.763418910000,"Rua Olga Burnier, 480"
412,PARQUE BURNIER.,10073560,16:10:00,5,0,1,43,2025-01-07T00:00:00.000Z,-43.333589670000,-21.761652280000,"Rua Olga Burnier, 230"
412,PARQUE BURNIER.,10072296,16:10:00,9,0,5,39,2025-01-07T00:00:00.000Z,-43.329374790000,-21.763440430000,"Rua Adelaide Campos de Resende, 975"
412,PARQUE BURNIER.,10072375,16:10:00,16,0,1,14,2025-01-07T00:00:00.000Z,-43.327420830000,-21.762727850000,"Rua Natalino José de Paula, 319"
412,PARQUE BURNIER.,10072359,16:10:00,14,1,7,20,2025-01-07T00:00:00.000Z,-43.326282500000,-21.763143540000,"Rua Adelaide Campos de Resende, 651"
412,PARQUE BURNIER.,10072301,16:10:00,8,0,0,44,2025-01-07T00:00:00.000Z,-43.330138330000,-21.763252970000,"Rua Adelaide Campos de Resende, 1061"
412,PARQUE BURNIER.,10072377,16:10:00,12,0,3,32,2025-01-07T00:00:00.000Z,-43.327321890000,-21.764062650000,"Rua José Teodoro dos Santos, 25"
412,PARQUE BURNIER.,10073557,16:10:00,6,0,0,43,2025-01-07T00:00:00.000Z,-43.332479840000,-21.762640710000,"Rua Olga Burnier, 356"
412,PARQUE BURNIER.,10073558,16:10:00,4,0,0,44,2025-01-07T00:00:00.000Z,-43.334645750000,-21.760669710000,"Rua Olga Burnier, 70"
412,PARQUE BURNIER.,10071108,16:10:00,1,42,0,42,2025-01-07T00:00:00.000Z,-43.349331860000,-21.758144610000,"Avenida Getúlio Vargas, 835"
412,PARQUE BURNIER.,10072332,16:45:00,14,0,1,6,2025-01-07T00:00:00.000Z,-43.335533860000,-21.760131640000,"Rua São Geraldo, 89"
412,PARQUE BURNIER.,10074194,16:45:00,16,13,3,13,2025-01-07T00:00:00.000Z,-43.342338620000,-21.760505960000,"Rua Ângelo Falci, 55"
412,PARQUE BURNIER.,10072335,16:45:00,12,0,0,7,2025-01-07T00:00:00.000Z,-43.333453420000,-21.761562350000,"Rua Olga Burnier, 233"
412,PARQUE BURNIER.,10073584,16:45:00,8,1,1,7,2025-01-07T00:00:00.000Z,-43.329363350000,-21.763255450000,"Rua Adelaide Campos de Resende, 984"
412,PARQUE BURNIER.,10072309,16:45:00,5,1,0,6,2025-01-07T00:00:00.000Z,-43.327273730000,-21.763967940000,"Rua José Teodoro dos Santos, 28"
412,PARQUE BURNIER.,10072384,16:45:00,6,0,0,6,2025-01-07T00:00:00.000Z,-43.327999480000,-21.763301540000,"Rua José Teodoro dos Santos, 126"
412,PARQUE BURNIER.,10072337,16:45:00,13,0,0,7,2025-01-07T00:00:00.000Z,-43.334540130000,-21.760522960000,"Rua Olga Burnier, 67"
412,PARQUE BURNIER.,10072382,16:45:00,11,0,0,7,2025-01-07T00:00:00.000Z,-43.332369450000,-21.762522520000,"Rua Olga Burnier, 361"
412,PARQUE BURNIER.,10072302,16:45:00,15,1,4,3,2025-01-07T00:00:00.000Z,-43.338029500000,-21.760323850000,"Avenida Sete de Setembro, 623"
412,PARQUE BURNIER.,10072362,16:45:00,3,2,0,3,2025-01-07T00:00:00.000Z,-43.327527760000,-21.762798310000,"Rua Natalino José de Paula, 310"
412,PARQUE BURNIER.,10071108,16:45:00,17,0,13,0,2025-01-07T00:00:00.000Z,-43.349331860000,-21.758144610000,"Avenida Getúlio Vargas, 835"
412,PARQUE BURNIER.,10073583,16:45:00,9,0,0,7,2025-01-07T00:00:00.000Z,-43.330207820000,-21.763072230000,"Rua Adelaide Campos de Resende, 1070"
412,PARQUE BURNIER.,10072386,16:45:00,7,1,0,7,2025-01-07T00:00:00.000Z,-43.328850270000,-21.762325320000,"Rua José Teodoro dos Santos, 292"
412,PARQUE BURNIER.,10072380,16:45:00,10,0,0,7,2025-01-07T00:00:00.000Z,-43.331466790000,-21.763337580000,"Rua Olga Burnier, 485"
412,PARQUE BURNIER.,10073589,16:45:00,4,2,0,5,2025-01-07T00:00:00.000Z,-43.326568960000,-21.763629600000,"Rua Adelaide Campos de Resende, 706"
412,PARQUE BURNIER.,10072363,16:45:00,2,1,0,1,2025-01-07T00:00:00.000Z,-43.327885630000,-21.762179390000,"Rua Natalino José de Paula, 288"
412,PARQUE BURNIER.,10072358,16:45:00,1,0,0,0,2025-01-07T00:00:00.000Z,-43.328687310000,-21.761675740000,"Rua Natalino José de Paula, 112 - Ponto Final do Parque Burnier"
412,PARQUE BURNIER.,10071503,17:05:00,15,0,2,3,2025-01-07T00:00:00.000Z,-43.326207040000,-21.762717810000,"Rua Natalino José de Paula, 421"
412,PARQUE BURNIER.,10072328,17:05:00,13,0,3,8,2025-01-07T00:00:00.000Z,-43.326450350000,-21.763683320000,"Rua Adelaide Campos de Resende, 669"
412,PARQUE BURNIER.,10073552,17:05:00,3,0,1,20,2025-01-07T00:00:00.000Z,-43.335479020000,-21.760313550000,"Rua São Geraldo, 84"
412,PARQUE BURNIER.,10073560,17:05:00,5,0,0,20,2025-01-07T00:00:00.000Z,-43.333589670000,-21.761652280000,"Rua Olga Burnier, 230"
412,PARQUE BURNIER.,10073561,17:05:00,7,0,2,18,2025-01-07T00:00:00.000Z,-43.331552510000,-21.763418910000,"Rua Olga Burnier, 480"
412,PARQUE BURNIER.,10072377,17:05:00,12,0,2,11,2025-01-07T00:00:00.000Z,-43.327321890000,-21.764062650000,"Rua José Teodoro dos Santos, 25"
412,PARQUE BURNIER.,10072375,17:05:00,16,0,3,0,2025-01-07T00:00:00.000Z,-43.327420830000,-21.762727850000,"Rua Natalino José de Paula, 319"
412,PARQUE BURNIER.,10072359,17:05:00,14,0,3,5,2025-01-07T00:00:00.000Z,-43.326282500000,-21.763143540000,"Rua Adelaide Campos de Resende, 651"
412,PARQUE BURNIER.,10072358,17:05:00,18,3,0,3,2025-01-07T00:00:00.000Z,-43.328687310000,-21.761675740000,"Rua Natalino José de Paula, 112 - Ponto Final do Parque Burnier"
412,PARQUE BURNIER.,10073557,17:05:00,6,0,0,20,2025-01-07T00:00:00.000Z,-43.332479840000,-21.762640710000,"Rua Olga Burnier, 356"
412,PARQUE BURNIER.,10072305,17:05:00,2,3,2,21,2025-01-07T00:00:00.000Z,-43.337478970000,-21.760922950000,"Rua Djalma de Carvalho, 37"
412,PARQUE BURNIER.,10072301,17:05:00,8,1,2,17,2025-01-07T00:00:00.000Z,-43.330138330000,-21.763252970000,"Rua Adelaide Campos de Resende, 1061"
412,PARQUE BURNIER.,10072313,17:05:00,10,0,1,13,2025-01-07T00:00:00.000Z,-43.328846690000,-21.762504770000,"Rua José Teodoro dos Santos, 275"
412,PARQUE BURNIER.,10073558,17:05:00,4,0,0,20,2025-01-07T00:00:00.000Z,-43.334645750000,-21.760669710000,"Rua Olga Burnier, 70"
412,PARQUE BURNIER.,10072356,17:05:00,17,0,0,0,2025-01-07T00:00:00.000Z,-43.327793950000,-21.762107030000,"Rua Natalino José de Paula, 271"
412,PARQUE BURNIER.,10072316,17:05:00,11,0,0,13,2025-01-07T00:00:00.000Z,-43.328204750000,-21.763332370000,"Rua José Teodoro dos Santos, 145"
412,PARQUE BURNIER.,10072296,17:05:00,9,0,3,14,2025-01-07T00:00:00.000Z,-43.329374790000,-21.763440430000,"Rua Adelaide Campos de Resende, 975"
412,PARQUE BURNIER.,10071108,17:05:00,1,20,0,20,2025-01-07T00:00:00.000Z,-43.349331860000,-21.758144610000,"Avenida Getúlio Vargas, 835"
412,PARQUE BURNIER.,10073584,17:40:00,8,0,1,2,2025-01-07T00:00:00.000Z,-43.329363350000,-21.763255450000,"Rua Adelaide Campos de Resende, 984"
412,PARQUE BURNIER.,10072337,17:40:00,13,0,0,2,2025-01-07T00:00:00.000Z,-43.334540130000,-21.760522960000,"Rua Olga Burnier, 67"
412,PARQUE BURNIER.,10073583,17:40:00,9,1,0,3,2025-01-07T00:00:00.000Z,-43.330207820000,-21.763072230000,"Rua Adelaide Campos de Resende, 1070"
412,PARQUE BURNIER.,10072309,17:40:00,5,0,1,2,2025-01-07T00:00:00.000Z,-43.327273730000,-21.763967940000,"Rua José Teodoro dos Santos, 28"
412,PARQUE BURNIER.,10074194,17:40:00,16,20,2,20,2025-01-07T00:00:00.000Z,-43.342338620000,-21.760505960000,"Rua Ângelo Falci, 55"
412,PARQUE BURNIER.,10071108,17:40:00,17,0,20,0,2025-01-07T00:00:00.000Z,-43.349331860000,-21.758144610000,"Avenida Getúlio Vargas, 835"
412,PARQUE BURNIER.,10072380,17:40:00,10,0,0,3,2025-01-07T00:00:00.000Z,-43.331466790000,-21.763337580000,"Rua Olga Burnier, 485"
412,PARQUE BURNIER.,10072363,17:40:00,2,1,0,1,2025-01-07T00:00:00.000Z,-43.327885630000,-21.762179390000,"Rua Natalino José de Paula, 288"
412,PARQUE BURNIER.,10073589,17:40:00,4,0,0,3,2025-01-07T00:00:00.000Z,-43.326568960000,-21.763629600000,"Rua Adelaide Campos de Resende, 706"
412,PARQUE BURNIER.,10072384,17:40:00,6,1,0,3,2025-01-07T00:00:00.000Z,-43.327999480000,-21.763301540000,"Rua José Teodoro dos Santos, 126"
412,PARQUE BURNIER.,10072332,17:40:00,14,0,0,2,2025-01-07T00:00:00.000Z,-43.335533860000,-21.760131640000,"Rua São Geraldo, 89"
412,PARQUE BURNIER.,10072335,17:40:00,12,0,1,2,2025-01-07T00:00:00.000Z,-43.333453420000,-21.761562350000,"Rua Olga Burnier, 233"
412,PARQUE BURNIER.,10072302,17:40:00,15,2,2,2,2025-01-07T00:00:00.000Z,-43.338029500000,-21.760323850000,"Avenida Sete de Setembro, 623"
412,PARQUE BURNIER.,10072382,17:40:00,11,0,0,3,2025-01-07T00:00:00.000Z,-43.332369450000,-21.762522520000,"Rua Olga Burnier, 361"
412,PARQUE BURNIER.,10072386,17:40:00,7,1,1,3,2025-01-07T00:00:00.000Z,-43.328850270000,-21.762325320000,"Rua José Teodoro dos Santos, 292"
412,PARQUE BURNIER.,10072362,17:40:00,3,3,1,3,2025-01-07T00:00:00.000Z,-43.327527760000,-21.762798310000,"Rua Natalino José de Paula, 310"
412,PARQUE BURNIER.,10072358,17:40:00,1,0,0,0,2025-01-07T00:00:00.000Z,-43.328687310000,-21.761675740000,"Rua Natalino José de Paula, 112 - Ponto Final do Parque Burnier"
412,PARQUE BURNIER.,10072375,18:00:00,16,0,4,3,2025-01-07T00:00:00.000Z,-43.327420830000,-21.762727850000,"Rua Natalino José de Paula, 319"
412,PARQUE BURNIER.,10073558,18:00:00,4,0,1,11,2025-01-07T00:00:00.000Z,-43.334645750000,-21.760669710000,"Rua Olga Burnier, 70"
412,PARQUE BURNIER.,10072301,18:00:00,8,0,0,10,2025-01-07T00:00:00.000Z,-43.330138330000,-21.763252970000,"Rua Adelaide Campos de Resende, 1061"
412,PARQUE BURNIER.,10072359,18:00:00,14,0,0,6,2025-01-07T00:00:00.000Z,-43.326282500000,-21.763143540000,"Rua Adelaide Campos de Resende, 651"
412,PARQUE BURNIER.,10072377,18:00:00,12,0,0,6,2025-01-07T00:00:00.000Z,-43.327321890000,-21.764062650000,"Rua José Teodoro dos Santos, 25"
412,PARQUE BURNIER.,10072356,18:00:00,17,0,0,3,2025-01-07T00:00:00.000Z,-43.327793950000,-21.762107030000,"Rua Natalino José de Paula, 271"
412,PARQUE BURNIER.,10071503,18:00:00,15,1,0,7,2025-01-07T00:00:00.000Z,-43.326207040000,-21.762717810000,"Rua Natalino José de Paula, 421"
412,PARQUE BURNIER.,10072328,18:00:00,13,0,0,6,2025-01-07T00:00:00.000Z,-43.326450350000,-21.763683320000,"Rua Adelaide Campos de Resende, 669"
412,PARQUE BURNIER.,10072358,18:00:00,18,2,0,5,2025-01-07T00:00:00.000Z,-43.328687310000,-21.761675740000,"Rua Natalino José de Paula, 112 - Ponto Final do Parque Burnier"
412,PARQUE BURNIER.,10072316,18:00:00,11,0,2,6,2025-01-07T00:00:00.000Z,-43.328204750000,-21.763332370000,"Rua José Teodoro dos Santos, 145"
412,PARQUE BURNIER.,10073560,18:00:00,5,0,1,10,2025-01-07T00:00:00.000Z,-43.333589670000,-21.761652280000,"Rua Olga Burnier, 230"
412,PARQUE BURNIER.,10073561,18:00:00,7,0,0,10,2025-01-07T00:00:00.000Z,-43.331552510000,-21.763418910000,"Rua Olga Burnier, 480"
412,PARQUE BURNIER.,10072296,18:00:00,9,0,2,8,2025-01-07T00:00:00.000Z,-43.329374790000,-21.763440430000,"Rua Adelaide Campos de Resende, 975"
412,PARQUE BURNIER.,10072313,18:00:00,10,0,0,8,2025-01-07T00:00:00.000Z,-43.328846690000,-21.762504770000,"Rua José Teodoro dos Santos, 275"
412,PARQUE BURNIER.,10073557,18:00:00,6,0,0,10,2025-01-07T00:00:00.000Z,-43.332479840000,-21.762640710000,"Rua Olga Burnier, 356"
412,PARQUE BURNIER.,10072305,18:00:00,2,0,4,12,2025-01-07T00:00:00.000Z,-43.337478970000,-21.760922950000,"Rua Djalma de Carvalho, 37"
412,PARQUE BURNIER.,10071108,18:00:00,1,16,0,16,2025-01-07T00:00:00.000Z,-43.349331860000,-21.758144610000,"Avenida Getúlio Vargas, 835"
412,PARQUE BURNIER.,10073552,18:00:00,3,0,0,12,2025-01-07T00:00:00.000Z,-43.335479020000,-21.760313550000,"Rua São Geraldo, 84"
412,PARQUE BURNIER.,10072363,18:35:00,2,0,0,0,2025-01-07T00:00:00.000Z,-43.327885630000,-21.762179390000,"Rua Natalino José de Paula, 288"
412,PARQUE BURNIER.,10074194,18:35:00,16,20,2,20,2025-01-07T00:00:00.000Z,-43.342338620000,-21.760505960000,"Rua Ângelo Falci, 55"
412,PARQUE BURNIER.,10072380,18:35:00,10,0,0,1,2025-01-07T00:00:00.000Z,-43.331466790000,-21.763337580000,"Rua Olga Burnier, 485"
412,PARQUE BURNIER.,10072332,18:35:00,14,0,1,0,2025-01-07T00:00:00.000Z,-43.335533860000,-21.760131640000,"Rua São Geraldo, 89"
412,PARQUE BURNIER.,10071108,18:35:00,17,0,19,1,2025-01-07T00:00:00.000Z,-43.349331860000,-21.758144610000,"Avenida Getúlio Vargas, 835"
412,PARQUE BURNIER.,10072382,18:35:00,11,0,0,1,2025-01-07T00:00:00.000Z,-43.332369450000,-21.762522520000,"Rua Olga Burnier, 361"
412,PARQUE BURNIER.,10072337,18:35:00,13,0,0,1,2025-01-07T00:00:00.000Z,-43.334540130000,-21.760522960000,"Rua Olga Burnier, 67"
412,PARQUE BURNIER.,10072309,18:35:00,5,0,0,1,2025-01-07T00:00:00.000Z,-43.327273730000,-21.763967940000,"Rua José Teodoro dos Santos, 28"
412,PARQUE BURNIER.,10072302,18:35:00,15,2,0,2,2025-01-07T00:00:00.000Z,-43.338029500000,-21.760323850000,"Avenida Sete de Setembro, 623"
412,PARQUE BURNIER.,10073583,18:35:00,9,0,0,1,2025-01-07T00:00:00.000Z,-43.330207820000,-21.763072230000,"Rua Adelaide Campos de Resende, 1070"
412,PARQUE BURNIER.,10072386,18:35:00,7,1,0,2,2025-01-07T00:00:00.000Z,-43.328850270000,-21.762325320000,"Rua José Teodoro dos Santos, 292"
412,PARQUE BURNIER.,10072362,18:35:00,3,1,0,1,2025-01-07T00:00:00.000Z,-43.327527760000,-21.762798310000,"Rua Natalino José de Paula, 310"
412,PARQUE BURNIER.,10072335,18:35:00,12,0,0,1,2025-01-07T00:00:00.000Z,-43.333453420000,-21.761562350000,"Rua Olga Burnier, 233"
412,PARQUE BURNIER.,10073584,18:35:00,8,0,1,1,2025-01-07T00:00:00.000Z,-43.329363350000,-21.763255450000,"Rua Adelaide Campos de Resende, 984"
412,PARQUE BURNIER.,10072384,18:35:00,6,0,0,1,2025-01-07T00:00:00.000Z,-43.327999480000,-21.763301540000,"Rua José Teodoro dos Santos, 126"
412,PARQUE BURNIER.,10073589,18:35:00,4,0,0,1,2025-01-07T00:00:00.000Z,-43.326568960000,-21.763629600000,"Rua Adelaide Campos de Resende, 706"
412,PARQUE BURNIER.,10072358,18:35:00,1,0,0,0,2025-01-07T00:00:00.000Z,-43.328687310000,-21.761675740000,"Rua Natalino José de Paula, 112 - Ponto Final do Parque Burnier"
412,PARQUE BURNIER.,10072305,18:55:00,2,0,2,4,2025-01-07T00:00:00.000Z,-43.337478970000,-21.760922950000,"Rua Djalma de Carvalho, 37"
412,PARQUE BURNIER.,10072356,18:55:00,17,0,0,3,2025-01-07T00:00:00.000Z,-43.327793950000,-21.762107030000,"Rua Natalino José de Paula, 271"
412,PARQUE BURNIER.,10072359,18:55:00,14,0,0,3,2025-01-07T00:00:00.000Z,-43.326282500000,-21.763143540000,"Rua Adelaide Campos de Resende, 651"
412,PARQUE BURNIER.,10072375,18:55:00,16,0,0,3,2025-01-07T00:00:00.000Z,-43.327420830000,-21.762727850000,"Rua Natalino José de Paula, 319"
412,PARQUE BURNIER.,10072358,18:55:00,18,1,0,4,2025-01-07T00:00:00.000Z,-43.328687310000,-21.761675740000,"Rua Natalino José de Paula, 112 - Ponto Final do Parque Burnier"
412,PARQUE BURNIER.,10072296,18:55:00,9,0,0,3,2025-01-07T00:00:00.000Z,-43.329374790000,-21.763440430000,"Rua Adelaide Campos de Resende, 975"
412,PARQUE BURNIER.,10072328,18:55:00,13,0,0,3,2025-01-07T00:00:00.000Z,-43.326450350000,-21.763683320000,"Rua Adelaide Campos de Resende, 669"
412,PARQUE BURNIER.,10072377,18:55:00,12,0,0,3,2025-01-07T00:00:00.000Z,-43.327321890000,-21.764062650000,"Rua José Teodoro dos Santos, 25"
412,PARQUE BURNIER.,10072301,18:55:00,8,0,0,3,2025-01-07T00:00:00.000Z,-43.330138330000,-21.763252970000,"Rua Adelaide Campos de Resende, 1061"
412,PARQUE BURNIER.,10073558,18:55:00,4,0,0,4,2025-01-07T00:00:00.000Z,-43.334645750000,-21.760669710000,"Rua Olga Burnier, 70"
412,PARQUE BURNIER.,10072313,18:55:00,10,0,0,3,2025-01-07T00:00:00.000Z,-43.328846690000,-21.762504770000,"Rua José Teodoro dos Santos, 275"
412,PARQUE BURNIER.,10073557,18:55:00,6,0,0,3,2025-01-07T00:00:00.000Z,-43.332479840000,-21.762640710000,"Rua Olga Burnier, 356"
412,PARQUE BURNIER.,10071503,18:55:00,15,0,0,3,2025-01-07T00:00:00.000Z,-43.326207040000,-21.762717810000,"Rua Natalino José de Paula, 421"
412,PARQUE BURNIER.,10072316,18:55:00,11,0,0,3,2025-01-07T00:00:00.000Z,-43.328204750000,-21.763332370000,"Rua José Teodoro dos Santos, 145"
412,PARQUE BURNIER.,10073561,18:55:00,7,0,0,3,2025-01-07T00:00:00.000Z,-43.331552510000,-21.763418910000,"Rua Olga Burnier, 480"
412,PARQUE BURNIER.,10073560,18:55:00,5,0,1,3,2025-01-07T00:00:00.000Z,-43.333589670000,-21.761652280000,"Rua Olga Burnier, 230"
412,PARQUE BURNIER.,10073552,18:55:00,3,0,0,4,2025-01-07T00:00:00.000Z,-43.335479020000,-21.760313550000,"Rua São Geraldo, 84"
412,PARQUE BURNIER.,10071108,18:55:00,1,6,0,6,2025-01-07T00:00:00.000Z,-43.349331860000,-21.758144610000,"Avenida Getúlio Vargas, 835"
412,PARQUE BURNIER.,10072332,19:30:00,14,0,0,1,2025-01-07T00:00:00.000Z,-43.335533860000,-21.760131640000,"Rua São Geraldo, 89"
412,PARQUE BURNIER.,10074194,19:30:00,16,4,0,7,2025-01-07T00:00:00.000Z,-43.342338620000,-21.760505960000,"Rua Ângelo Falci, 55"
412,PARQUE BURNIER.,10072335,19:30:00,12,1,0,1,2025-01-07T00:00:00.000Z,-43.333453420000,-21.761562350000,"Rua Olga Burnier, 233"
412,PARQUE BURNIER.,10072362,19:30:00,3,0,0,0,2025-01-07T00:00:00.000Z,-43.327527760000,-21.762798310000,"Rua Natalino José de Paula, 310"
412,PARQUE BURNIER.,10072380,19:30:00,10,0,0,0,2025-01-07T00:00:00.000Z,-43.331466790000,-21.763337580000,"Rua Olga Burnier, 485"
412,PARQUE BURNIER.,10071108,19:30:00,17,0,5,2,2025-01-07T00:00:00.000Z,-43.349331860000,-21.758144610000,"Avenida Getúlio Vargas, 835"
412,PARQUE BURNIER.,10072363,19:30:00,2,0,0,0,2025-01-07T00:00:00.000Z,-43.327885630000,-21.762179390000,"Rua Natalino José de Paula, 288"
412,PARQUE BURNIER.,10073589,19:30:00,4,0,0,0,2025-01-07T00:00:00.000Z,-43.326568960000,-21.763629600000,"Rua Adelaide Campos de Resende, 706"
412,PARQUE BURNIER.,10073584,19:30:00,8,0,0,0,2025-01-07T00:00:00.000Z,-43.329363350000,-21.763255450000,"Rua Adelaide Campos de Resende, 984"
412,PARQUE BURNIER.,10072386,19:30:00,7,0,0,0,2025-01-07T00:00:00.000Z,-43.328850270000,-21.762325320000,"Rua José Teodoro dos Santos, 292"
412,PARQUE BURNIER.,10072302,19:30:00,15,2,0,3,2025-01-07T00:00:00.000Z,-43.338029500000,-21.760323850000,"Avenida Sete de Setembro, 623"
412,PARQUE BURNIER.,10072384,19:30:00,6,0,0,0,2025-01-07T00:00:00.000Z,-43.327999480000,-21.763301540000,"Rua José Teodoro dos Santos, 126"
412,PARQUE BURNIER.,10072337,19:30:00,13,0,0,1,2025-01-07T00:00:00.000Z,-43.334540130000,-21.760522960000,"Rua Olga Burnier, 67"
412,PARQUE BURNIER.,10072382,19:30:00,11,0,0,0,2025-01-07T00:00:00.000Z,-43.332369450000,-21.762522520000,"Rua Olga Burnier, 361"
412,PARQUE BURNIER.,10073583,19:30:00,9,0,0,0,2025-01-07T00:00:00.000Z,-43.330207820000,-21.763072230000,"Rua Adelaide Campos de Resende, 1070"
412,PARQUE BURNIER.,10072309,19:30:00,5,0,0,0,2025-01-07T00:00:00.000Z,-43.327273730000,-21.763967940000,"Rua José Teodoro dos Santos, 28"
412,PARQUE BURNIER.,10072358,19:30:00,1,0,0,0,2025-01-07T00:00:00.000Z,-43.328687310000,-21.761675740000,"Rua Natalino José de Paula, 112 - Ponto Final do Parque Burnier"
412,PARQUE BURNIER.,10072358,19:50:00,18,1,0,6,2025-01-07T00:00:00.000Z,-43.328687310000,-21.761675740000,"Rua Natalino José de Paula, 112 - Ponto Final do Parque Burnier"
412,PARQUE BURNIER.,10072328,19:50:00,13,0,0,9,2025-01-07T00:00:00.000Z,-43.326450350000,-21.763683320000,"Rua Adelaide Campos de Resende, 669"
412,PARQUE BURNIER.,10071503,19:50:00,15,0,2,7,2025-01-07T00:00:00.000Z,-43.326207040000,-21.762717810000,"Rua Natalino José de Paula, 421"
412,PARQUE BURNIER.,10072296,19:50:00,9,0,0,10,2025-01-07T00:00:00.000Z,-43.329374790000,-21.763440430000,"Rua Adelaide Campos de Resende, 975"
412,PARQUE BURNIER.,10072356,19:50:00,17,0,0,5,2025-01-07T00:00:00.000Z,-43.327793950000,-21.762107030000,"Rua Natalino José de Paula, 271"
412,PARQUE BURNIER.,10072316,19:50:00,11,0,0,9,2025-01-07T00:00:00.000Z,-43.328204750000,-21.763332370000,"Rua José Teodoro dos Santos, 145"
412,PARQUE BURNIER.,10073561,19:50:00,7,0,0,10,2025-01-07T00:00:00.000Z,-43.331552510000,-21.763418910000,"Rua Olga Burnier, 480"
412,PARQUE BURNIER.,10073560,19:50:00,5,0,0,11,2025-01-07T00:00:00.000Z,-43.333589670000,-21.761652280000,"Rua Olga Burnier, 230"
412,PARQUE BURNIER.,10073557,19:50:00,6,0,1,10,2025-01-07T00:00:00.000Z,-43.332479840000,-21.762640710000,"Rua Olga Burnier, 356"
412,PARQUE BURNIER.,10072313,19:50:00,10,0,1,9,2025-01-07T00:00:00.000Z,-43.328846690000,-21.762504770000,"Rua José Teodoro dos Santos, 275"
412,PARQUE BURNIER.,10072305,19:50:00,2,2,0,11,2025-01-07T00:00:00.000Z,-43.337478970000,-21.760922950000,"Rua Djalma de Carvalho, 37"
412,PARQUE BURNIER.,10072359,19:50:00,14,0,0,9,2025-01-07T00:00:00.000Z,-43.326282500000,-21.763143540000,"Rua Adelaide Campos de Resende, 651"
412,PARQUE BURNIER.,10073552,19:50:00,3,0,0,11,2025-01-07T00:00:00.000Z,-43.335479020000,-21.760313550000,"Rua São Geraldo, 84"
412,PARQUE BURNIER.,10072375,19:50:00,16,0,2,5,2025-01-07T00:00:00.000Z,-43.327420830000,-21.762727850000,"Rua Natalino José de Paula, 319"
412,PARQUE BURNIER.,10072377,19:50:00,12,0,0,9,2025-01-07T00:00:00.000Z,-43.327321890000,-21.764062650000,"Rua José Teodoro dos Santos, 25"
412,PARQUE BURNIER.,10072301,19:50:00,8,0,0,10,2025-01-07T00:00:00.000Z,-43.330138330000,-21.763252970000,"Rua Adelaide Campos de Resende, 1061"
412,PARQUE BURNIER.,10073558,19:50:00,4,0,0,11,2025-01-07T00:00:00.000Z,-43.334645750000,-21.760669710000,"Rua Olga Burnier, 70"
412,PARQUE BURNIER.,10071108,19:50:00,1,9,0,9,2025-01-07T00:00:00.000Z,-43.349331860000,-21.758144610000,"Avenida Getúlio Vargas, 835"
412,PARQUE BURNIER.,10073589,20:25:00,4,0,0,1,2025-01-07T00:00:00.000Z,-43.326568960000,-21.763629600000,"Rua Adelaide Campos de Resende, 706"
412,PARQUE BURNIER.,10072309,20:25:00,5,0,0,1,2025-01-07T00:00:00.000Z,-43.327273730000,-21.763967940000,"Rua José Teodoro dos Santos, 28"
412,PARQUE BURNIER.,10073583,20:25:00,9,0,0,2,2025-01-07T00:00:00.000Z,-43.330207820000,-21.763072230000,"Rua Adelaide Campos de Resende, 1070"
412,PARQUE BURNIER.,10072382,20:25:00,11,0,0,3,2025-01-07T00:00:00.000Z,-43.332369450000,-21.762522520000,"Rua Olga Burnier, 361"
412,PARQUE BURNIER.,10071108,20:25:00,17,0,3,4,2025-01-07T00:00:00.000Z,-43.349331860000,-21.758144610000,"Avenida Getúlio Vargas, 835"
412,PARQUE BURNIER.,10072386,20:25:00,7,1,0,2,2025-01-07T00:00:00.000Z,-43.328850270000,-21.762325320000,"Rua José Teodoro dos Santos, 292"
412,PARQUE BURNIER.,10074194,20:25:00,16,5,1,7,2025-01-07T00:00:00.000Z,-43.342338620000,-21.760505960000,"Rua Ângelo Falci, 55"
412,PARQUE BURNIER.,10072335,20:25:00,12,0,0,3,2025-01-07T00:00:00.000Z,-43.333453420000,-21.761562350000,"Rua Olga Burnier, 233"
412,PARQUE BURNIER.,10072337,20:25:00,13,0,0,3,2025-01-07T00:00:00.000Z,-43.334540130000,-21.760522960000,"Rua Olga Burnier, 67"
412,PARQUE BURNIER.,10072362,20:25:00,3,1,0,1,2025-01-07T00:00:00.000Z,-43.327527760000,-21.762798310000,"Rua Natalino José de Paula, 310"
412,PARQUE BURNIER.,10072302,20:25:00,15,0,0,3,2025-01-07T00:00:00.000Z,-43.338029500000,-21.760323850000,"Avenida Sete de Setembro, 623"
412,PARQUE BURNIER.,10072332,20:25:00,14,0,0,3,2025-01-07T00:00:00.000Z,-43.335533860000,-21.760131640000,"Rua São Geraldo, 89"
412,PARQUE BURNIER.,10072380,20:25:00,10,1,0,3,2025-01-07T00:00:00.000Z,-43.331466790000,-21.763337580000,"Rua Olga Burnier, 485"
412,PARQUE BURNIER.,10073584,20:25:00,8,0,0,2,2025-01-07T00:00:00.000Z,-43.329363350000,-21.763255450000,"Rua Adelaide Campos de Resende, 984"
412,PARQUE BURNIER.,10072384,20:25:00,6,0,0,1,2025-01-07T00:00:00.000Z,-43.327999480000,-21.763301540000,"Rua José Teodoro dos Santos, 126"
412,PARQUE BURNIER.,10072363,20:25:00,2,0,0,0,2025-01-07T00:00:00.000Z,-43.327885630000,-21.762179390000,"Rua Natalino José de Paula, 288"
412,PARQUE BURNIER.,10072358,20:25:00,1,0,0,0,2025-01-07T00:00:00.000Z,-43.328687310000,-21.761675740000,"Rua Natalino José de Paula, 112 - Ponto Final do Parque Burnier"
412,PARQUE BURNIER.,10072377,20:45:00,12,2,0,10,2025-01-07T00:00:00.000Z,-43.327321890000,-21.764062650000,"Rua José Teodoro dos Santos, 25"
412,PARQUE BURNIER.,10072358,20:45:00,18,0,0,6,2025-01-07T00:00:00.000Z,-43.328687310000,-21.761675740000,"Rua Natalino José de Paula, 112 - Ponto Final do Parque Burnier"
412,PARQUE BURNIER.,10072359,20:45:00,14,0,0,10,2025-01-07T00:00:00.000Z,-43.326282500000,-21.763143540000,"Rua Adelaide Campos de Resende, 651"
412,PARQUE BURNIER.,10072305,20:45:00,2,0,0,9,2025-01-07T00:00:00.000Z,-43.337478970000,-21.760922950000,"Rua Djalma de Carvalho, 37"
412,PARQUE BURNIER.,10072375,20:45:00,16,0,2,6,2025-01-07T00:00:00.000Z,-43.327420830000,-21.762727850000,"Rua Natalino José de Paula, 319"
412,PARQUE BURNIER.,10072313,20:45:00,10,0,1,8,2025-01-07T00:00:00.000Z,-43.328846690000,-21.762504770000,"Rua José Teodoro dos Santos, 275"
412,PARQUE BURNIER.,10072301,20:45:00,8,0,0,9,2025-01-07T00:00:00.000Z,-43.330138330000,-21.763252970000,"Rua Adelaide Campos de Resende, 1061"
412,PARQUE BURNIER.,10072356,20:45:00,17,0,0,6,2025-01-07T00:00:00.000Z,-43.327793950000,-21.762107030000,"Rua Natalino José de Paula, 271"
412,PARQUE BURNIER.,10073558,20:45:00,4,1,0,10,2025-01-07T00:00:00.000Z,-43.334645750000,-21.760669710000,"Rua Olga Burnier, 70"
412,PARQUE BURNIER.,10073557,20:45:00,6,0,1,9,2025-01-07T00:00:00.000Z,-43.332479840000,-21.762640710000,"Rua Olga Burnier, 356"
412,PARQUE BURNIER.,10071503,20:45:00,15,0,2,8,2025-01-07T00:00:00.000Z,-43.326207040000,-21.762717810000,"Rua Natalino José de Paula, 421"
412,PARQUE BURNIER.,10072316,20:45:00,11,0,0,8,2025-01-07T00:00:00.000Z,-43.328204750000,-21.763332370000,"Rua José Teodoro dos Santos, 145"
412,PARQUE BURNIER.,10072328,20:45:00,13,0,0,10,2025-01-07T00:00:00.000Z,-43.326450350000,-21.763683320000,"Rua Adelaide Campos de Resende, 669"
412,PARQUE BURNIER.,10072296,20:45:00,9,0,0,9,2025-01-07T00:00:00.000Z,-43.329374790000,-21.763440430000,"Rua Adelaide Campos de Resende, 975"
412,PARQUE BURNIER.,10073561,20:45:00,7,0,0,9,2025-01-07T00:00:00.000Z,-43.331552510000,-21.763418910000,"Rua Olga Burnier, 480"
412,PARQUE BURNIER.,10073560,20:45:00,5,0,0,10,2025-01-07T00:00:00.000Z,-43.333589670000,-21.761652280000,"Rua Olga Burnier, 230"
412,PARQUE BURNIER.,10073552,20:45:00,3,0,0,9,2025-01-07T00:00:00.000Z,-43.335479020000,-21.760313550000,"Rua São Geraldo, 84"
412,PARQUE BURNIER.,10071108,20:45:00,1,9,0,9,2025-01-07T00:00:00.000Z,-43.349331860000,-21.758144610000,"Avenida Getúlio Vargas, 835"
412,PARQUE BURNIER.,10072301,21:40:00,8,0,0,7,2025-01-07T00:00:00.000Z,-43.330138330000,-21.763252970000,"Rua Adelaide Campos de Resende, 1061"
412,PARQUE BURNIER.,10072313,21:40:00,10,0,0,7,2025-01-07T00:00:00.000Z,-43.328846690000,-21.762504770000,"Rua José Teodoro dos Santos, 275"
412,PARQUE BURNIER.,10073557,21:40:00,6,0,0,7,2025-01-07T00:00:00.000Z,-43.332479840000,-21.762640710000,"Rua Olga Burnier, 356"
412,PARQUE BURNIER.,10072305,21:40:00,2,0,0,7,2025-01-07T00:00:00.000Z,-43.337478970000,-21.760922950000,"Rua Djalma de Carvalho, 37"
412,PARQUE BURNIER.,10072356,21:40:00,17,0,0,7,2025-01-07T00:00:00.000Z,-43.327793950000,-21.762107030000,"Rua Natalino José de Paula, 271"
412,PARQUE BURNIER.,10072296,21:40:00,9,0,0,7,2025-01-07T00:00:00.000Z,-43.329374790000,-21.763440430000,"Rua Adelaide Campos de Resende, 975"
412,PARQUE BURNIER.,10073560,21:40:00,5,0,0,7,2025-01-07T00:00:00.000Z,-43.333589670000,-21.761652280000,"Rua Olga Burnier, 230"
412,PARQUE BURNIER.,10072377,21:40:00,12,0,0,7,2025-01-07T00:00:00.000Z,-43.327321890000,-21.764062650000,"Rua José Teodoro dos Santos, 25"
412,PARQUE BURNIER.,10072358,21:40:00,18,0,0,7,2025-01-07T00:00:00.000Z,-43.328687310000,-21.761675740000,"Rua Natalino José de Paula, 112 - Ponto Final do Parque Burnier"
412,PARQUE BURNIER.,10072375,21:40:00,16,0,0,7,2025-01-07T00:00:00.000Z,-43.327420830000,-21.762727850000,"Rua Natalino José de Paula, 319"
412,PARQUE BURNIER.,10073558,21:40:00,4,0,0,7,2025-01-07T00:00:00.000Z,-43.334645750000,-21.760669710000,"Rua Olga Burnier, 70"
412,PARQUE BURNIER.,10072359,21:40:00,14,0,0,7,2025-01-07T00:00:00.000Z,-43.326282500000,-21.763143540000,"Rua Adelaide Campos de Resende, 651"
412,PARQUE BURNIER.,10071503,21:40:00,15,0,0,7,2025-01-07T00:00:00.000Z,-43.326207040000,-21.762717810000,"Rua Natalino José de Paula, 421"
412,PARQUE BURNIER.,10072328,21:40:00,13,0,0,7,2025-01-07T00:00:00.000Z,-43.326450350000,-21.763683320000,"Rua Adelaide Campos de Resende, 669"
412,PARQUE BURNIER.,10072316,21:40:00,11,0,0,7,2025-01-07T00:00:00.000Z,-43.328204750000,-21.763332370000,"Rua José Teodoro dos Santos, 145"
412,PARQUE BURNIER.,10073561,21:40:00,7,0,0,7,2025-01-07T00:00:00.000Z,-43.331552510000,-21.763418910000,"Rua Olga Burnier, 480"
412,PARQUE BURNIER.,10073552,21:40:00,3,0,0,7,2025-01-07T00:00:00.000Z,-43.335479020000,-21.760313550000,"Rua São Geraldo, 84"
412,PARQUE BURNIER.,10071108,21:40:00,1,7,0,7,2025-01-07T00:00:00.000Z,-43.349331860000,-21.758144610000,"Avenida Getúlio Vargas, 835"
412,PARQUE BURNIER.,10072305,22:30:00,2,0,2,11,2025-01-07T00:00:00.000Z,-43.337478970000,-21.760922950000,"Rua Djalma de Carvalho, 37"
412,PARQUE BURNIER.,10073558,22:30:00,4,0,0,11,2025-01-07T00:00:00.000Z,-43.334645750000,-21.760669710000,"Rua Olga Burnier, 70"
412,PARQUE BURNIER.,10071503,22:30:00,15,0,0,0,2025-01-07T00:00:00.000Z,-43.326207040000,-21.762717810000,"Rua Natalino José de Paula, 421"
412,PARQUE BURNIER.,10073561,22:30:00,7,0,0,11,2025-01-07T00:00:00.000Z,-43.331552510000,-21.763418910000,"Rua Olga Burnier, 480"
412,PARQUE BURNIER.,10073552,22:30:00,3,0,0,11,2025-01-07T00:00:00.000Z,-43.335479020000,-21.760313550000,"Rua São Geraldo, 84"
412,PARQUE BURNIER.,10072359,22:30:00,14,0,1,0,2025-01-07T00:00:00.000Z,-43.326282500000,-21.763143540000,"Rua Adelaide Campos de Resende, 651"
412,PARQUE BURNIER.,10072377,22:30:00,12,0,1,5,2025-01-07T00:00:00.000Z,-43.327321890000,-21.764062650000,"Rua José Teodoro dos Santos, 25"
412,PARQUE BURNIER.,10072313,22:30:00,10,0,1,6,2025-01-07T00:00:00.000Z,-43.328846690000,-21.762504770000,"Rua José Teodoro dos Santos, 275"
412,PARQUE BURNIER.,10072358,22:30:00,18,0,0,0,2025-01-07T00:00:00.000Z,-43.328687310000,-21.761675740000,"Rua Natalino José de Paula, 112 - Ponto Final do Parque Burnier"
412,PARQUE BURNIER.,10072301,22:30:00,8,0,0,11,2025-01-07T00:00:00.000Z,-43.330138330000,-21.763252970000,"Rua Adelaide Campos de Resende, 1061"
412,PARQUE BURNIER.,10072375,22:30:00,16,0,0,0,2025-01-07T00:00:00.000Z,-43.327420830000,-21.762727850000,"Rua Natalino José de Paula, 319"
412,PARQUE BURNIER.,10072356,22:30:00,17,0,0,0,2025-01-07T00:00:00.000Z,-43.327793950000,-21.762107030000,"Rua Natalino José de Paula, 271"
412,PARQUE BURNIER.,10072328,22:30:00,13,0,4,1,2025-01-07T00:00:00.000Z,-43.326450350000,-21.763683320000,"Rua Adelaide Campos de Resende, 669"
412,PARQUE BURNIER.,10072316,22:30:00,11,0,0,6,2025-01-07T00:00:00.000Z,-43.328204750000,-21.763332370000,"Rua José Teodoro dos Santos, 145"
412,PARQUE BURNIER.,10072296,22:30:00,9,0,4,7,2025-01-07T00:00:00.000Z,-43.329374790000,-21.763440430000,"Rua Adelaide Campos de Resende, 975"
412,PARQUE BURNIER.,10073560,22:30:00,5,0,0,11,2025-01-07T00:00:00.000Z,-43.333589670000,-21.761652280000,"Rua Olga Burnier, 230"
412,PARQUE BURNIER.,10071108,22:30:00,1,13,0,13,2025-01-07T00:00:00.000Z,-43.349331860000,-21.758144610000,"Avenida Getúlio Vargas, 835"
412,PARQUE BURNIER.,10073557,22:30:00,6,0,0,11,2025-01-07T00:00:00.000Z,-43.332479840000,-21.762640710000,"Rua Olga Burnier, 356"
412,PARQUE BURNIER.,10072358,05:30:00,1,0,0,0,2025-01-08T00:00:00.000Z,-43.328687310000,-21.761675740000,"Rua Natalino José de Paula, 112 - Ponto Final do Parque Burnier"
412,PARQUE BURNIER.,10073584,05:30:00,8,2,0,10,2025-01-08T00:00:00.000Z,-43.329363350000,-21.763255450000,"Rua Adelaide Campos de Resende, 984"
412,PARQUE BURNIER.,10072332,05:30:00,14,1,0,11,2025-01-08T00:00:00.000Z,-43.335533860000,-21.760131640000,"Rua São Geraldo, 89"
412,PARQUE BURNIER.,10072380,05:30:00,10,0,0,10,2025-01-08T00:00:00.000Z,-43.331466790000,-21.763337580000,"Rua Olga Burnier, 485"
412,PARQUE BURNIER.,10073589,05:30:00,4,4,0,6,2025-01-08T00:00:00.000Z,-43.326568960000,-21.763629600000,"Rua Adelaide Campos de Resende, 706"
412,PARQUE BURNIER.,10072335,05:30:00,12,0,0,10,2025-01-08T00:00:00.000Z,-43.333453420000,-21.761562350000,"Rua Olga Burnier, 233"
412,PARQUE BURNIER.,10072337,05:30:00,13,0,0,10,2025-01-08T00:00:00.000Z,-43.334540130000,-21.760522960000,"Rua Olga Burnier, 67"
412,PARQUE BURNIER.,10072384,05:30:00,6,1,0,8,2025-01-08T00:00:00.000Z,-43.327999480000,-21.763301540000,"Rua José Teodoro dos Santos, 126"
412,PARQUE BURNIER.,10072362,05:30:00,3,1,0,2,2025-01-08T00:00:00.000Z,-43.327527760000,-21.762798310000,"Rua Natalino José de Paula, 310"
412,PARQUE BURNIER.,10072309,05:30:00,5,1,0,7,2025-01-08T00:00:00.000Z,-43.327273730000,-21.763967940000,"Rua José Teodoro dos Santos, 28"
412,PARQUE BURNIER.,10074194,05:30:00,16,0,2,8,2025-01-08T00:00:00.000Z,-43.342338620000,-21.760505960000,"Rua Ângelo Falci, 55"
412,PARQUE BURNIER.,10072382,05:30:00,11,0,0,10,2025-01-08T00:00:00.000Z,-43.332369450000,-21.762522520000,"Rua Olga Burnier, 361"
412,PARQUE BURNIER.,10071108,05:30:00,17,0,2,6,2025-01-08T00:00:00.000Z,-43.349331860000,-21.758144610000,"Avenida Getúlio Vargas, 835"
412,PARQUE BURNIER.,10073583,05:30:00,9,0,0,10,2025-01-08T00:00:00.000Z,-43.330207820000,-21.763072230000,"Rua Adelaide Campos de Resende, 1070"
412,PARQUE BURNIER.,10072302,05:30:00,15,0,1,10,2025-01-08T00:00:00.000Z,-43.338029500000,-21.760323850000,"Avenida Sete de Setembro, 623"
412,PARQUE BURNIER.,10072386,05:30:00,7,0,0,8,2025-01-08T00:00:00.000Z,-43.328850270000,-21.762325320000,"Rua José Teodoro dos Santos, 292"
412,PARQUE BURNIER.,10072363,05:30:00,2,1,0,1,2025-01-08T00:00:00.000Z,-43.327885630000,-21.762179390000,"Rua Natalino José de Paula, 288"
412,PARQUE BURNIER.,10072301,05:51:00,8,0,0,0,2025-01-08T00:00:00.000Z,-43.330138330000,-21.763252970000,"Rua Adelaide Campos de Resende, 1061"
412,PARQUE BURNIER.,10072305,05:51:00,2,0,3,2,2025-01-08T00:00:00.000Z,-43.337478970000,-21.760922950000,"Rua Djalma de Carvalho, 37"
412,PARQUE BURNIER.,10072313,05:51:00,10,0,0,0,2025-01-08T00:00:00.000Z,-43.328846690000,-21.762504770000,"Rua José Teodoro dos Santos, 275"
412,PARQUE BURNIER.,10071503,05:51:00,15,0,0,0,2025-01-08T00:00:00.000Z,-43.326207040000,-21.762717810000,"Rua Natalino José de Paula, 421"
412,PARQUE BURNIER.,10072296,05:51:00,9,0,0,0,2025-01-08T00:00:00.000Z,-43.329374790000,-21.763440430000,"Rua Adelaide Campos de Resende, 975"
412,PARQUE BURNIER.,10072328,05:51:00,13,0,0,0,2025-01-08T00:00:00.000Z,-43.326450350000,-21.763683320000,"Rua Adelaide Campos de Resende, 669"
412,PARQUE BURNIER.,10072356,05:51:00,17,0,0,0,2025-01-08T00:00:00.000Z,-43.327793950000,-21.762107030000,"Rua Natalino José de Paula, 271"
412,PARQUE BURNIER.,10073561,05:51:00,7,0,0,0,2025-01-08T00:00:00.000Z,-43.331552510000,-21.763418910000,"Rua Olga Burnier, 480"
412,PARQUE BURNIER.,10073557,05:51:00,6,0,0,0,2025-01-08T00:00:00.000Z,-43.332479840000,-21.762640710000,"Rua Olga Burnier, 356"
412,PARQUE BURNIER.,10073558,05:51:00,4,0,1,0,2025-01-08T00:00:00.000Z,-43.334645750000,-21.760669710000,"Rua Olga Burnier, 70"
412,PARQUE BURNIER.,10072375,05:51:00,16,0,0,0,2025-01-08T00:00:00.000Z,-43.327420830000,-21.762727850000,"Rua Natalino José de Paula, 319"
412,PARQUE BURNIER.,10072316,05:51:00,11,0,0,0,2025-01-08T00:00:00.000Z,-43.328204750000,-21.763332370000,"Rua José Teodoro dos Santos, 145"
412,PARQUE BURNIER.,10072358,05:51:00,18,18,0,18,2025-01-08T00:00:00.000Z,-43.328687310000,-21.761675740000,"Rua Natalino José de Paula, 112 - Ponto Final do Parque Burnier"
412,PARQUE BURNIER.,10072377,05:51:00,12,0,0,0,2025-01-08T00:00:00.000Z,-43.327321890000,-21.764062650000,"Rua José Teodoro dos Santos, 25"
412,PARQUE BURNIER.,10071108,05:51:00,1,5,0,5,2025-01-08T00:00:00.000Z,-43.349331860000,-21.758144610000,"Avenida Getúlio Vargas, 835"
412,PARQUE BURNIER.,10072359,05:51:00,14,0,0,0,2025-01-08T00:00:00.000Z,-43.326282500000,-21.763143540000,"Rua Adelaide Campos de Resende, 651"
412,PARQUE BURNIER.,10073560,05:51:00,5,0,0,0,2025-01-08T00:00:00.000Z,-43.333589670000,-21.761652280000,"Rua Olga Burnier, 230"
412,PARQUE BURNIER.,10073552,05:51:00,3,0,1,1,2025-01-08T00:00:00.000Z,-43.335479020000,-21.760313550000,"Rua São Geraldo, 84"
412,PARQUE BURNIER.,10071108,06:17:00,17,0,4,17,2025-01-08T00:00:00.000Z,-43.349331860000,-21.758144610000,"Avenida Getúlio Vargas, 835"
412,PARQUE BURNIER.,10073583,06:17:00,9,2,0,18,2025-01-08T00:00:00.000Z,-43.330207820000,-21.763072230000,"Rua Adelaide Campos de Resende, 1070"
412,PARQUE BURNIER.,10072332,06:17:00,14,1,0,23,2025-01-08T00:00:00.000Z,-43.335533860000,-21.760131640000,"Rua São Geraldo, 89"
412,PARQUE BURNIER.,10072362,06:17:00,3,0,0,2,2025-01-08T00:00:00.000Z,-43.327527760000,-21.762798310000,"Rua Natalino José de Paula, 310"
412,PARQUE BURNIER.,10072380,06:17:00,10,1,0,19,2025-01-08T00:00:00.000Z,-43.331466790000,-21.763337580000,"Rua Olga Burnier, 485"
412,PARQUE BURNIER.,10073589,06:17:00,4,6,0,8,2025-01-08T00:00:00.000Z,-43.326568960000,-21.763629600000,"Rua Adelaide Campos de Resende, 706"
412,PARQUE BURNIER.,10074194,06:17:00,16,1,2,21,2025-01-08T00:00:00.000Z,-43.342338620000,-21.760505960000,"Rua Ângelo Falci, 55"
412,PARQUE BURNIER.,10073584,06:17:00,8,3,0,16,2025-01-08T00:00:00.000Z,-43.329363350000,-21.763255450000,"Rua Adelaide Campos de Resende, 984"
412,PARQUE BURNIER.,10072309,06:17:00,5,2,0,10,2025-01-08T00:00:00.000Z,-43.327273730000,-21.763967940000,"Rua José Teodoro dos Santos, 28"
412,PARQUE BURNIER.,10072384,06:17:00,6,3,0,13,2025-01-08T00:00:00.000Z,-43.327999480000,-21.763301540000,"Rua José Teodoro dos Santos, 126"
412,PARQUE BURNIER.,10072337,06:17:00,13,1,0,22,2025-01-08T00:00:00.000Z,-43.334540130000,-21.760522960000,"Rua Olga Burnier, 67"
412,PARQUE BURNIER.,10072335,06:17:00,12,1,0,21,2025-01-08T00:00:00.000Z,-43.333453420000,-21.761562350000,"Rua Olga Burnier, 233"
412,PARQUE BURNIER.,10072363,06:17:00,2,2,0,2,2025-01-08T00:00:00.000Z,-43.327885630000,-21.762179390000,"Rua Natalino José de Paula, 288"
412,PARQUE BURNIER.,10072302,06:17:00,15,0,1,22,2025-01-08T00:00:00.000Z,-43.338029500000,-21.760323850000,"Avenida Sete de Setembro, 623"
412,PARQUE BURNIER.,10072382,06:17:00,11,1,0,20,2025-01-08T00:00:00.000Z,-43.332369450000,-21.762522520000,"Rua Olga Burnier, 361"
412,PARQUE BURNIER.,10072386,06:17:00,7,1,1,13,2025-01-08T00:00:00.000Z,-43.328850270000,-21.762325320000,"Rua José Teodoro dos Santos, 292"
412,PARQUE BURNIER.,10072358,06:17:00,1,0,0,0,2025-01-08T00:00:00.000Z,-43.328687310000,-21.761675740000,"Rua Natalino José de Paula, 112 - Ponto Final do Parque Burnier"
412,PARQUE BURNIER.,10072356,06:38:00,17,0,0,0,2025-01-08T00:00:00.000Z,-43.327793950000,-21.762107030000,"Rua Natalino José de Paula, 271"
412,PARQUE BURNIER.,10072375,06:38:00,16,0,0,0,2025-01-08T00:00:00.000Z,-43.327420830000,-21.762727850000,"Rua Natalino José de Paula, 319"
412,PARQUE BURNIER.,10073561,06:38:00,7,0,0,0,2025-01-08T00:00:00.000Z,-43.331552510000,-21.763418910000,"Rua Olga Burnier, 480"
412,PARQUE BURNIER.,10072316,06:38:00,11,1,0,1,2025-01-08T00:00:00.000Z,-43.328204750000,-21.763332370000,"Rua José Teodoro dos Santos, 145"
412,PARQUE BURNIER.,10072313,06:38:00,10,0,0,0,2025-01-08T00:00:00.000Z,-43.328846690000,-21.762504770000,"Rua José Teodoro dos Santos, 275"
412,PARQUE BURNIER.,10072301,06:38:00,8,0,0,0,2025-01-08T00:00:00.000Z,-43.330138330000,-21.763252970000,"Rua Adelaide Campos de Resende, 1061"
412,PARQUE BURNIER.,10073558,06:38:00,4,0,0,0,2025-01-08T00:00:00.000Z,-43.334645750000,-21.760669710000,"Rua Olga Burnier, 70"
412,PARQUE BURNIER.,10073552,06:38:00,3,0,1,0,2025-01-08T00:00:00.000Z,-43.335479020000,-21.760313550000,"Rua São Geraldo, 84"
412,PARQUE BURNIER.,10071503,06:38:00,15,0,0,0,2025-01-08T00:00:00.000Z,-43.326207040000,-21.762717810000,"Rua Natalino José de Paula, 421"
412,PARQUE BURNIER.,10072328,06:38:00,13,0,2,0,2025-01-08T00:00:00.000Z,-43.326450350000,-21.763683320000,"Rua Adelaide Campos de Resende, 669"
412,PARQUE BURNIER.,10072358,06:38:00,18,11,0,11,2025-01-08T00:00:00.000Z,-43.328687310000,-21.761675740000,"Rua Natalino José de Paula, 112 - Ponto Final do Parque Burnier"
412,PARQUE BURNIER.,10072296,06:38:00,9,0,0,0,2025-01-08T00:00:00.000Z,-43.329374790000,-21.763440430000,"Rua Adelaide Campos de Resende, 975"
412,PARQUE BURNIER.,10072377,06:38:00,12,1,0,2,2025-01-08T00:00:00.000Z,-43.327321890000,-21.764062650000,"Rua José Teodoro dos Santos, 25"
412,PARQUE BURNIER.,10072305,06:38:00,2,1,1,1,2025-01-08T00:00:00.000Z,-43.337478970000,-21.760922950000,"Rua Djalma de Carvalho, 37"
412,PARQUE BURNIER.,10071108,06:38:00,1,1,0,1,2025-01-08T00:00:00.000Z,-43.349331860000,-21.758144610000,"Avenida Getúlio Vargas, 835"
412,PARQUE BURNIER.,10073560,06:38:00,5,0,0,0,2025-01-08T00:00:00.000Z,-43.333589670000,-21.761652280000,"Rua Olga Burnier, 230"
412,PARQUE BURNIER.,10072359,06:38:00,14,0,0,0,2025-01-08T00:00:00.000Z,-43.326282500000,-21.763143540000,"Rua Adelaide Campos de Resende, 651"
412,PARQUE BURNIER.,10073557,06:38:00,6,0,0,0,2025-01-08T00:00:00.000Z,-43.332479840000,-21.762640710000,"Rua Olga Burnier, 356"
412,PARQUE BURNIER.,10074194,07:04:00,16,0,3,26,2025-01-08T00:00:00.000Z,-43.342338620000,-21.760505960000,"Rua Ângelo Falci, 55"
412,PARQUE BURNIER.,10073583,07:04:00,9,1,0,28,2025-01-08T00:00:00.000Z,-43.330207820000,-21.763072230000,"Rua Adelaide Campos de Resende, 1070"
412,PARQUE BURNIER.,10071108,07:04:00,17,0,9,17,2025-01-08T00:00:00.000Z,-43.349331860000,-21.758144610000,"Avenida Getúlio Vargas, 835"
412,PARQUE BURNIER.,10072382,07:04:00,11,1,0,29,2025-01-08T00:00:00.000Z,-43.332369450000,-21.762522520000,"Rua Olga Burnier, 361"
412,PARQUE BURNIER.,10072362,07:04:00,3,3,0,9,2025-01-08T00:00:00.000Z,-43.327527760000,-21.762798310000,"Rua Natalino José de Paula, 310"
412,PARQUE BURNIER.,10072380,07:04:00,10,0,0,28,2025-01-08T00:00:00.000Z,-43.331466790000,-21.763337580000,"Rua Olga Burnier, 485"
412,PARQUE BURNIER.,10072302,07:04:00,15,0,0,29,2025-01-08T00:00:00.000Z,-43.338029500000,-21.760323850000,"Avenida Sete de Setembro, 623"
412,PARQUE BURNIER.,10072363,07:04:00,2,6,0,6,2025-01-08T00:00:00.000Z,-43.327885630000,-21.762179390000,"Rua Natalino José de Paula, 288"
412,PARQUE BURNIER.,10072384,07:04:00,6,2,1,24,2025-01-08T00:00:00.000Z,-43.327999480000,-21.763301540000,"Rua José Teodoro dos Santos, 126"
412,PARQUE BURNIER.,10072358,07:04:00,1,0,0,0,2025-01-08T00:00:00.000Z,-43.328687310000,-21.761675740000,"Rua Natalino José de Paula, 112 - Ponto Final do Parque Burnier"
412,PARQUE BURNIER.,10072386,07:04:00,7,3,0,27,2025-01-08T00:00:00.000Z,-43.328850270000,-21.762325320000,"Rua José Teodoro dos Santos, 292"
412,PARQUE BURNIER.,10072337,07:04:00,13,0,0,29,2025-01-08T00:00:00.000Z,-43.334540130000,-21.760522960000,"Rua Olga Burnier, 67"
412,PARQUE BURNIER.,10072332,07:04:00,14,0,0,29,2025-01-08T00:00:00.000Z,-43.335533860000,-21.760131640000,"Rua São Geraldo, 89"
412,PARQUE BURNIER.,10073584,07:04:00,8,2,2,27,2025-01-08T00:00:00.000Z,-43.329363350000,-21.763255450000,"Rua Adelaide Campos de Resende, 984"
412,PARQUE BURNIER.,10072335,07:04:00,12,0,0,29,2025-01-08T00:00:00.000Z,-43.333453420000,-21.761562350000,"Rua Olga Burnier, 233"
412,PARQUE BURNIER.,10072309,07:04:00,5,1,2,23,2025-01-08T00:00:00.000Z,-43.327273730000,-21.763967940000,"Rua José Teodoro dos Santos, 28"
412,PARQUE BURNIER.,10073589,07:04:00,4,15,0,24,2025-01-08T00:00:00.000Z,-43.326568960000,-21.763629600000,"Rua Adelaide Campos de Resende, 706"
412,PARQUE BURNIER.,10072363,07:51:00,2,0,0,0,2025-01-08T00:00:00.000Z,-43.327885630000,-21.762179390000,"Rua Natalino José de Paula, 288"
412,PARQUE BURNIER.,10074194,07:51:00,16,3,4,32,2025-01-08T00:00:00.000Z,-43.342338620000,-21.760505960000,"Rua Ângelo Falci, 55"
412,PARQUE BURNIER.,10072384,07:51:00,6,1,0,22,2025-01-08T00:00:00.000Z,-43.327999480000,-21.763301540000,"Rua José Teodoro dos Santos, 126"
412,PARQUE BURNIER.,10072358,07:51:00,1,0,0,0,2025-01-08T00:00:00.000Z,-43.328687310000,-21.761675740000,"Rua Natalino José de Paula, 112 - Ponto Final do Parque Burnier"
412,PARQUE BURNIER.,10072386,07:51:00,7,3,0,25,2025-01-08T00:00:00.000Z,-43.328850270000,-21.762325320000,"Rua José Teodoro dos Santos, 292"
412,PARQUE BURNIER.,10072362,07:51:00,3,5,0,5,2025-01-08T00:00:00.000Z,-43.327527760000,-21.762798310000,"Rua Natalino José de Paula, 310"
412,PARQUE BURNIER.,10073584,07:51:00,8,3,0,28,2025-01-08T00:00:00.000Z,-43.329363350000,-21.763255450000,"Rua Adelaide Campos de Resende, 984"
412,PARQUE BURNIER.,10072380,07:51:00,10,1,0,30,2025-01-08T00:00:00.000Z,-43.331466790000,-21.763337580000,"Rua Olga Burnier, 485"
412,PARQUE BURNIER.,10072332,07:51:00,14,1,0,31,2025-01-08T00:00:00.000Z,-43.335533860000,-21.760131640000,"Rua São Geraldo, 89"
412,PARQUE BURNIER.,10072337,07:51:00,13,0,0,30,2025-01-08T00:00:00.000Z,-43.334540130000,-21.760522960000,"Rua Olga Burnier, 67"
412,PARQUE BURNIER.,10072309,07:51:00,5,4,1,21,2025-01-08T00:00:00.000Z,-43.327273730000,-21.763967940000,"Rua José Teodoro dos Santos, 28"
412,PARQUE BURNIER.,10072335,07:51:00,12,0,0,30,2025-01-08T00:00:00.000Z,-43.333453420000,-21.761562350000,"Rua Olga Burnier, 233"
412,PARQUE BURNIER.,10073589,07:51:00,4,13,0,18,2025-01-08T00:00:00.000Z,-43.326568960000,-21.763629600000,"Rua Adelaide Campos de Resende, 706"
412,PARQUE BURNIER.,10071108,07:51:00,17,0,17,15,2025-01-08T00:00:00.000Z,-43.349331860000,-21.758144610000,"Avenida Getúlio Vargas, 835"
412,PARQUE BURNIER.,10072302,07:51:00,15,2,0,33,2025-01-08T00:00:00.000Z,-43.338029500000,-21.760323850000,"Avenida Sete de Setembro, 623"
412,PARQUE BURNIER.,10072382,07:51:00,11,0,0,30,2025-01-08T00:00:00.000Z,-43.332369450000,-21.762522520000,"Rua Olga Burnier, 361"
412,PARQUE BURNIER.,10073583,07:51:00,9,1,0,29,2025-01-08T00:00:00.000Z,-43.330207820000,-21.763072230000,"Rua Adelaide Campos de Resende, 1070"
412,PARQUE BURNIER.,10072358,08:12:00,18,6,0,18,2025-01-08T00:00:00.000Z,-43.328687310000,-21.761675740000,"Rua Natalino José de Paula, 112 - Ponto Final do Parque Burnier"
412,PARQUE BURNIER.,10072377,08:12:00,12,0,0,21,2025-01-08T00:00:00.000Z,-43.327321890000,-21.764062650000,"Rua José Teodoro dos Santos, 25"
412,PARQUE BURNIER.,10073560,08:12:00,5,0,0,19,2025-01-08T00:00:00.000Z,-43.333589670000,-21.761652280000,"Rua Olga Burnier, 230"
412,PARQUE BURNIER.,10072301,08:12:00,8,0,0,19,2025-01-08T00:00:00.000Z,-43.330138330000,-21.763252970000,"Rua Adelaide Campos de Resende, 1061"
412,PARQUE BURNIER.,10073561,08:12:00,7,0,0,19,2025-01-08T00:00:00.000Z,-43.331552510000,-21.763418910000,"Rua Olga Burnier, 480"
412,PARQUE BURNIER.,10072356,08:12:00,17,0,0,12,2025-01-08T00:00:00.000Z,-43.327793950000,-21.762107030000,"Rua Natalino José de Paula, 271"
412,PARQUE BURNIER.,10073558,08:12:00,4,0,0,19,2025-01-08T00:00:00.000Z,-43.334645750000,-21.760669710000,"Rua Olga Burnier, 70"
412,PARQUE BURNIER.,10073552,08:12:00,3,0,0,19,2025-01-08T00:00:00.000Z,-43.335479020000,-21.760313550000,"Rua São Geraldo, 84"
412,PARQUE BURNIER.,10072375,08:12:00,16,0,1,12,2025-01-08T00:00:00.000Z,-43.327420830000,-21.762727850000,"Rua Natalino José de Paula, 319"
412,PARQUE BURNIER.,10071108,08:12:00,1,19,0,19,2025-01-08T00:00:00.000Z,-43.349331860000,-21.758144610000,"Avenida Getúlio Vargas, 835"
412,PARQUE BURNIER.,10072296,08:12:00,9,2,0,21,2025-01-08T00:00:00.000Z,-43.329374790000,-21.763440430000,"Rua Adelaide Campos de Resende, 975"
412,PARQUE BURNIER.,10072328,08:12:00,13,0,4,17,2025-01-08T00:00:00.000Z,-43.326450350000,-21.763683320000,"Rua Adelaide Campos de Resende, 669"
412,PARQUE BURNIER.,10071503,08:12:00,15,1,1,13,2025-01-08T00:00:00.000Z,-43.326207040000,-21.762717810000,"Rua Natalino José de Paula, 421"
412,PARQUE BURNIER.,10072359,08:12:00,14,0,4,13,2025-01-08T00:00:00.000Z,-43.326282500000,-21.763143540000,"Rua Adelaide Campos de Resende, 651"
412,PARQUE BURNIER.,10072313,08:12:00,10,0,0,21,2025-01-08T00:00:00.000Z,-43.328846690000,-21.762504770000,"Rua José Teodoro dos Santos, 275"
412,PARQUE BURNIER.,10073557,08:12:00,6,0,0,19,2025-01-08T00:00:00.000Z,-43.332479840000,-21.762640710000,"Rua Olga Burnier, 356"
412,PARQUE BURNIER.,10072305,08:12:00,2,0,0,19,2025-01-08T00:00:00.000Z,-43.337478970000,-21.760922950000,"Rua Djalma de Carvalho, 37"
412,PARQUE BURNIER.,10072316,08:12:00,11,1,1,21,2025-01-08T00:00:00.000Z,-43.328204750000,-21.763332370000,"Rua José Teodoro dos Santos, 145"
412,PARQUE BURNIER.,10072380,08:38:00,10,1,0,23,2025-01-08T00:00:00.000Z,-43.331466790000,-21.763337580000,"Rua Olga Burnier, 485"
412,PARQUE BURNIER.,10073589,08:38:00,4,9,0,16,2025-01-08T00:00:00.000Z,-43.326568960000,-21.763629600000,"Rua Adelaide Campos de Resende, 706"
412,PARQUE BURNIER.,10072384,08:38:00,6,0,0,17,2025-01-08T00:00:00.000Z,-43.327999480000,-21.763301540000,"Rua José Teodoro dos Santos, 126"
412,PARQUE BURNIER.,10072362,08:38:00,3,4,0,7,2025-01-08T00:00:00.000Z,-43.327527760000,-21.762798310000,"Rua Natalino José de Paula, 310"
412,PARQUE BURNIER.,10074194,08:38:00,16,4,7,30,2025-01-08T00:00:00.000Z,-43.342338620000,-21.760505960000,"Rua Ângelo Falci, 55"
412,PARQUE BURNIER.,10072309,08:38:00,5,1,0,17,2025-01-08T00:00:00.000Z,-43.327273730000,-21.763967940000,"Rua José Teodoro dos Santos, 28"
412,PARQUE BURNIER.,10072386,08:38:00,7,1,0,18,2025-01-08T00:00:00.000Z,-43.328850270000,-21.762325320000,"Rua José Teodoro dos Santos, 292"
412,PARQUE BURNIER.,10072382,08:38:00,11,2,0,25,2025-01-08T00:00:00.000Z,-43.332369450000,-21.762522520000,"Rua Olga Burnier, 361"
412,PARQUE BURNIER.,10073583,08:38:00,9,2,0,22,2025-01-08T00:00:00.000Z,-43.330207820000,-21.763072230000,"Rua Adelaide Campos de Resende, 1070"
412,PARQUE BURNIER.,10071108,08:38:00,17,0,9,21,2025-01-08T00:00:00.000Z,-43.349331860000,-21.758144610000,"Avenida Getúlio Vargas, 835"
412,PARQUE BURNIER.,10072302,08:38:00,15,6,0,33,2025-01-08T00:00:00.000Z,-43.338029500000,-21.760323850000,"Avenida Sete de Setembro, 623"
412,PARQUE BURNIER.,10072363,08:38:00,2,3,0,3,2025-01-08T00:00:00.000Z,-43.327885630000,-21.762179390000,"Rua Natalino José de Paula, 288"
412,PARQUE BURNIER.,10072337,08:38:00,13,2,0,27,2025-01-08T00:00:00.000Z,-43.334540130000,-21.760522960000,"Rua Olga Burnier, 67"
412,PARQUE BURNIER.,10072332,08:38:00,14,0,0,27,2025-01-08T00:00:00.000Z,-43.335533860000,-21.760131640000,"Rua São Geraldo, 89"
412,PARQUE BURNIER.,10072335,08:38:00,12,0,0,25,2025-01-08T00:00:00.000Z,-43.333453420000,-21.761562350000,"Rua Olga Burnier, 233"
412,PARQUE BURNIER.,10073584,08:38:00,8,4,2,20,2025-01-08T00:00:00.000Z,-43.329363350000,-21.763255450000,"Rua Adelaide Campos de Resende, 984"
412,PARQUE BURNIER.,10072358,08:38:00,1,0,0,0,2025-01-08T00:00:00.000Z,-43.328687310000,-21.761675740000,"Rua Natalino José de Paula, 112 - Ponto Final do Parque Burnier"
412,PARQUE BURNIER.,10072316,08:59:00,11,0,0,5,2025-01-08T00:00:00.000Z,-43.328204750000,-21.763332370000,"Rua José Teodoro dos Santos, 145"
412,PARQUE BURNIER.,10072305,08:59:00,2,0,3,5,2025-01-08T00:00:00.000Z,-43.337478970000,-21.760922950000,"Rua Djalma de Carvalho, 37"
412,PARQUE BURNIER.,10073560,08:59:00,5,0,0,5,2025-01-08T00:00:00.000Z,-43.333589670000,-21.761652280000,"Rua Olga Burnier, 230"
412,PARQUE BURNIER.,10073557,08:59:00,6,0,0,5,2025-01-08T00:00:00.000Z,-43.332479840000,-21.762640710000,"Rua Olga Burnier, 356"
412,PARQUE BURNIER.,10072301,08:59:00,8,0,1,4,2025-01-08T00:00:00.000Z,-43.330138330000,-21.763252970000,"Rua Adelaide Campos de Resende, 1061"
412,PARQUE BURNIER.,10072359,08:59:00,14,2,0,7,2025-01-08T00:00:00.000Z,-43.326282500000,-21.763143540000,"Rua Adelaide Campos de Resende, 651"
412,PARQUE BURNIER.,10072328,08:59:00,13,0,0,5,2025-01-08T00:00:00.000Z,-43.326450350000,-21.763683320000,"Rua Adelaide Campos de Resende, 669"
412,PARQUE BURNIER.,10072356,08:59:00,17,0,0,6,2025-01-08T00:00:00.000Z,-43.327793950000,-21.762107030000,"Rua Natalino José de Paula, 271"
412,PARQUE BURNIER.,10072375,08:59:00,16,0,0,6,2025-01-08T00:00:00.000Z,-43.327420830000,-21.762727850000,"Rua Natalino José de Paula, 319"
412,PARQUE BURNIER.,10071503,08:59:00,15,0,1,6,2025-01-08T00:00:00.000Z,-43.326207040000,-21.762717810000,"Rua Natalino José de Paula, 421"
412,PARQUE BURNIER.,10072296,08:59:00,9,1,0,5,2025-01-08T00:00:00.000Z,-43.329374790000,-21.763440430000,"Rua Adelaide Campos de Resende, 975"
412,PARQUE BURNIER.,10072377,08:59:00,12,0,0,5,2025-01-08T00:00:00.000Z,-43.327321890000,-21.764062650000,"Rua José Teodoro dos Santos, 25"
412,PARQUE BURNIER.,10073558,08:59:00,4,0,0,5,2025-01-08T00:00:00.000Z,-43.334645750000,-21.760669710000,"Rua Olga Burnier, 70"
412,PARQUE BURNIER.,10072313,08:59:00,10,0,0,5,2025-01-08T00:00:00.000Z,-43.328846690000,-21.762504770000,"Rua José Teodoro dos Santos, 275"
412,PARQUE BURNIER.,10073561,08:59:00,7,0,0,5,2025-01-08T00:00:00.000Z,-43.331552510000,-21.763418910000,"Rua Olga Burnier, 480"
412,PARQUE BURNIER.,10073552,08:59:00,3,0,0,5,2025-01-08T00:00:00.000Z,-43.335479020000,-21.760313550000,"Rua São Geraldo, 84"
412,PARQUE BURNIER.,10071108,08:59:00,1,8,0,8,2025-01-08T00:00:00.000Z,-43.349331860000,-21.758144610000,"Avenida Getúlio Vargas, 835"
412,PARQUE BURNIER.,10072358,08:59:00,18,5,0,11,2025-01-08T00:00:00.000Z,-43.328687310000,-21.761675740000,"Rua Natalino José de Paula, 112 - Ponto Final do Parque Burnier"
412,PARQUE BURNIER.,10072302,09:25:00,15,0,0,21,2025-01-08T00:00:00.000Z,-43.338029500000,-21.760323850000,"Avenida Sete de Setembro, 623"
412,PARQUE BURNIER.,10072362,09:25:00,3,2,0,3,2025-01-08T00:00:00.000Z,-43.327527760000,-21.762798310000,"Rua Natalino José de Paula, 310"
412,PARQUE BURNIER.,10072386,09:25:00,7,5,0,14,2025-01-08T00:00:00.000Z,-43.328850270000,-21.762325320000,"Rua José Teodoro dos Santos, 292"
412,PARQUE BURNIER.,10072384,09:25:00,6,1,0,9,2025-01-08T00:00:00.000Z,-43.327999480000,-21.763301540000,"Rua José Teodoro dos Santos, 126"
412,PARQUE BURNIER.,10073589,09:25:00,4,6,1,8,2025-01-08T00:00:00.000Z,-43.326568960000,-21.763629600000,"Rua Adelaide Campos de Resende, 706"
412,PARQUE BURNIER.,10073584,09:25:00,8,7,0,21,2025-01-08T00:00:00.000Z,-43.329363350000,-21.763255450000,"Rua Adelaide Campos de Resende, 984"
412,PARQUE BURNIER.,10072380,09:25:00,10,0,0,21,2025-01-08T00:00:00.000Z,-43.331466790000,-21.763337580000,"Rua Olga Burnier, 485"
412,PARQUE BURNIER.,10073583,09:25:00,9,0,0,21,2025-01-08T00:00:00.000Z,-43.330207820000,-21.763072230000,"Rua Adelaide Campos de Resende, 1070"
412,PARQUE BURNIER.,10072332,09:25:00,14,0,0,21,2025-01-08T00:00:00.000Z,-43.335533860000,-21.760131640000,"Rua São Geraldo, 89"
412,PARQUE BURNIER.,10074194,09:25:00,16,7,4,24,2025-01-08T00:00:00.000Z,-43.342338620000,-21.760505960000,"Rua Ângelo Falci, 55"
412,PARQUE BURNIER.,10071108,09:25:00,17,0,18,6,2025-01-08T00:00:00.000Z,-43.349331860000,-21.758144610000,"Avenida Getúlio Vargas, 835"
412,PARQUE BURNIER.,10072363,09:25:00,2,1,0,1,2025-01-08T00:00:00.000Z,-43.327885630000,-21.762179390000,"Rua Natalino José de Paula, 288"
412,PARQUE BURNIER.,10072382,09:25:00,11,0,0,21,2025-01-08T00:00:00.000Z,-43.332369450000,-21.762522520000,"Rua Olga Burnier, 361"
412,PARQUE BURNIER.,10072335,09:25:00,12,0,0,21,2025-01-08T00:00:00.000Z,-43.333453420000,-21.761562350000,"Rua Olga Burnier, 233"
412,PARQUE BURNIER.,10072337,09:25:00,13,0,0,21,2025-01-08T00:00:00.000Z,-43.334540130000,-21.760522960000,"Rua Olga Burnier, 67"
412,PARQUE BURNIER.,10072309,09:25:00,5,0,0,8,2025-01-08T00:00:00.000Z,-43.327273730000,-21.763967940000,"Rua José Teodoro dos Santos, 28"
412,PARQUE BURNIER.,10072358,09:25:00,1,0,0,0,2025-01-08T00:00:00.000Z,-43.328687310000,-21.761675740000,"Rua Natalino José de Paula, 112 - Ponto Final do Parque Burnier"
412,PARQUE BURNIER.,10072380,10:20:00,10,0,0,20,2025-01-08T00:00:00.000Z,-43.331466790000,-21.763337580000,"Rua Olga Burnier, 485"
412,PARQUE BURNIER.,10072358,10:20:00,1,0,0,0,2025-01-08T00:00:00.000Z,-43.328687310000,-21.761675740000,"Rua Natalino José de Paula, 112 - Ponto Final do Parque Burnier"
412,PARQUE BURNIER.,10072386,10:20:00,7,2,0,14,2025-01-08T00:00:00.000Z,-43.328850270000,-21.762325320000,"Rua José Teodoro dos Santos, 292"
412,PARQUE BURNIER.,10072382,10:20:00,11,0,0,20,2025-01-08T00:00:00.000Z,-43.332369450000,-21.762522520000,"Rua Olga Burnier, 361"
412,PARQUE BURNIER.,10071108,10:20:00,17,0,38,0,2025-01-08T00:00:00.000Z,-43.349331860000,-21.758144610000,"Avenida Getúlio Vargas, 835"
412,PARQUE BURNIER.,10072309,10:20:00,5,0,0,10,2025-01-08T00:00:00.000Z,-43.327273730000,-21.763967940000,"Rua José Teodoro dos Santos, 28"
412,PARQUE BURNIER.,10072362,10:20:00,3,4,1,8,2025-01-08T00:00:00.000Z,-43.327527760000,-21.762798310000,"Rua Natalino José de Paula, 310"
412,PARQUE BURNIER.,10073584,10:20:00,8,7,1,20,2025-01-08T00:00:00.000Z,-43.329363350000,-21.763255450000,"Rua Adelaide Campos de Resende, 984"
412,PARQUE BURNIER.,10072384,10:20:00,6,4,2,12,2025-01-08T00:00:00.000Z,-43.327999480000,-21.763301540000,"Rua José Teodoro dos Santos, 126"
412,PARQUE BURNIER.,10072302,10:20:00,15,3,0,24,2025-01-08T00:00:00.000Z,-43.338029500000,-21.760323850000,"Avenida Sete de Setembro, 623"
412,PARQUE BURNIER.,10072363,10:20:00,2,5,0,5,2025-01-08T00:00:00.000Z,-43.327885630000,-21.762179390000,"Rua Natalino José de Paula, 288"
412,PARQUE BURNIER.,10072332,10:20:00,14,0,0,21,2025-01-08T00:00:00.000Z,-43.335533860000,-21.760131640000,"Rua São Geraldo, 89"
412,PARQUE BURNIER.,10073583,10:20:00,9,0,0,20,2025-01-08T00:00:00.000Z,-43.330207820000,-21.763072230000,"Rua Adelaide Campos de Resende, 1070"
412,PARQUE BURNIER.,10074194,10:20:00,16,17,3,38,2025-01-08T00:00:00.000Z,-43.342338620000,-21.760505960000,"Rua Ângelo Falci, 55"
412,PARQUE BURNIER.,10072337,10:20:00,13,1,0,21,2025-01-08T00:00:00.000Z,-43.334540130000,-21.760522960000,"Rua Olga Burnier, 67"
412,PARQUE BURNIER.,10072335,10:20:00,12,0,0,20,2025-01-08T00:00:00.000Z,-43.333453420000,-21.761562350000,"Rua Olga Burnier, 233"
412,PARQUE BURNIER.,10073589,10:20:00,4,3,1,10,2025-01-08T00:00:00.000Z,-43.326568960000,-21.763629600000,"Rua Adelaide Campos de Resende, 706"
412,PARQUE BURNIER.,10072377,10:40:00,12,0,2,4,2025-01-08T00:00:00.000Z,-43.327321890000,-21.764062650000,"Rua José Teodoro dos Santos, 25"
412,PARQUE BURNIER.,10071503,10:40:00,15,0,0,0,2025-01-08T00:00:00.000Z,-43.326207040000,-21.762717810000,"Rua Natalino José de Paula, 421"
412,PARQUE BURNIER.,10072328,10:40:00,13,0,4,0,2025-01-08T00:00:00.000Z,-43.326450350000,-21.763683320000,"Rua Adelaide Campos de Resende, 669"
412,PARQUE BURNIER.,10073560,10:40:00,5,0,1,17,2025-01-08T00:00:00.000Z,-43.333589670000,-21.761652280000,"Rua Olga Burnier, 230"
412,PARQUE BURNIER.,10072296,10:40:00,9,0,3,10,2025-01-08T00:00:00.000Z,-43.329374790000,-21.763440430000,"Rua Adelaide Campos de Resende, 975"
412,PARQUE BURNIER.,10073561,10:40:00,7,0,1,15,2025-01-08T00:00:00.000Z,-43.331552510000,-21.763418910000,"Rua Olga Burnier, 480"
412,PARQUE BURNIER.,10072356,10:40:00,17,0,0,0,2025-01-08T00:00:00.000Z,-43.327793950000,-21.762107030000,"Rua Natalino José de Paula, 271"
412,PARQUE BURNIER.,10071108,10:40:00,1,20,0,20,2025-01-08T00:00:00.000Z,-43.349331860000,-21.758144610000,"Avenida Getúlio Vargas, 835"
412,PARQUE BURNIER.,10072305,10:40:00,2,0,0,20,2025-01-08T00:00:00.000Z,-43.337478970000,-21.760922950000,"Rua Djalma de Carvalho, 37"
412,PARQUE BURNIER.,10073558,10:40:00,4,0,1,18,2025-01-08T00:00:00.000Z,-43.334645750000,-21.760669710000,"Rua Olga Burnier, 70"
412,PARQUE BURNIER.,10073557,10:40:00,6,0,1,16,2025-01-08T00:00:00.000Z,-43.332479840000,-21.762640710000,"Rua Olga Burnier, 356"
412,PARQUE BURNIER.,10073552,10:40:00,3,0,1,19,2025-01-08T00:00:00.000Z,-43.335479020000,-21.760313550000,"Rua São Geraldo, 84"
412,PARQUE BURNIER.,10072313,10:40:00,10,0,1,9,2025-01-08T00:00:00.000Z,-43.328846690000,-21.762504770000,"Rua José Teodoro dos Santos, 275"
412,PARQUE BURNIER.,10072359,10:40:00,14,0,0,0,2025-01-08T00:00:00.000Z,-43.326282500000,-21.763143540000,"Rua Adelaide Campos de Resende, 651"
412,PARQUE BURNIER.,10072358,10:40:00,18,2,0,2,2025-01-08T00:00:00.000Z,-43.328687310000,-21.761675740000,"Rua Natalino José de Paula, 112 - Ponto Final do Parque Burnier"
412,PARQUE BURNIER.,10072301,10:40:00,8,0,2,13,2025-01-08T00:00:00.000Z,-43.330138330000,-21.763252970000,"Rua Adelaide Campos de Resende, 1061"
412,PARQUE BURNIER.,10072375,10:40:00,16,0,0,0,2025-01-08T00:00:00.000Z,-43.327420830000,-21.762727850000,"Rua Natalino José de Paula, 319"
412,PARQUE BURNIER.,10072316,10:40:00,11,0,3,6,2025-01-08T00:00:00.000Z,-43.328204750000,-21.763332370000,"Rua José Teodoro dos Santos, 145"
412,PARQUE BURNIER.,10072363,11:15:00,2,0,0,0,2025-01-08T00:00:00.000Z,-43.327885630000,-21.762179390000,"Rua Natalino José de Paula, 288"
412,PARQUE BURNIER.,10072362,11:15:00,3,0,0,0,2025-01-08T00:00:00.000Z,-43.327527760000,-21.762798310000,"Rua Natalino José de Paula, 310"
412,PARQUE BURNIER.,10072380,11:15:00,10,0,0,10,2025-01-08T00:00:00.000Z,-43.331466790000,-21.763337580000,"Rua Olga Burnier, 485"
412,PARQUE BURNIER.,10072382,11:15:00,11,0,0,10,2025-01-08T00:00:00.000Z,-43.332369450000,-21.762522520000,"Rua Olga Burnier, 361"
412,PARQUE BURNIER.,10071108,11:15:00,17,0,16,11,2025-01-08T00:00:00.000Z,-43.349331860000,-21.758144610000,"Avenida Getúlio Vargas, 835"
412,PARQUE BURNIER.,10072384,11:15:00,6,1,0,3,2025-01-08T00:00:00.000Z,-43.327999480000,-21.763301540000,"Rua José Teodoro dos Santos, 126"
412,PARQUE BURNIER.,10074194,11:15:00,16,13,3,27,2025-01-08T00:00:00.000Z,-43.342338620000,-21.760505960000,"Rua Ângelo Falci, 55"
412,PARQUE BURNIER.,10072335,11:15:00,12,2,0,12,2025-01-08T00:00:00.000Z,-43.333453420000,-21.761562350000,"Rua Olga Burnier, 233"
412,PARQUE BURNIER.,10072302,11:15:00,15,2,1,17,2025-01-08T00:00:00.000Z,-43.338029500000,-21.760323850000,"Avenida Sete de Setembro, 623"
412,PARQUE BURNIER.,10073584,11:15:00,8,4,0,10,2025-01-08T00:00:00.000Z,-43.329363350000,-21.763255450000,"Rua Adelaide Campos de Resende, 984"
412,PARQUE BURNIER.,10073589,11:15:00,4,2,0,2,2025-01-08T00:00:00.000Z,-43.326568960000,-21.763629600000,"Rua Adelaide Campos de Resende, 706"
412,PARQUE BURNIER.,10072386,11:15:00,7,3,0,6,2025-01-08T00:00:00.000Z,-43.328850270000,-21.762325320000,"Rua José Teodoro dos Santos, 292"
412,PARQUE BURNIER.,10072332,11:15:00,14,0,0,16,2025-01-08T00:00:00.000Z,-43.335533860000,-21.760131640000,"Rua São Geraldo, 89"
412,PARQUE BURNIER.,10073583,11:15:00,9,0,0,10,2025-01-08T00:00:00.000Z,-43.330207820000,-21.763072230000,"Rua Adelaide Campos de Resende, 1070"
412,PARQUE BURNIER.,10072337,11:15:00,13,4,0,16,2025-01-08T00:00:00.000Z,-43.334540130000,-21.760522960000,"Rua Olga Burnier, 67"
412,PARQUE BURNIER.,10072309,11:15:00,5,0,0,2,2025-01-08T00:00:00.000Z,-43.327273730000,-21.763967940000,"Rua José Teodoro dos Santos, 28"
412,PARQUE BURNIER.,10072358,11:15:00,1,0,0,0,2025-01-08T00:00:00.000Z,-43.328687310000,-21.761675740000,"Rua Natalino José de Paula, 112 - Ponto Final do Parque Burnier"
412,PARQUE BURNIER.,10073560,11:35:00,5,0,0,16,2025-01-08T00:00:00.000Z,-43.333589670000,-21.761652280000,"Rua Olga Burnier, 230"
412,PARQUE BURNIER.,10073558,11:35:00,4,0,0,16,2025-01-08T00:00:00.000Z,-43.334645750000,-21.760669710000,"Rua Olga Burnier, 70"
412,PARQUE BURNIER.,10073561,11:35:00,7,0,0,16,2025-01-08T00:00:00.000Z,-43.331552510000,-21.763418910000,"Rua Olga Burnier, 480"
412,PARQUE BURNIER.,10071503,11:35:00,15,0,3,5,2025-01-08T00:00:00.000Z,-43.326207040000,-21.762717810000,"Rua Natalino José de Paula, 421"
412,PARQUE BURNIER.,10072313,11:35:00,10,1,0,17,2025-01-08T00:00:00.000Z,-43.328846690000,-21.762504770000,"Rua José Teodoro dos Santos, 275"
412,PARQUE BURNIER.,10072305,11:35:00,2,0,0,16,2025-01-08T00:00:00.000Z,-43.337478970000,-21.760922950000,"Rua Djalma de Carvalho, 37"
412,PARQUE BURNIER.,10073557,11:35:00,6,0,0,16,2025-01-08T00:00:00.000Z,-43.332479840000,-21.762640710000,"Rua Olga Burnier, 356"
412,PARQUE BURNIER.,10072316,11:35:00,11,0,1,16,2025-01-08T00:00:00.000Z,-43.328204750000,-21.763332370000,"Rua José Teodoro dos Santos, 145"
412,PARQUE BURNIER.,10073552,11:35:00,3,0,0,16,2025-01-08T00:00:00.000Z,-43.335479020000,-21.760313550000,"Rua São Geraldo, 84"
412,PARQUE BURNIER.,10072358,11:35:00,18,6,0,11,2025-01-08T00:00:00.000Z,-43.328687310000,-21.761675740000,"Rua Natalino José de Paula, 112 - Ponto Final do Parque Burnier"
412,PARQUE BURNIER.,10072356,11:35:00,17,2,1,5,2025-01-08T00:00:00.000Z,-43.327793950000,-21.762107030000,"Rua Natalino José de Paula, 271"
412,PARQUE BURNIER.,10072359,11:35:00,14,0,4,8,2025-01-08T00:00:00.000Z,-43.326282500000,-21.763143540000,"Rua Adelaide Campos de Resende, 651"
412,PARQUE BURNIER.,10072375,11:35:00,16,0,1,4,2025-01-08T00:00:00.000Z,-43.327420830000,-21.762727850000,"Rua Natalino José de Paula, 319"
412,PARQUE BURNIER.,10072377,11:35:00,12,0,0,16,2025-01-08T00:00:00.000Z,-43.327321890000,-21.764062650000,"Rua José Teodoro dos Santos, 25"
412,PARQUE BURNIER.,10072296,11:35:00,9,0,0,16,2025-01-08T00:00:00.000Z,-43.329374790000,-21.763440430000,"Rua Adelaide Campos de Resende, 975"
412,PARQUE BURNIER.,10072301,11:35:00,8,0,0,16,2025-01-08T00:00:00.000Z,-43.330138330000,-21.763252970000,"Rua Adelaide Campos de Resende, 1061"
412,PARQUE BURNIER.,10071108,11:35:00,1,16,0,16,2025-01-08T00:00:00.000Z,-43.349331860000,-21.758144610000,"Avenida Getúlio Vargas, 835"
412,PARQUE BURNIER.,10072328,11:35:00,13,0,4,12,2025-01-08T00:00:00.000Z,-43.326450350000,-21.763683320000,"Rua Adelaide Campos de Resende, 669"
412,PARQUE BURNIER.,10073589,12:10:00,4,2,0,4,2025-01-08T00:00:00.000Z,-43.326568960000,-21.763629600000,"Rua Adelaide Campos de Resende, 706"
412,PARQUE BURNIER.,10072335,12:10:00,12,0,0,8,2025-01-08T00:00:00.000Z,-43.333453420000,-21.761562350000,"Rua Olga Burnier, 233"
412,PARQUE BURNIER.,10073584,12:10:00,8,1,0,5,2025-01-08T00:00:00.000Z,-43.329363350000,-21.763255450000,"Rua Adelaide Campos de Resende, 984"
412,PARQUE BURNIER.,10072309,12:10:00,5,0,1,3,2025-01-08T00:00:00.000Z,-43.327273730000,-21.763967940000,"Rua José Teodoro dos Santos, 28"
412,PARQUE BURNIER.,10072386,12:10:00,7,1,0,4,2025-01-08T00:00:00.000Z,-43.328850270000,-21.762325320000,"Rua José Teodoro dos Santos, 292"
412,PARQUE BURNIER.,10072302,12:10:00,15,1,1,9,2025-01-08T00:00:00.000Z,-43.338029500000,-21.760323850000,"Avenida Sete de Setembro, 623"
412,PARQUE BURNIER.,10073583,12:10:00,9,1,0,6,2025-01-08T00:00:00.000Z,-43.330207820000,-21.763072230000,"Rua Adelaide Campos de Resende, 1070"
412,PARQUE BURNIER.,10072337,12:10:00,13,0,0,8,2025-01-08T00:00:00.000Z,-43.334540130000,-21.760522960000,"Rua Olga Burnier, 67"
412,PARQUE BURNIER.,10072382,12:10:00,11,2,0,8,2025-01-08T00:00:00.000Z,-43.332369450000,-21.762522520000,"Rua Olga Burnier, 361"
412,PARQUE BURNIER.,10072362,12:10:00,3,1,0,2,2025-01-08T00:00:00.000Z,-43.327527760000,-21.762798310000,"Rua Natalino José de Paula, 310"
412,PARQUE BURNIER.,10074194,12:10:00,16,3,3,9,2025-01-08T00:00:00.000Z,-43.342338620000,-21.760505960000,"Rua Ângelo Falci, 55"
412,PARQUE BURNIER.,10071108,12:10:00,17,0,3,6,2025-01-08T00:00:00.000Z,-43.349331860000,-21.758144610000,"Avenida Getúlio Vargas, 835"
412,PARQUE BURNIER.,10072332,12:10:00,14,1,0,9,2025-01-08T00:00:00.000Z,-43.335533860000,-21.760131640000,"Rua São Geraldo, 89"
412,PARQUE BURNIER.,10072380,12:10:00,10,0,0,6,2025-01-08T00:00:00.000Z,-43.331466790000,-21.763337580000,"Rua Olga Burnier, 485"
412,PARQUE BURNIER.,10072384,12:10:00,6,1,1,3,2025-01-08T00:00:00.000Z,-43.327999480000,-21.763301540000,"Rua José Teodoro dos Santos, 126"
412,PARQUE BURNIER.,10072363,12:10:00,2,1,0,1,2025-01-08T00:00:00.000Z,-43.327885630000,-21.762179390000,"Rua Natalino José de Paula, 288"
412,PARQUE BURNIER.,10072358,12:10:00,1,0,0,0,2025-01-08T00:00:00.000Z,-43.328687310000,-21.761675740000,"Rua Natalino José de Paula, 112 - Ponto Final do Parque Burnier"
412,PARQUE BURNIER.,10072313,12:30:00,10,0,0,31,2025-01-08T00:00:00.000Z,-43.328846690000,-21.762504770000,"Rua José Teodoro dos Santos, 275"
412,PARQUE BURNIER.,10072301,12:30:00,8,0,0,31,2025-01-08T00:00:00.000Z,-43.330138330000,-21.763252970000,"Rua Adelaide Campos de Resende, 1061"
412,PARQUE BURNIER.,10072377,12:30:00,12,0,0,30,2025-01-08T00:00:00.000Z,-43.327321890000,-21.764062650000,"Rua José Teodoro dos Santos, 25"
412,PARQUE BURNIER.,10071503,12:30:00,15,0,4,18,2025-01-08T00:00:00.000Z,-43.326207040000,-21.762717810000,"Rua Natalino José de Paula, 421"
412,PARQUE BURNIER.,10071108,12:30:00,1,31,0,31,2025-01-08T00:00:00.000Z,-43.349331860000,-21.758144610000,"Avenida Getúlio Vargas, 835"
412,PARQUE BURNIER.,10073561,12:30:00,7,0,0,31,2025-01-08T00:00:00.000Z,-43.331552510000,-21.763418910000,"Rua Olga Burnier, 480"
412,PARQUE BURNIER.,10072296,12:30:00,9,0,0,31,2025-01-08T00:00:00.000Z,-43.329374790000,-21.763440430000,"Rua Adelaide Campos de Resende, 975"
412,PARQUE BURNIER.,10072316,12:30:00,11,0,1,30,2025-01-08T00:00:00.000Z,-43.328204750000,-21.763332370000,"Rua José Teodoro dos Santos, 145"
412,PARQUE BURNIER.,10072358,12:30:00,18,0,0,16,2025-01-08T00:00:00.000Z,-43.328687310000,-21.761675740000,"Rua Natalino José de Paula, 112 - Ponto Final do Parque Burnier"
412,PARQUE BURNIER.,10072359,12:30:00,14,0,4,22,2025-01-08T00:00:00.000Z,-43.326282500000,-21.763143540000,"Rua Adelaide Campos de Resende, 651"
412,PARQUE BURNIER.,10073552,12:30:00,3,0,0,31,2025-01-08T00:00:00.000Z,-43.335479020000,-21.760313550000,"Rua São Geraldo, 84"
412,PARQUE BURNIER.,10072305,12:30:00,2,0,0,31,2025-01-08T00:00:00.000Z,-43.337478970000,-21.760922950000,"Rua Djalma de Carvalho, 37"
412,PARQUE BURNIER.,10073558,12:30:00,4,0,0,31,2025-01-08T00:00:00.000Z,-43.334645750000,-21.760669710000,"Rua Olga Burnier, 70"
412,PARQUE BURNIER.,10072375,12:30:00,16,0,1,17,2025-01-08T00:00:00.000Z,-43.327420830000,-21.762727850000,"Rua Natalino José de Paula, 319"
412,PARQUE BURNIER.,10072356,12:30:00,17,0,1,16,2025-01-08T00:00:00.000Z,-43.327793950000,-21.762107030000,"Rua Natalino José de Paula, 271"
412,PARQUE BURNIER.,10072328,12:30:00,13,0,4,26,2025-01-08T00:00:00.000Z,-43.326450350000,-21.763683320000,"Rua Adelaide Campos de Resende, 669"
412,PARQUE BURNIER.,10073560,12:30:00,5,0,0,31,2025-01-08T00:00:00.000Z,-43.333589670000,-21.761652280000,"Rua Olga Burnier, 230"
412,PARQUE BURNIER.,10073557,12:30:00,6,0,0,31,2025-01-08T00:00:00.000Z,-43.332479840000,-21.762640710000,"Rua Olga Burnier, 356"
412,PARQUE BURNIER.,10071108,13:05:00,17,0,4,9,2025-01-08T00:00:00.000Z,-43.349331860000,-21.758144610000,"Avenida Getúlio Vargas, 835"
412,PARQUE BURNIER.,10072302,13:05:00,15,0,0,14,2025-01-08T00:00:00.000Z,-43.338029500000,-21.760323850000,"Avenida Sete de Setembro, 623"
412,PARQUE BURNIER.,10073589,13:05:00,4,6,0,6,2025-01-08T00:00:00.000Z,-43.326568960000,-21.763629600000,"Rua Adelaide Campos de Resende, 706"
412,PARQUE BURNIER.,10074194,13:05:00,16,5,6,13,2025-01-08T00:00:00.000Z,-43.342338620000,-21.760505960000,"Rua Ângelo Falci, 55"
412,PARQUE BURNIER.,10072386,13:05:00,7,3,0,12,2025-01-08T00:00:00.000Z,-43.328850270000,-21.762325320000,"Rua José Teodoro dos Santos, 292"
412,PARQUE BURNIER.,10072309,13:05:00,5,1,0,7,2025-01-08T00:00:00.000Z,-43.327273730000,-21.763967940000,"Rua José Teodoro dos Santos, 28"
412,PARQUE BURNIER.,10072335,13:05:00,12,0,0,14,2025-01-08T00:00:00.000Z,-43.333453420000,-21.761562350000,"Rua Olga Burnier, 233"
412,PARQUE BURNIER.,10072358,13:05:00,1,0,0,0,2025-01-08T00:00:00.000Z,-43.328687310000,-21.761675740000,"Rua Natalino José de Paula, 112 - Ponto Final do Parque Burnier"
412,PARQUE BURNIER.,10072363,13:05:00,2,0,0,0,2025-01-08T00:00:00.000Z,-43.327885630000,-21.762179390000,"Rua Natalino José de Paula, 288"
412,PARQUE BURNIER.,10072337,13:05:00,13,0,0,14,2025-01-08T00:00:00.000Z,-43.334540130000,-21.760522960000,"Rua Olga Burnier, 67"
412,PARQUE BURNIER.,10072382,13:05:00,11,0,0,14,2025-01-08T00:00:00.000Z,-43.332369450000,-21.762522520000,"Rua Olga Burnier, 361"
412,PARQUE BURNIER.,10072362,13:05:00,3,0,0,0,2025-01-08T00:00:00.000Z,-43.327527760000,-21.762798310000,"Rua Natalino José de Paula, 310"
412,PARQUE BURNIER.,10072384,13:05:00,6,2,0,9,2025-01-08T00:00:00.000Z,-43.327999480000,-21.763301540000,"Rua José Teodoro dos Santos, 126"
412,PARQUE BURNIER.,10073584,13:05:00,8,1,0,13,2025-01-08T00:00:00.000Z,-43.329363350000,-21.763255450000,"Rua Adelaide Campos de Resende, 984"
412,PARQUE BURNIER.,10072332,13:05:00,14,0,0,14,2025-01-08T00:00:00.000Z,-43.335533860000,-21.760131640000,"Rua São Geraldo, 89"
412,PARQUE BURNIER.,10073583,13:05:00,9,1,0,14,2025-01-08T00:00:00.000Z,-43.330207820000,-21.763072230000,"Rua Adelaide Campos de Resende, 1070"
412,PARQUE BURNIER.,10072380,13:05:00,10,0,0,14,2025-01-08T00:00:00.000Z,-43.331466790000,-21.763337580000,"Rua Olga Burnier, 485"
412,PARQUE BURNIER.,10072358,13:25:00,18,5,0,5,2025-01-08T00:00:00.000Z,-43.328687310000,-21.761675740000,"Rua Natalino José de Paula, 112 - Ponto Final do Parque Burnier"
412,PARQUE BURNIER.,10073552,13:25:00,3,0,0,5,2025-01-08T00:00:00.000Z,-43.335479020000,-21.760313550000,"Rua São Geraldo, 84"
412,PARQUE BURNIER.,10072377,13:25:00,12,0,1,1,2025-01-08T00:00:00.000Z,-43.327321890000,-21.764062650000,"Rua José Teodoro dos Santos, 25"
412,PARQUE BURNIER.,10072313,13:25:00,10,0,0,3,2025-01-08T00:00:00.000Z,-43.328846690000,-21.762504770000,"Rua José Teodoro dos Santos, 275"
412,PARQUE BURNIER.,10073557,13:25:00,6,0,0,5,2025-01-08T00:00:00.000Z,-43.332479840000,-21.762640710000,"Rua Olga Burnier, 356"
412,PARQUE BURNIER.,10073558,13:25:00,4,0,0,5,2025-01-08T00:00:00.000Z,-43.334645750000,-21.760669710000,"Rua Olga Burnier, 70"
412,PARQUE BURNIER.,10071108,13:25:00,1,4,0,4,2025-01-08T00:00:00.000Z,-43.349331860000,-21.758144610000,"Avenida Getúlio Vargas, 835"
412,PARQUE BURNIER.,10072305,13:25:00,2,1,0,5,2025-01-08T00:00:00.000Z,-43.337478970000,-21.760922950000,"Rua Djalma de Carvalho, 37"
412,PARQUE BURNIER.,10072356,13:25:00,17,0,0,0,2025-01-08T00:00:00.000Z,-43.327793950000,-21.762107030000,"Rua Natalino José de Paula, 271"
412,PARQUE BURNIER.,10072316,13:25:00,11,0,1,2,2025-01-08T00:00:00.000Z,-43.328204750000,-21.763332370000,"Rua José Teodoro dos Santos, 145"
412,PARQUE BURNIER.,10073561,13:25:00,7,0,0,5,2025-01-08T00:00:00.000Z,-43.331552510000,-21.763418910000,"Rua Olga Burnier, 480"
412,PARQUE BURNIER.,10072301,13:25:00,8,0,0,5,2025-01-08T00:00:00.000Z,-43.330138330000,-21.763252970000,"Rua Adelaide Campos de Resende, 1061"
412,PARQUE BURNIER.,10071503,13:25:00,15,0,0,0,2025-01-08T00:00:00.000Z,-43.326207040000,-21.762717810000,"Rua Natalino José de Paula, 421"
412,PARQUE BURNIER.,10072296,13:25:00,9,0,2,3,2025-01-08T00:00:00.000Z,-43.329374790000,-21.763440430000,"Rua Adelaide Campos de Resende, 975"
412,PARQUE BURNIER.,10072328,13:25:00,13,0,1,0,2025-01-08T00:00:00.000Z,-43.326450350000,-21.763683320000,"Rua Adelaide Campos de Resende, 669"
412,PARQUE BURNIER.,10072359,13:25:00,14,0,0,0,2025-01-08T00:00:00.000Z,-43.326282500000,-21.763143540000,"Rua Adelaide Campos de Resende, 651"
412,PARQUE BURNIER.,10073560,13:25:00,5,0,0,5,2025-01-08T00:00:00.000Z,-43.333589670000,-21.761652280000,"Rua Olga Burnier, 230"
412,PARQUE BURNIER.,10072375,13:25:00,16,0,0,0,2025-01-08T00:00:00.000Z,-43.327420830000,-21.762727850000,"Rua Natalino José de Paula, 319"
412,PARQUE BURNIER.,10072386,14:00:00,7,3,0,9,2025-01-08T00:00:00.000Z,-43.328850270000,-21.762325320000,"Rua José Teodoro dos Santos, 292"
412,PARQUE BURNIER.,10072382,14:00:00,11,0,0,14,2025-01-08T00:00:00.000Z,-43.332369450000,-21.762522520000,"Rua Olga Burnier, 361"
412,PARQUE BURNIER.,10072358,14:00:00,1,0,0,0,2025-01-08T00:00:00.000Z,-43.328687310000,-21.761675740000,"Rua Natalino José de Paula, 112 - Ponto Final do Parque Burnier"
412,PARQUE BURNIER.,10072363,14:00:00,2,1,0,1,2025-01-08T00:00:00.000Z,-43.327885630000,-21.762179390000,"Rua Natalino José de Paula, 288"
412,PARQUE BURNIER.,10072380,14:00:00,10,2,0,14,2025-01-08T00:00:00.000Z,-43.331466790000,-21.763337580000,"Rua Olga Burnier, 485"
412,PARQUE BURNIER.,10074194,14:00:00,16,15,3,29,2025-01-08T00:00:00.000Z,-43.342338620000,-21.760505960000,"Rua Ângelo Falci, 55"
412,PARQUE BURNIER.,10072335,14:00:00,12,2,0,16,2025-01-08T00:00:00.000Z,-43.333453420000,-21.761562350000,"Rua Olga Burnier, 233"
412,PARQUE BURNIER.,10073584,14:00:00,8,2,0,11,2025-01-08T00:00:00.000Z,-43.329363350000,-21.763255450000,"Rua Adelaide Campos de Resende, 984"
412,PARQUE BURNIER.,10073589,14:00:00,4,3,1,3,2025-01-08T00:00:00.000Z,-43.326568960000,-21.763629600000,"Rua Adelaide Campos de Resende, 706"
412,PARQUE BURNIER.,10072384,14:00:00,6,3,0,6,2025-01-08T00:00:00.000Z,-43.327999480000,-21.763301540000,"Rua José Teodoro dos Santos, 126"
412,PARQUE BURNIER.,10072309,14:00:00,5,0,0,3,2025-01-08T00:00:00.000Z,-43.327273730000,-21.763967940000,"Rua José Teodoro dos Santos, 28"
412,PARQUE BURNIER.,10073583,14:00:00,9,1,0,12,2025-01-08T00:00:00.000Z,-43.330207820000,-21.763072230000,"Rua Adelaide Campos de Resende, 1070"
412,PARQUE BURNIER.,10072332,14:00:00,14,0,0,16,2025-01-08T00:00:00.000Z,-43.335533860000,-21.760131640000,"Rua São Geraldo, 89"
412,PARQUE BURNIER.,10072337,14:00:00,13,0,0,16,2025-01-08T00:00:00.000Z,-43.334540130000,-21.760522960000,"Rua Olga Burnier, 67"
412,PARQUE BURNIER.,10072302,14:00:00,15,2,1,17,2025-01-08T00:00:00.000Z,-43.338029500000,-21.760323850000,"Avenida Sete de Setembro, 623"
412,PARQUE BURNIER.,10071108,14:00:00,17,0,22,7,2025-01-08T00:00:00.000Z,-43.349331860000,-21.758144610000,"Avenida Getúlio Vargas, 835"
412,PARQUE BURNIER.,10072362,14:00:00,3,0,0,1,2025-01-08T00:00:00.000Z,-43.327527760000,-21.762798310000,"Rua Natalino José de Paula, 310"
412,PARQUE BURNIER.,10073558,14:20:00,4,0,1,14,2025-01-08T00:00:00.000Z,-43.334645750000,-21.760669710000,"Rua Olga Burnier, 70"
412,PARQUE BURNIER.,10072356,14:20:00,17,0,1,5,2025-01-08T00:00:00.000Z,-43.327793950000,-21.762107030000,"Rua Natalino José de Paula, 271"
412,PARQUE BURNIER.,10072375,14:20:00,16,0,5,6,2025-01-08T00:00:00.000Z,-43.327420830000,-21.762727850000,"Rua Natalino José de Paula, 319"
412,PARQUE BURNIER.,10072313,14:20:00,10,0,1,12,2025-01-08T00:00:00.000Z,-43.328846690000,-21.762504770000,"Rua José Teodoro dos Santos, 275"
412,PARQUE BURNIER.,10073557,14:20:00,6,0,0,14,2025-01-08T00:00:00.000Z,-43.332479840000,-21.762640710000,"Rua Olga Burnier, 356"
412,PARQUE BURNIER.,10072296,14:20:00,9,0,1,13,2025-01-08T00:00:00.000Z,-43.329374790000,-21.763440430000,"Rua Adelaide Campos de Resende, 975"
412,PARQUE BURNIER.,10072358,14:20:00,18,2,0,7,2025-01-08T00:00:00.000Z,-43.328687310000,-21.761675740000,"Rua Natalino José de Paula, 112 - Ponto Final do Parque Burnier"
412,PARQUE BURNIER.,10073560,14:20:00,5,0,0,14,2025-01-08T00:00:00.000Z,-43.333589670000,-21.761652280000,"Rua Olga Burnier, 230"
412,PARQUE BURNIER.,10072328,14:20:00,13,0,0,11,2025-01-08T00:00:00.000Z,-43.326450350000,-21.763683320000,"Rua Adelaide Campos de Resende, 669"
412,PARQUE BURNIER.,10071503,14:20:00,15,0,2,11,2025-01-08T00:00:00.000Z,-43.326207040000,-21.762717810000,"Rua Natalino José de Paula, 421"
412,PARQUE BURNIER.,10072316,14:20:00,11,0,0,12,2025-01-08T00:00:00.000Z,-43.328204750000,-21.763332370000,"Rua José Teodoro dos Santos, 145"
412,PARQUE BURNIER.,10072301,14:20:00,8,0,0,14,2025-01-08T00:00:00.000Z,-43.330138330000,-21.763252970000,"Rua Adelaide Campos de Resende, 1061"
412,PARQUE BURNIER.,10073561,14:20:00,7,0,0,14,2025-01-08T00:00:00.000Z,-43.331552510000,-21.763418910000,"Rua Olga Burnier, 480"
412,PARQUE BURNIER.,10073552,14:20:00,3,0,1,15,2025-01-08T00:00:00.000Z,-43.335479020000,-21.760313550000,"Rua São Geraldo, 84"
412,PARQUE BURNIER.,10071108,14:20:00,1,19,0,19,2025-01-08T00:00:00.000Z,-43.349331860000,-21.758144610000,"Avenida Getúlio Vargas, 835"
412,PARQUE BURNIER.,10072359,14:20:00,14,2,0,13,2025-01-08T00:00:00.000Z,-43.326282500000,-21.763143540000,"Rua Adelaide Campos de Resende, 651"
412,PARQUE BURNIER.,10072377,14:20:00,12,0,1,11,2025-01-08T00:00:00.000Z,-43.327321890000,-21.764062650000,"Rua José Teodoro dos Santos, 25"
412,PARQUE BURNIER.,10072305,14:20:00,2,0,3,16,2025-01-08T00:00:00.000Z,-43.337478970000,-21.760922950000,"Rua Djalma de Carvalho, 37"
412,PARQUE BURNIER.,10072380,14:55:00,10,0,0,3,2025-01-08T00:00:00.000Z,-43.331466790000,-21.763337580000,"Rua Olga Burnier, 485"
412,PARQUE BURNIER.,10073589,14:55:00,4,2,0,2,2025-01-08T00:00:00.000Z,-43.326568960000,-21.763629600000,"Rua Adelaide Campos de Resende, 706"
412,PARQUE BURNIER.,10072332,14:55:00,14,0,2,3,2025-01-08T00:00:00.000Z,-43.335533860000,-21.760131640000,"Rua São Geraldo, 89"
412,PARQUE BURNIER.,10074194,14:55:00,16,14,1,15,2025-01-08T00:00:00.000Z,-43.342338620000,-21.760505960000,"Rua Ângelo Falci, 55"
412,PARQUE BURNIER.,10072309,14:55:00,5,1,0,3,2025-01-08T00:00:00.000Z,-43.327273730000,-21.763967940000,"Rua José Teodoro dos Santos, 28"
412,PARQUE BURNIER.,10072302,14:55:00,15,0,1,2,2025-01-08T00:00:00.000Z,-43.338029500000,-21.760323850000,"Avenida Sete de Setembro, 623"
412,PARQUE BURNIER.,10072362,14:55:00,3,0,0,0,2025-01-08T00:00:00.000Z,-43.327527760000,-21.762798310000,"Rua Natalino José de Paula, 310"
412,PARQUE BURNIER.,10072382,14:55:00,11,0,0,3,2025-01-08T00:00:00.000Z,-43.332369450000,-21.762522520000,"Rua Olga Burnier, 361"
412,PARQUE BURNIER.,10072363,14:55:00,2,0,0,0,2025-01-08T00:00:00.000Z,-43.327885630000,-21.762179390000,"Rua Natalino José de Paula, 288"
412,PARQUE BURNIER.,10072386,14:55:00,7,0,0,3,2025-01-08T00:00:00.000Z,-43.328850270000,-21.762325320000,"Rua José Teodoro dos Santos, 292"
412,PARQUE BURNIER.,10073584,14:55:00,8,0,1,2,2025-01-08T00:00:00.000Z,-43.329363350000,-21.763255450000,"Rua Adelaide Campos de Resende, 984"
412,PARQUE BURNIER.,10072335,14:55:00,12,2,1,4,2025-01-08T00:00:00.000Z,-43.333453420000,-21.761562350000,"Rua Olga Burnier, 233"
412,PARQUE BURNIER.,10072384,14:55:00,6,0,0,3,2025-01-08T00:00:00.000Z,-43.327999480000,-21.763301540000,"Rua José Teodoro dos Santos, 126"
412,PARQUE BURNIER.,10072337,14:55:00,13,1,0,5,2025-01-08T00:00:00.000Z,-43.334540130000,-21.760522960000,"Rua Olga Burnier, 67"
412,PARQUE BURNIER.,10073583,14:55:00,9,1,0,3,2025-01-08T00:00:00.000Z,-43.330207820000,-21.763072230000,"Rua Adelaide Campos de Resende, 1070"
412,PARQUE BURNIER.,10072358,14:55:00,1,0,0,0,2025-01-08T00:00:00.000Z,-43.328687310000,-21.761675740000,"Rua Natalino José de Paula, 112 - Ponto Final do Parque Burnier"
412,PARQUE BURNIER.,10071108,14:55:00,17,0,15,0,2025-01-08T00:00:00.000Z,-43.349331860000,-21.758144610000,"Avenida Getúlio Vargas, 835"
412,PARQUE BURNIER.,10072316,15:15:00,11,0,0,12,2025-01-08T00:00:00.000Z,-43.328204750000,-21.763332370000,"Rua José Teodoro dos Santos, 145"
412,PARQUE BURNIER.,10072358,15:15:00,18,0,0,11,2025-01-08T00:00:00.000Z,-43.328687310000,-21.761675740000,"Rua Natalino José de Paula, 112 - Ponto Final do Parque Burnier"
412,PARQUE BURNIER.,10072301,15:15:00,8,0,0,13,2025-01-08T00:00:00.000Z,-43.330138330000,-21.763252970000,"Rua Adelaide Campos de Resende, 1061"
412,PARQUE BURNIER.,10072313,15:15:00,10,0,0,12,2025-01-08T00:00:00.000Z,-43.328846690000,-21.762504770000,"Rua José Teodoro dos Santos, 275"
412,PARQUE BURNIER.,10072359,15:15:00,14,0,0,12,2025-01-08T00:00:00.000Z,-43.326282500000,-21.763143540000,"Rua Adelaide Campos de Resende, 651"
412,PARQUE BURNIER.,10073558,15:15:00,4,0,0,13,2025-01-08T00:00:00.000Z,-43.334645750000,-21.760669710000,"Rua Olga Burnier, 70"
412,PARQUE BURNIER.,10073557,15:15:00,6,0,0,13,2025-01-08T00:00:00.000Z,-43.332479840000,-21.762640710000,"Rua Olga Burnier, 356"
412,PARQUE BURNIER.,10072296,15:15:00,9,0,1,12,2025-01-08T00:00:00.000Z,-43.329374790000,-21.763440430000,"Rua Adelaide Campos de Resende, 975"
412,PARQUE BURNIER.,10073552,15:15:00,3,0,0,13,2025-01-08T00:00:00.000Z,-43.335479020000,-21.760313550000,"Rua São Geraldo, 84"
412,PARQUE BURNIER.,10073560,15:15:00,5,0,0,13,2025-01-08T00:00:00.000Z,-43.333589670000,-21.761652280000,"Rua Olga Burnier, 230"
412,PARQUE BURNIER.,10073561,15:15:00,7,0,0,13,2025-01-08T00:00:00.000Z,-43.331552510000,-21.763418910000,"Rua Olga Burnier, 480"
412,PARQUE BURNIER.,10072356,15:15:00,17,0,0,11,2025-01-08T00:00:00.000Z,-43.327793950000,-21.762107030000,"Rua Natalino José de Paula, 271"
412,PARQUE BURNIER.,10072328,15:15:00,13,0,0,12,2025-01-08T00:00:00.000Z,-43.326450350000,-21.763683320000,"Rua Adelaide Campos de Resende, 669"
412,PARQUE BURNIER.,10071503,15:15:00,15,0,1,11,2025-01-08T00:00:00.000Z,-43.326207040000,-21.762717810000,"Rua Natalino José de Paula, 421"
412,PARQUE BURNIER.,10072375,15:15:00,16,0,0,11,2025-01-08T00:00:00.000Z,-43.327420830000,-21.762727850000,"Rua Natalino José de Paula, 319"
412,PARQUE BURNIER.,10072377,15:15:00,12,0,0,12,2025-01-08T00:00:00.000Z,-43.327321890000,-21.764062650000,"Rua José Teodoro dos Santos, 25"
412,PARQUE BURNIER.,10071108,15:15:00,1,13,0,13,2025-01-08T00:00:00.000Z,-43.349331860000,-21.758144610000,"Avenida Getúlio Vargas, 835"
412,PARQUE BURNIER.,10072305,15:15:00,2,3,3,13,2025-01-08T00:00:00.000Z,-43.337478970000,-21.760922950000,"Rua Djalma de Carvalho, 37"
412,PARQUE BURNIER.,10073584,15:50:00,8,1,0,7,2025-01-08T00:00:00.000Z,-43.329363350000,-21.763255450000,"Rua Adelaide Campos de Resende, 984"
412,PARQUE BURNIER.,10073583,15:50:00,9,0,0,7,2025-01-08T00:00:00.000Z,-43.330207820000,-21.763072230000,"Rua Adelaide Campos de Resende, 1070"
412,PARQUE BURNIER.,10072309,15:50:00,5,1,1,5,2025-01-08T00:00:00.000Z,-43.327273730000,-21.763967940000,"Rua José Teodoro dos Santos, 28"
412,PARQUE BURNIER.,10072363,15:50:00,2,0,0,0,2025-01-08T00:00:00.000Z,-43.327885630000,-21.762179390000,"Rua Natalino José de Paula, 288"
412,PARQUE BURNIER.,10073589,15:50:00,4,4,0,5,2025-01-08T00:00:00.000Z,-43.326568960000,-21.763629600000,"Rua Adelaide Campos de Resende, 706"
412,PARQUE BURNIER.,10072382,15:50:00,11,1,0,8,2025-01-08T00:00:00.000Z,-43.332369450000,-21.762522520000,"Rua Olga Burnier, 361"
412,PARQUE BURNIER.,10072302,15:50:00,15,0,1,7,2025-01-08T00:00:00.000Z,-43.338029500000,-21.760323850000,"Avenida Sete de Setembro, 623"
412,PARQUE BURNIER.,10072386,15:50:00,7,1,0,6,2025-01-08T00:00:00.000Z,-43.328850270000,-21.762325320000,"Rua José Teodoro dos Santos, 292"
412,PARQUE BURNIER.,10072337,15:50:00,13,0,0,8,2025-01-08T00:00:00.000Z,-43.334540130000,-21.760522960000,"Rua Olga Burnier, 67"
412,PARQUE BURNIER.,10074194,15:50:00,16,9,1,15,2025-01-08T00:00:00.000Z,-43.342338620000,-21.760505960000,"Rua Ângelo Falci, 55"
412,PARQUE BURNIER.,10071108,15:50:00,17,0,15,0,2025-01-08T00:00:00.000Z,-43.349331860000,-21.758144610000,"Avenida Getúlio Vargas, 835"
412,PARQUE BURNIER.,10072358,15:50:00,1,0,0,0,2025-01-08T00:00:00.000Z,-43.328687310000,-21.761675740000,"Rua Natalino José de Paula, 112 - Ponto Final do Parque Burnier"
412,PARQUE BURNIER.,10072362,15:50:00,3,1,0,1,2025-01-08T00:00:00.000Z,-43.327527760000,-21.762798310000,"Rua Natalino José de Paula, 310"
412,PARQUE BURNIER.,10072332,15:50:00,14,0,0,8,2025-01-08T00:00:00.000Z,-43.335533860000,-21.760131640000,"Rua São Geraldo, 89"
412,PARQUE BURNIER.,10072335,15:50:00,12,0,0,8,2025-01-08T00:00:00.000Z,-43.333453420000,-21.761562350000,"Rua Olga Burnier, 233"
412,PARQUE BURNIER.,10072380,15:50:00,10,0,0,7,2025-01-08T00:00:00.000Z,-43.331466790000,-21.763337580000,"Rua Olga Burnier, 485"
412,PARQUE BURNIER.,10072384,15:50:00,6,0,0,5,2025-01-08T00:00:00.000Z,-43.327999480000,-21.763301540000,"Rua José Teodoro dos Santos, 126"
412,PARQUE BURNIER.,10073557,16:10:00,6,0,0,16,2025-01-08T00:00:00.000Z,-43.332479840000,-21.762640710000,"Rua Olga Burnier, 356"
412,PARQUE BURNIER.,10073560,16:10:00,5,0,2,16,2025-01-08T00:00:00.000Z,-43.333589670000,-21.761652280000,"Rua Olga Burnier, 230"
412,PARQUE BURNIER.,10072316,16:10:00,11,0,0,15,2025-01-08T00:00:00.000Z,-43.328204750000,-21.763332370000,"Rua José Teodoro dos Santos, 145"
412,PARQUE BURNIER.,10073558,16:10:00,4,0,1,18,2025-01-08T00:00:00.000Z,-43.334645750000,-21.760669710000,"Rua Olga Burnier, 70"
412,PARQUE BURNIER.,10073552,16:10:00,3,0,0,19,2025-01-08T00:00:00.000Z,-43.335479020000,-21.760313550000,"Rua São Geraldo, 84"
412,PARQUE BURNIER.,10072356,16:10:00,17,3,0,10,2025-01-08T00:00:00.000Z,-43.327793950000,-21.762107030000,"Rua Natalino José de Paula, 271"
412,PARQUE BURNIER.,10072359,16:10:00,14,0,2,10,2025-01-08T00:00:00.000Z,-43.326282500000,-21.763143540000,"Rua Adelaide Campos de Resende, 651"
412,PARQUE BURNIER.,10072358,16:10:00,18,3,0,13,2025-01-08T00:00:00.000Z,-43.328687310000,-21.761675740000,"Rua Natalino José de Paula, 112 - Ponto Final do Parque Burnier"
412,PARQUE BURNIER.,10072305,16:10:00,2,3,0,19,2025-01-08T00:00:00.000Z,-43.337478970000,-21.760922950000,"Rua Djalma de Carvalho, 37"
412,PARQUE BURNIER.,10073561,16:10:00,7,0,0,16,2025-01-08T00:00:00.000Z,-43.331552510000,-21.763418910000,"Rua Olga Burnier, 480"
412,PARQUE BURNIER.,10072301,16:10:00,8,0,1,15,2025-01-08T00:00:00.000Z,-43.330138330000,-21.763252970000,"Rua Adelaide Campos de Resende, 1061"
412,PARQUE BURNIER.,10072375,16:10:00,16,0,0,7,2025-01-08T00:00:00.000Z,-43.327420830000,-21.762727850000,"Rua Natalino José de Paula, 319"
412,PARQUE BURNIER.,10072377,16:10:00,12,0,1,14,2025-01-08T00:00:00.000Z,-43.327321890000,-21.764062650000,"Rua José Teodoro dos Santos, 25"
412,PARQUE BURNIER.,10071503,16:10:00,15,0,3,7,2025-01-08T00:00:00.000Z,-43.326207040000,-21.762717810000,"Rua Natalino José de Paula, 421"
412,PARQUE BURNIER.,10072328,16:10:00,13,0,2,12,2025-01-08T00:00:00.000Z,-43.326450350000,-21.763683320000,"Rua Adelaide Campos de Resende, 669"
412,PARQUE BURNIER.,10072313,16:10:00,10,0,0,15,2025-01-08T00:00:00.000Z,-43.328846690000,-21.762504770000,"Rua José Teodoro dos Santos, 275"
412,PARQUE BURNIER.,10072296,16:10:00,9,0,0,15,2025-01-08T00:00:00.000Z,-43.329374790000,-21.763440430000,"Rua Adelaide Campos de Resende, 975"
412,PARQUE BURNIER.,10071108,16:10:00,1,16,0,16,2025-01-08T00:00:00.000Z,-43.349331860000,-21.758144610000,"Avenida Getúlio Vargas, 835"
412,PARQUE BURNIER.,10072363,16:45:00,2,1,0,1,2025-01-08T00:00:00.000Z,-43.327885630000,-21.762179390000,"Rua Natalino José de Paula, 288"
412,PARQUE BURNIER.,10074194,16:45:00,16,14,1,25,2025-01-08T00:00:00.000Z,-43.342338620000,-21.760505960000,"Rua Ângelo Falci, 55"
412,PARQUE BURNIER.,10073589,16:45:00,4,0,0,6,2025-01-08T00:00:00.000Z,-43.326568960000,-21.763629600000,"Rua Adelaide Campos de Resende, 706"
412,PARQUE BURNIER.,10072335,16:45:00,12,0,0,7,2025-01-08T00:00:00.000Z,-43.333453420000,-21.761562350000,"Rua Olga Burnier, 233"
412,PARQUE BURNIER.,10072332,16:45:00,14,1,0,9,2025-01-08T00:00:00.000Z,-43.335533860000,-21.760131640000,"Rua São Geraldo, 89"
412,PARQUE BURNIER.,10073583,16:45:00,9,0,0,7,2025-01-08T00:00:00.000Z,-43.330207820000,-21.763072230000,"Rua Adelaide Campos de Resende, 1070"
412,PARQUE BURNIER.,10072362,16:45:00,3,5,0,6,2025-01-08T00:00:00.000Z,-43.327527760000,-21.762798310000,"Rua Natalino José de Paula, 310"
412,PARQUE BURNIER.,10071108,16:45:00,17,0,25,0,2025-01-08T00:00:00.000Z,-43.349331860000,-21.758144610000,"Avenida Getúlio Vargas, 835"
412,PARQUE BURNIER.,10072380,16:45:00,10,0,0,7,2025-01-08T00:00:00.000Z,-43.331466790000,-21.763337580000,"Rua Olga Burnier, 485"
412,PARQUE BURNIER.,10072309,16:45:00,5,1,2,5,2025-01-08T00:00:00.000Z,-43.327273730000,-21.763967940000,"Rua José Teodoro dos Santos, 28"
412,PARQUE BURNIER.,10072384,16:45:00,6,0,0,5,2025-01-08T00:00:00.000Z,-43.327999480000,-21.763301540000,"Rua José Teodoro dos Santos, 126"
412,PARQUE BURNIER.,10072302,16:45:00,15,3,0,12,2025-01-08T00:00:00.000Z,-43.338029500000,-21.760323850000,"Avenida Sete de Setembro, 623"
412,PARQUE BURNIER.,10072337,16:45:00,13,1,0,8,2025-01-08T00:00:00.000Z,-43.334540130000,-21.760522960000,"Rua Olga Burnier, 67"
412,PARQUE BURNIER.,10073584,16:45:00,8,1,0,7,2025-01-08T00:00:00.000Z,-43.329363350000,-21.763255450000,"Rua Adelaide Campos de Resende, 984"
412,PARQUE BURNIER.,10072382,16:45:00,11,0,0,7,2025-01-08T00:00:00.000Z,-43.332369450000,-21.762522520000,"Rua Olga Burnier, 361"
412,PARQUE BURNIER.,10072386,16:45:00,7,1,0,6,2025-01-08T00:00:00.000Z,-43.328850270000,-21.762325320000,"Rua José Teodoro dos Santos, 292"
412,PARQUE BURNIER.,10072358,16:45:00,1,0,0,0,2025-01-08T00:00:00.000Z,-43.328687310000,-21.761675740000,"Rua Natalino José de Paula, 112 - Ponto Final do Parque Burnier"
412,PARQUE BURNIER.,10073561,17:05:00,7,0,0,23,2025-01-08T00:00:00.000Z,-43.331552510000,-21.763418910000,"Rua Olga Burnier, 480"
412,PARQUE BURNIER.,10072356,17:05:00,17,0,0,0,2025-01-08T00:00:00.000Z,-43.327793950000,-21.762107030000,"Rua Natalino José de Paula, 271"
412,PARQUE BURNIER.,10073552,17:05:00,3,0,0,24,2025-01-08T00:00:00.000Z,-43.335479020000,-21.760313550000,"Rua São Geraldo, 84"
412,PARQUE BURNIER.,10072328,17:05:00,13,0,15,1,2025-01-08T00:00:00.000Z,-43.326450350000,-21.763683320000,"Rua Adelaide Campos de Resende, 669"
412,PARQUE BURNIER.,10072375,17:05:00,16,0,0,0,2025-01-08T00:00:00.000Z,-43.327420830000,-21.762727850000,"Rua Natalino José de Paula, 319"
412,PARQUE BURNIER.,10072377,17:05:00,12,0,1,16,2025-01-08T00:00:00.000Z,-43.327321890000,-21.764062650000,"Rua José Teodoro dos Santos, 25"
412,PARQUE BURNIER.,10072316,17:05:00,11,0,2,17,2025-01-08T00:00:00.000Z,-43.328204750000,-21.763332370000,"Rua José Teodoro dos Santos, 145"
412,PARQUE BURNIER.,10072305,17:05:00,2,0,0,24,2025-01-08T00:00:00.000Z,-43.337478970000,-21.760922950000,"Rua Djalma de Carvalho, 37"
412,PARQUE BURNIER.,10072301,17:05:00,8,1,1,23,2025-01-08T00:00:00.000Z,-43.330138330000,-21.763252970000,"Rua Adelaide Campos de Resende, 1061"
412,PARQUE BURNIER.,10071503,17:05:00,15,0,0,0,2025-01-08T00:00:00.000Z,-43.326207040000,-21.762717810000,"Rua Natalino José de Paula, 421"
412,PARQUE BURNIER.,10072358,17:05:00,18,3,0,3,2025-01-08T00:00:00.000Z,-43.328687310000,-21.761675740000,"Rua Natalino José de Paula, 112 - Ponto Final do Parque Burnier"
412,PARQUE BURNIER.,10073558,17:05:00,4,0,0,24,2025-01-08T00:00:00.000Z,-43.334645750000,-21.760669710000,"Rua Olga Burnier, 70"
412,PARQUE BURNIER.,10072359,17:05:00,14,0,1,0,2025-01-08T00:00:00.000Z,-43.326282500000,-21.763143540000,"Rua Adelaide Campos de Resende, 651"
412,PARQUE BURNIER.,10072313,17:05:00,10,0,3,19,2025-01-08T00:00:00.000Z,-43.328846690000,-21.762504770000,"Rua José Teodoro dos Santos, 275"
412,PARQUE BURNIER.,10073557,17:05:00,6,0,1,23,2025-01-08T00:00:00.000Z,-43.332479840000,-21.762640710000,"Rua Olga Burnier, 356"
412,PARQUE BURNIER.,10071108,17:05:00,1,24,0,24,2025-01-08T00:00:00.000Z,-43.349331860000,-21.758144610000,"Avenida Getúlio Vargas, 835"
412,PARQUE BURNIER.,10073560,17:05:00,5,0,0,24,2025-01-08T00:00:00.000Z,-43.333589670000,-21.761652280000,"Rua Olga Burnier, 230"
412,PARQUE BURNIER.,10072296,17:05:00,9,0,1,22,2025-01-08T00:00:00.000Z,-43.329374790000,-21.763440430000,"Rua Adelaide Campos de Resende, 975"
412,PARQUE BURNIER.,10072363,17:40:00,2,1,0,1,2025-01-08T00:00:00.000Z,-43.327885630000,-21.762179390000,"Rua Natalino José de Paula, 288"
412,PARQUE BURNIER.,10071108,17:40:00,17,0,29,1,2025-01-08T00:00:00.000Z,-43.349331860000,-21.758144610000,"Avenida Getúlio Vargas, 835"
412,PARQUE BURNIER.,10072382,17:40:00,11,0,0,6,2025-01-08T00:00:00.000Z,-43.332369450000,-21.762522520000,"Rua Olga Burnier, 361"
412,PARQUE BURNIER.,10072362,17:40:00,3,1,0,2,2025-01-08T00:00:00.000Z,-43.327527760000,-21.762798310000,"Rua Natalino José de Paula, 310"
412,PARQUE BURNIER.,10072302,17:40:00,15,0,0,6,2025-01-08T00:00:00.000Z,-43.338029500000,-21.760323850000,"Avenida Sete de Setembro, 623"
412,PARQUE BURNIER.,10072337,17:40:00,13,0,0,6,2025-01-08T00:00:00.000Z,-43.334540130000,-21.760522960000,"Rua Olga Burnier, 67"
412,PARQUE BURNIER.,10072358,17:40:00,1,0,0,0,2025-01-08T00:00:00.000Z,-43.328687310000,-21.761675740000,"Rua Natalino José de Paula, 112 - Ponto Final do Parque Burnier"
412,PARQUE BURNIER.,10072380,17:40:00,10,0,1,6,2025-01-08T00:00:00.000Z,-43.331466790000,-21.763337580000,"Rua Olga Burnier, 485"
412,PARQUE BURNIER.,10074194,17:40:00,16,24,0,30,2025-01-08T00:00:00.000Z,-43.342338620000,-21.760505960000,"Rua Ângelo Falci, 55"
412,PARQUE BURNIER.,10072332,17:40:00,14,0,0,6,2025-01-08T00:00:00.000Z,-43.335533860000,-21.760131640000,"Rua São Geraldo, 89"
412,PARQUE BURNIER.,10072335,17:40:00,12,0,0,6,2025-01-08T00:00:00.000Z,-43.333453420000,-21.761562350000,"Rua Olga Burnier, 233"
412,PARQUE BURNIER.,10073584,17:40:00,8,0,0,7,2025-01-08T00:00:00.000Z,-43.329363350000,-21.763255450000,"Rua Adelaide Campos de Resende, 984"
412,PARQUE BURNIER.,10072384,17:40:00,6,1,0,7,2025-01-08T00:00:00.000Z,-43.327999480000,-21.763301540000,"Rua José Teodoro dos Santos, 126"
412,PARQUE BURNIER.,10072309,17:40:00,5,0,0,6,2025-01-08T00:00:00.000Z,-43.327273730000,-21.763967940000,"Rua José Teodoro dos Santos, 28"
412,PARQUE BURNIER.,10073589,17:40:00,4,4,0,6,2025-01-08T00:00:00.000Z,-43.326568960000,-21.763629600000,"Rua Adelaide Campos de Resende, 706"
412,PARQUE BURNIER.,10073583,17:40:00,9,0,0,7,2025-01-08T00:00:00.000Z,-43.330207820000,-21.763072230000,"Rua Adelaide Campos de Resende, 1070"
412,PARQUE BURNIER.,10072386,17:40:00,7,0,0,7,2025-01-08T00:00:00.000Z,-43.328850270000,-21.762325320000,"Rua José Teodoro dos Santos, 292"
412,PARQUE BURNIER.,10073557,18:00:00,6,0,0,7,2025-01-08T00:00:00.000Z,-43.332479840000,-21.762640710000,"Rua Olga Burnier, 356"
412,PARQUE BURNIER.,10072305,18:00:00,2,2,3,7,2025-01-08T00:00:00.000Z,-43.337478970000,-21.760922950000,"Rua Djalma de Carvalho, 37"
412,PARQUE BURNIER.,10072377,18:00:00,12,0,0,8,2025-01-08T00:00:00.000Z,-43.327321890000,-21.764062650000,"Rua José Teodoro dos Santos, 25"
412,PARQUE BURNIER.,10072313,18:00:00,10,1,0,8,2025-01-08T00:00:00.000Z,-43.328846690000,-21.762504770000,"Rua José Teodoro dos Santos, 275"
412,PARQUE BURNIER.,10072356,18:00:00,17,0,0,4,2025-01-08T00:00:00.000Z,-43.327793950000,-21.762107030000,"Rua Natalino José de Paula, 271"
412,PARQUE BURNIER.,10072375,18:00:00,16,0,0,4,2025-01-08T00:00:00.000Z,-43.327420830000,-21.762727850000,"Rua Natalino José de Paula, 319"
412,PARQUE BURNIER.,10071503,18:00:00,15,0,4,4,2025-01-08T00:00:00.000Z,-43.326207040000,-21.762717810000,"Rua Natalino José de Paula, 421"
412,PARQUE BURNIER.,10072328,18:00:00,13,0,0,8,2025-01-08T00:00:00.000Z,-43.326450350000,-21.763683320000,"Rua Adelaide Campos de Resende, 669"
412,PARQUE BURNIER.,10072316,18:00:00,11,0,0,8,2025-01-08T00:00:00.000Z,-43.328204750000,-21.763332370000,"Rua José Teodoro dos Santos, 145"
412,PARQUE BURNIER.,10073561,18:00:00,7,0,0,7,2025-01-08T00:00:00.000Z,-43.331552510000,-21.763418910000,"Rua Olga Burnier, 480"
412,PARQUE BURNIER.,10073560,18:00:00,5,0,0,7,2025-01-08T00:00:00.000Z,-43.333589670000,-21.761652280000,"Rua Olga Burnier, 230"
412,PARQUE BURNIER.,10073558,18:00:00,4,0,0,7,2025-01-08T00:00:00.000Z,-43.334645750000,-21.760669710000,"Rua Olga Burnier, 70"
412,PARQUE BURNIER.,10073552,18:00:00,3,0,0,7,2025-01-08T00:00:00.000Z,-43.335479020000,-21.760313550000,"Rua São Geraldo, 84"
412,PARQUE BURNIER.,10071108,18:00:00,1,8,0,8,2025-01-08T00:00:00.000Z,-43.349331860000,-21.758144610000,"Avenida Getúlio Vargas, 835"
412,PARQUE BURNIER.,10072296,18:00:00,9,1,0,7,2025-01-08T00:00:00.000Z,-43.329374790000,-21.763440430000,"Rua Adelaide Campos de Resende, 975"
412,PARQUE BURNIER.,10072301,18:00:00,8,0,1,6,2025-01-08T00:00:00.000Z,-43.330138330000,-21.763252970000,"Rua Adelaide Campos de Resende, 1061"
412,PARQUE BURNIER.,10072358,18:00:00,18,0,0,4,2025-01-08T00:00:00.000Z,-43.328687310000,-21.761675740000,"Rua Natalino José de Paula, 112 - Ponto Final do Parque Burnier"
412,PARQUE BURNIER.,10072359,18:00:00,14,0,0,8,2025-01-08T00:00:00.000Z,-43.326282500000,-21.763143540000,"Rua Adelaide Campos de Resende, 651"
412,PARQUE BURNIER.,10073589,18:35:00,4,0,0,6,2025-01-08T00:00:00.000Z,-43.326568960000,-21.763629600000,"Rua Adelaide Campos de Resende, 706"
412,PARQUE BURNIER.,10072337,18:35:00,13,0,0,8,2025-01-08T00:00:00.000Z,-43.334540130000,-21.760522960000,"Rua Olga Burnier, 67"
412,PARQUE BURNIER.,10072382,18:35:00,11,0,0,8,2025-01-08T00:00:00.000Z,-43.332369450000,-21.762522520000,"Rua Olga Burnier, 361"
412,PARQUE BURNIER.,10073583,18:35:00,9,0,0,8,2025-01-08T00:00:00.000Z,-43.330207820000,-21.763072230000,"Rua Adelaide Campos de Resende, 1070"
412,PARQUE BURNIER.,10072309,18:35:00,5,0,0,6,2025-01-08T00:00:00.000Z,-43.327273730000,-21.763967940000,"Rua José Teodoro dos Santos, 28"
412,PARQUE BURNIER.,10072362,18:35:00,3,1,0,6,2025-01-08T00:00:00.000Z,-43.327527760000,-21.762798310000,"Rua Natalino José de Paula, 310"
412,PARQUE BURNIER.,10072363,18:35:00,2,5,0,5,2025-01-08T00:00:00.000Z,-43.327885630000,-21.762179390000,"Rua Natalino José de Paula, 288"
412,PARQUE BURNIER.,10072358,18:35:00,1,0,0,0,2025-01-08T00:00:00.000Z,-43.328687310000,-21.761675740000,"Rua Natalino José de Paula, 112 - Ponto Final do Parque Burnier"
412,PARQUE BURNIER.,10072384,18:35:00,6,1,0,7,2025-01-08T00:00:00.000Z,-43.327999480000,-21.763301540000,"Rua José Teodoro dos Santos, 126"
412,PARQUE BURNIER.,10072386,18:35:00,7,0,0,7,2025-01-08T00:00:00.000Z,-43.328850270000,-21.762325320000,"Rua José Teodoro dos Santos, 292"
412,PARQUE BURNIER.,10072380,18:35:00,10,0,0,8,2025-01-08T00:00:00.000Z,-43.331466790000,-21.763337580000,"Rua Olga Burnier, 485"
412,PARQUE BURNIER.,10073584,18:35:00,8,1,0,8,2025-01-08T00:00:00.000Z,-43.329363350000,-21.763255450000,"Rua Adelaide Campos de Resende, 984"
412,PARQUE BURNIER.,10072332,18:35:00,14,0,0,8,2025-01-08T00:00:00.000Z,-43.335533860000,-21.760131640000,"Rua São Geraldo, 89"
412,PARQUE BURNIER.,10072302,18:35:00,15,0,0,8,2025-01-08T00:00:00.000Z,-43.338029500000,-21.760323850000,"Avenida Sete de Setembro, 623"
412,PARQUE BURNIER.,10072335,18:35:00,12,0,0,8,2025-01-08T00:00:00.000Z,-43.333453420000,-21.761562350000,"Rua Olga Burnier, 233"
412,PARQUE BURNIER.,10074194,18:35:00,16,21,1,28,2025-01-08T00:00:00.000Z,-43.342338620000,-21.760505960000,"Rua Ângelo Falci, 55"
412,PARQUE BURNIER.,10071108,18:35:00,17,0,28,0,2025-01-08T00:00:00.000Z,-43.349331860000,-21.758144610000,"Avenida Getúlio Vargas, 835"
412,PARQUE BURNIER.,10072358,18:55:00,18,0,0,12,2025-01-08T00:00:00.000Z,-43.328687310000,-21.761675740000,"Rua Natalino José de Paula, 112 - Ponto Final do Parque Burnier"
412,PARQUE BURNIER.,10072313,18:55:00,10,0,0,16,2025-01-08T00:00:00.000Z,-43.328846690000,-21.762504770000,"Rua José Teodoro dos Santos, 275"
412,PARQUE BURNIER.,10073552,18:55:00,3,2,0,21,2025-01-08T00:00:00.000Z,-43.335479020000,-21.760313550000,"Rua São Geraldo, 84"
412,PARQUE BURNIER.,10072375,18:55:00,16,0,0,12,2025-01-08T00:00:00.000Z,-43.327420830000,-21.762727850000,"Rua Natalino José de Paula, 319"
412,PARQUE BURNIER.,10072377,18:55:00,12,0,1,15,2025-01-08T00:00:00.000Z,-43.327321890000,-21.764062650000,"Rua José Teodoro dos Santos, 25"
412,PARQUE BURNIER.,10072296,18:55:00,9,1,2,16,2025-01-08T00:00:00.000Z,-43.329374790000,-21.763440430000,"Rua Adelaide Campos de Resende, 975"
412,PARQUE BURNIER.,10072301,18:55:00,8,0,1,17,2025-01-08T00:00:00.000Z,-43.330138330000,-21.763252970000,"Rua Adelaide Campos de Resende, 1061"
412,PARQUE BURNIER.,10073557,18:55:00,6,0,0,18,2025-01-08T00:00:00.000Z,-43.332479840000,-21.762640710000,"Rua Olga Burnier, 356"
412,PARQUE BURNIER.,10073558,18:55:00,4,0,1,20,2025-01-08T00:00:00.000Z,-43.334645750000,-21.760669710000,"Rua Olga Burnier, 70"
412,PARQUE BURNIER.,10072305,18:55:00,2,1,0,19,2025-01-08T00:00:00.000Z,-43.337478970000,-21.760922950000,"Rua Djalma de Carvalho, 37"
412,PARQUE BURNIER.,10071108,18:55:00,1,18,0,18,2025-01-08T00:00:00.000Z,-43.349331860000,-21.758144610000,"Avenida Getúlio Vargas, 835"
412,PARQUE BURNIER.,10073561,18:55:00,7,0,0,18,2025-01-08T00:00:00.000Z,-43.331552510000,-21.763418910000,"Rua Olga Burnier, 480"
412,PARQUE BURNIER.,10072316,18:55:00,11,0,0,16,2025-01-08T00:00:00.000Z,-43.328204750000,-21.763332370000,"Rua José Teodoro dos Santos, 145"
412,PARQUE BURNIER.,10071503,18:55:00,15,1,0,12,2025-01-08T00:00:00.000Z,-43.326207040000,-21.762717810000,"Rua Natalino José de Paula, 421"
412,PARQUE BURNIER.,10072328,18:55:00,13,0,2,13,2025-01-08T00:00:00.000Z,-43.326450350000,-21.763683320000,"Rua Adelaide Campos de Resende, 669"
412,PARQUE BURNIER.,10072356,18:55:00,17,0,0,12,2025-01-08T00:00:00.000Z,-43.327793950000,-21.762107030000,"Rua Natalino José de Paula, 271"
412,PARQUE BURNIER.,10072359,18:55:00,14,0,2,11,2025-01-08T00:00:00.000Z,-43.326282500000,-21.763143540000,"Rua Adelaide Campos de Resende, 651"
412,PARQUE BURNIER.,10073560,18:55:00,5,0,2,18,2025-01-08T00:00:00.000Z,-43.333589670000,-21.761652280000,"Rua Olga Burnier, 230"
412,PARQUE BURNIER.,10074194,19:30:00,16,10,3,10,2025-01-08T00:00:00.000Z,-43.342338620000,-21.760505960000,"Rua Ângelo Falci, 55"
412,PARQUE BURNIER.,10072332,19:30:00,14,0,0,1,2025-01-08T00:00:00.000Z,-43.335533860000,-21.760131640000,"Rua São Geraldo, 89"
412,PARQUE BURNIER.,10072380,19:30:00,10,0,0,1,2025-01-08T00:00:00.000Z,-43.331466790000,-21.763337580000,"Rua Olga Burnier, 485"
412,PARQUE BURNIER.,10073584,19:30:00,8,0,0,0,2025-01-08T00:00:00.000Z,-43.329363350000,-21.763255450000,"Rua Adelaide Campos de Resende, 984"
412,PARQUE BURNIER.,10072384,19:30:00,6,0,0,0,2025-01-08T00:00:00.000Z,-43.327999480000,-21.763301540000,"Rua José Teodoro dos Santos, 126"
412,PARQUE BURNIER.,10072363,19:30:00,2,0,0,0,2025-01-08T00:00:00.000Z,-43.327885630000,-21.762179390000,"Rua Natalino José de Paula, 288"
412,PARQUE BURNIER.,10072358,19:30:00,1,0,0,0,2025-01-08T00:00:00.000Z,-43.328687310000,-21.761675740000,"Rua Natalino José de Paula, 112 - Ponto Final do Parque Burnier"
412,PARQUE BURNIER.,10073583,19:30:00,9,1,0,1,2025-01-08T00:00:00.000Z,-43.330207820000,-21.763072230000,"Rua Adelaide Campos de Resende, 1070"
412,PARQUE BURNIER.,10072386,19:30:00,7,0,0,0,2025-01-08T00:00:00.000Z,-43.328850270000,-21.762325320000,"Rua José Teodoro dos Santos, 292"
412,PARQUE BURNIER.,10072337,19:30:00,13,0,0,1,2025-01-08T00:00:00.000Z,-43.334540130000,-21.760522960000,"Rua Olga Burnier, 67"
412,PARQUE BURNIER.,10072335,19:30:00,12,0,0,1,2025-01-08T00:00:00.000Z,-43.333453420000,-21.761562350000,"Rua Olga Burnier, 233"
412,PARQUE BURNIER.,10072382,19:30:00,11,0,0,1,2025-01-08T00:00:00.000Z,-43.332369450000,-21.762522520000,"Rua Olga Burnier, 361"
412,PARQUE BURNIER.,10071108,19:30:00,17,0,10,0,2025-01-08T00:00:00.000Z,-43.349331860000,-21.758144610000,"Avenida Getúlio Vargas, 835"
412,PARQUE BURNIER.,10072302,19:30:00,15,3,1,3,2025-01-08T00:00:00.000Z,-43.338029500000,-21.760323850000,"Avenida Sete de Setembro, 623"
412,PARQUE BURNIER.,10072309,19:30:00,5,0,0,0,2025-01-08T00:00:00.000Z,-43.327273730000,-21.763967940000,"Rua José Teodoro dos Santos, 28"
412,PARQUE BURNIER.,10073589,19:30:00,4,0,0,0,2025-01-08T00:00:00.000Z,-43.326568960000,-21.763629600000,"Rua Adelaide Campos de Resende, 706"
412,PARQUE BURNIER.,10072362,19:30:00,3,0,0,0,2025-01-08T00:00:00.000Z,-43.327527760000,-21.762798310000,"Rua Natalino José de Paula, 310"
412,PARQUE BURNIER.,10071503,19:50:00,15,0,3,15,2025-01-08T00:00:00.000Z,-43.326207040000,-21.762717810000,"Rua Natalino José de Paula, 421"
412,PARQUE BURNIER.,10072316,19:50:00,11,0,1,25,2025-01-08T00:00:00.000Z,-43.328204750000,-21.763332370000,"Rua José Teodoro dos Santos, 145"
412,PARQUE BURNIER.,10072313,19:50:00,10,0,0,26,2025-01-08T00:00:00.000Z,-43.328846690000,-21.762504770000,"Rua José Teodoro dos Santos, 275"
412,PARQUE BURNIER.,10072356,19:50:00,17,0,1,13,2025-01-08T00:00:00.000Z,-43.327793950000,-21.762107030000,"Rua Natalino José de Paula, 271"
412,PARQUE BURNIER.,10072359,19:50:00,14,0,4,18,2025-01-08T00:00:00.000Z,-43.326282500000,-21.763143540000,"Rua Adelaide Campos de Resende, 651"
412,PARQUE BURNIER.,10072328,19:50:00,13,1,4,22,2025-01-08T00:00:00.000Z,-43.326450350000,-21.763683320000,"Rua Adelaide Campos de Resende, 669"
412,PARQUE BURNIER.,10072296,19:50:00,9,0,0,26,2025-01-08T00:00:00.000Z,-43.329374790000,-21.763440430000,"Rua Adelaide Campos de Resende, 975"
412,PARQUE BURNIER.,10073561,19:50:00,7,0,0,27,2025-01-08T00:00:00.000Z,-43.331552510000,-21.763418910000,"Rua Olga Burnier, 480"
412,PARQUE BURNIER.,10073560,19:50:00,5,0,0,27,2025-01-08T00:00:00.000Z,-43.333589670000,-21.761652280000,"Rua Olga Burnier, 230"
412,PARQUE BURNIER.,10071108,19:50:00,1,26,0,26,2025-01-08T00:00:00.000Z,-43.349331860000,-21.758144610000,"Avenida Getúlio Vargas, 835"
412,PARQUE BURNIER.,10073557,19:50:00,6,0,0,27,2025-01-08T00:00:00.000Z,-43.332479840000,-21.762640710000,"Rua Olga Burnier, 356"
412,PARQUE BURNIER.,10072377,19:50:00,12,0,0,25,2025-01-08T00:00:00.000Z,-43.327321890000,-21.764062650000,"Rua José Teodoro dos Santos, 25"
412,PARQUE BURNIER.,10072301,19:50:00,8,0,1,26,2025-01-08T00:00:00.000Z,-43.330138330000,-21.763252970000,"Rua Adelaide Campos de Resende, 1061"
412,PARQUE BURNIER.,10072358,19:50:00,18,1,0,14,2025-01-08T00:00:00.000Z,-43.328687310000,-21.761675740000,"Rua Natalino José de Paula, 112 - Ponto Final do Parque Burnier"
412,PARQUE BURNIER.,10072375,19:50:00,16,0,1,14,2025-01-08T00:00:00.000Z,-43.327420830000,-21.762727850000,"Rua Natalino José de Paula, 319"
412,PARQUE BURNIER.,10073552,19:50:00,3,0,0,27,2025-01-08T00:00:00.000Z,-43.335479020000,-21.760313550000,"Rua São Geraldo, 84"
412,PARQUE BURNIER.,10072305,19:50:00,2,1,0,27,2025-01-08T00:00:00.000Z,-43.337478970000,-21.760922950000,"Rua Djalma de Carvalho, 37"
412,PARQUE BURNIER.,10073558,19:50:00,4,0,0,27,2025-01-08T00:00:00.000Z,-43.334645750000,-21.760669710000,"Rua Olga Burnier, 70"
412,PARQUE BURNIER.,10072332,21:20:00,14,0,0,1,2025-01-08T00:00:00.000Z,-43.335533860000,-21.760131640000,"Rua São Geraldo, 89"
412,PARQUE BURNIER.,10072337,21:20:00,13,0,0,1,2025-01-08T00:00:00.000Z,-43.334540130000,-21.760522960000,"Rua Olga Burnier, 67"
412,PARQUE BURNIER.,10072302,21:20:00,15,1,0,2,2025-01-08T00:00:00.000Z,-43.338029500000,-21.760323850000,"Avenida Sete de Setembro, 623"
412,PARQUE BURNIER.,10072335,21:20:00,12,0,0,1,2025-01-08T00:00:00.000Z,-43.333453420000,-21.761562350000,"Rua Olga Burnier, 233"
412,PARQUE BURNIER.,10072382,21:20:00,11,0,0,1,2025-01-08T00:00:00.000Z,-43.332369450000,-21.762522520000,"Rua Olga Burnier, 361"
412,PARQUE BURNIER.,10072386,21:20:00,7,0,1,1,2025-01-08T00:00:00.000Z,-43.328850270000,-21.762325320000,"Rua José Teodoro dos Santos, 292"
412,PARQUE BURNIER.,10072309,21:20:00,5,0,0,2,2025-01-08T00:00:00.000Z,-43.327273730000,-21.763967940000,"Rua José Teodoro dos Santos, 28"
412,PARQUE BURNIER.,10072362,21:20:00,3,1,0,1,2025-01-08T00:00:00.000Z,-43.327527760000,-21.762798310000,"Rua Natalino José de Paula, 310"
412,PARQUE BURNIER.,10072384,21:20:00,6,0,0,2,2025-01-08T00:00:00.000Z,-43.327999480000,-21.763301540000,"Rua José Teodoro dos Santos, 126"
412,PARQUE BURNIER.,10072380,21:20:00,10,0,0,1,2025-01-08T00:00:00.000Z,-43.331466790000,-21.763337580000,"Rua Olga Burnier, 485"
412,PARQUE BURNIER.,10074194,21:20:00,16,5,2,5,2025-01-08T00:00:00.000Z,-43.342338620000,-21.760505960000,"Rua Ângelo Falci, 55"
412,PARQUE BURNIER.,10073583,21:20:00,9,0,0,1,2025-01-08T00:00:00.000Z,-43.330207820000,-21.763072230000,"Rua Adelaide Campos de Resende, 1070"
412,PARQUE BURNIER.,10073584,21:20:00,8,0,0,1,2025-01-08T00:00:00.000Z,-43.329363350000,-21.763255450000,"Rua Adelaide Campos de Resende, 984"
412,PARQUE BURNIER.,10071108,21:20:00,17,0,5,0,2025-01-08T00:00:00.000Z,-43.349331860000,-21.758144610000,"Avenida Getúlio Vargas, 835"
412,PARQUE BURNIER.,10072358,21:20:00,1,0,0,0,2025-01-08T00:00:00.000Z,-43.328687310000,-21.761675740000,"Rua Natalino José de Paula, 112 - Ponto Final do Parque Burnier"
412,PARQUE BURNIER.,10072363,21:20:00,2,0,0,0,2025-01-08T00:00:00.000Z,-43.327885630000,-21.762179390000,"Rua Natalino José de Paula, 288"
412,PARQUE BURNIER.,10073589,21:20:00,4,1,0,2,2025-01-08T00:00:00.000Z,-43.326568960000,-21.763629600000,"Rua Adelaide Campos de Resende, 706"
412,PARQUE BURNIER.,10072375,21:40:00,16,1,0,1,2025-01-08T00:00:00.000Z,-43.327420830000,-21.762727850000,"Rua Natalino José de Paula, 319"
412,PARQUE BURNIER.,10072359,21:40:00,14,0,4,3,2025-01-08T00:00:00.000Z,-43.326282500000,-21.763143540000,"Rua Adelaide Campos de Resende, 651"
412,PARQUE BURNIER.,10072377,21:40:00,12,0,1,11,2025-01-08T00:00:00.000Z,-43.327321890000,-21.764062650000,"Rua José Teodoro dos Santos, 25"
412,PARQUE BURNIER.,10072316,21:40:00,11,0,0,12,2025-01-08T00:00:00.000Z,-43.328204750000,-21.763332370000,"Rua José Teodoro dos Santos, 145"
412,PARQUE BURNIER.,10072313,21:40:00,10,0,1,12,2025-01-08T00:00:00.000Z,-43.328846690000,-21.762504770000,"Rua José Teodoro dos Santos, 275"
412,PARQUE BURNIER.,10072301,21:40:00,8,0,0,14,2025-01-08T00:00:00.000Z,-43.330138330000,-21.763252970000,"Rua Adelaide Campos de Resende, 1061"
412,PARQUE BURNIER.,10073561,21:40:00,7,0,0,14,2025-01-08T00:00:00.000Z,-43.331552510000,-21.763418910000,"Rua Olga Burnier, 480"
412,PARQUE BURNIER.,10073557,21:40:00,6,0,1,14,2025-01-08T00:00:00.000Z,-43.332479840000,-21.762640710000,"Rua Olga Burnier, 356"
412,PARQUE BURNIER.,10073558,21:40:00,4,0,0,15,2025-01-08T00:00:00.000Z,-43.334645750000,-21.760669710000,"Rua Olga Burnier, 70"
412,PARQUE BURNIER.,10072305,21:40:00,2,0,0,15,2025-01-08T00:00:00.000Z,-43.337478970000,-21.760922950000,"Rua Djalma de Carvalho, 37"
412,PARQUE BURNIER.,10072296,21:40:00,9,0,1,13,2025-01-08T00:00:00.000Z,-43.329374790000,-21.763440430000,"Rua Adelaide Campos de Resende, 975"
412,PARQUE BURNIER.,10072328,21:40:00,13,0,4,7,2025-01-08T00:00:00.000Z,-43.326450350000,-21.763683320000,"Rua Adelaide Campos de Resende, 669"
412,PARQUE BURNIER.,10071503,21:40:00,15,0,3,0,2025-01-08T00:00:00.000Z,-43.326207040000,-21.762717810000,"Rua Natalino José de Paula, 421"
412,PARQUE BURNIER.,10072358,21:40:00,18,0,0,1,2025-01-08T00:00:00.000Z,-43.328687310000,-21.761675740000,"Rua Natalino José de Paula, 112 - Ponto Final do Parque Burnier"
412,PARQUE BURNIER.,10072356,21:40:00,17,0,0,1,2025-01-08T00:00:00.000Z,-43.327793950000,-21.762107030000,"Rua Natalino José de Paula, 271"
412,PARQUE BURNIER.,10073552,21:40:00,3,0,0,15,2025-01-08T00:00:00.000Z,-43.335479020000,-21.760313550000,"Rua São Geraldo, 84"
412,PARQUE BURNIER.,10071108,21:40:00,1,15,0,15,2025-01-08T00:00:00.000Z,-43.349331860000,-21.758144610000,"Avenida Getúlio Vargas, 835"
412,PARQUE BURNIER.,10073560,21:40:00,5,0,0,15,2025-01-08T00:00:00.000Z,-43.333589670000,-21.761652280000,"Rua Olga Burnier, 230"
412,PARQUE BURNIER.,10072358,22:30:00,18,0,0,0,2025-01-08T00:00:00.000Z,-43.328687310000,-21.761675740000,"Rua Natalino José de Paula, 112 - Ponto Final do Parque Burnier"
412,PARQUE BURNIER.,10072375,22:30:00,16,0,0,0,2025-01-08T00:00:00.000Z,-43.327420830000,-21.762727850000,"Rua Natalino José de Paula, 319"
412,PARQUE BURNIER.,10072377,22:30:00,12,0,1,5,2025-01-08T00:00:00.000Z,-43.327321890000,-21.764062650000,"Rua José Teodoro dos Santos, 25"
412,PARQUE BURNIER.,10072313,22:30:00,10,1,0,7,2025-01-08T00:00:00.000Z,-43.328846690000,-21.762504770000,"Rua José Teodoro dos Santos, 275"
412,PARQUE BURNIER.,10072296,22:30:00,9,0,2,6,2025-01-08T00:00:00.000Z,-43.329374790000,-21.763440430000,"Rua Adelaide Campos de Resende, 975"
412,PARQUE BURNIER.,10072301,22:30:00,8,0,0,8,2025-01-08T00:00:00.000Z,-43.330138330000,-21.763252970000,"Rua Adelaide Campos de Resende, 1061"
412,PARQUE BURNIER.,10073558,22:30:00,4,0,0,8,2025-01-08T00:00:00.000Z,-43.334645750000,-21.760669710000,"Rua Olga Burnier, 70"
412,PARQUE BURNIER.,10072305,22:30:00,2,0,0,9,2025-01-08T00:00:00.000Z,-43.337478970000,-21.760922950000,"Rua Djalma de Carvalho, 37"
412,PARQUE BURNIER.,10071108,22:30:00,1,9,0,9,2025-01-08T00:00:00.000Z,-43.349331860000,-21.758144610000,"Avenida Getúlio Vargas, 835"
412,PARQUE BURNIER.,10073560,22:30:00,5,0,0,8,2025-01-08T00:00:00.000Z,-43.333589670000,-21.761652280000,"Rua Olga Burnier, 230"
412,PARQUE BURNIER.,10073561,22:30:00,7,0,0,8,2025-01-08T00:00:00.000Z,-43.331552510000,-21.763418910000,"Rua Olga Burnier, 480"
412,PARQUE BURNIER.,10073557,22:30:00,6,0,0,8,2025-01-08T00:00:00.000Z,-43.332479840000,-21.762640710000,"Rua Olga Burnier, 356"
412,PARQUE BURNIER.,10071503,22:30:00,15,0,0,0,2025-01-08T00:00:00.000Z,-43.326207040000,-21.762717810000,"Rua Natalino José de Paula, 421"
412,PARQUE BURNIER.,10072359,22:30:00,14,0,1,0,2025-01-08T00:00:00.000Z,-43.326282500000,-21.763143540000,"Rua Adelaide Campos de Resende, 651"
412,PARQUE BURNIER.,10072328,22:30:00,13,0,4,1,2025-01-08T00:00:00.000Z,-43.326450350000,-21.763683320000,"Rua Adelaide Campos de Resende, 669"
412,PARQUE BURNIER.,10072356,22:30:00,17,0,0,0,2025-01-08T00:00:00.000Z,-43.327793950000,-21.762107030000,"Rua Natalino José de Paula, 271"
412,PARQUE BURNIER.,10072316,22:30:00,11,0,1,6,2025-01-08T00:00:00.000Z,-43.328204750000,-21.763332370000,"Rua José Teodoro dos Santos, 145"
412,PARQUE BURNIER.,10073552,22:30:00,3,0,1,8,2025-01-08T00:00:00.000Z,-43.335479020000,-21.760313550000,"Rua São Geraldo, 84"
412,PARQUE BURNIER.,10071108,05:30:00,17,0,6,1,2025-01-09T00:00:00.000Z,-43.349331860000,-21.758144610000,"Avenida Getúlio Vargas, 835"
412,PARQUE BURNIER.,10072302,05:30:00,15,0,0,11,2025-01-09T00:00:00.000Z,-43.338029500000,-21.760323850000,"Avenida Sete de Setembro, 623"
412,PARQUE BURNIER.,10072382,05:30:00,11,0,0,12,2025-01-09T00:00:00.000Z,-43.332369450000,-21.762522520000,"Rua Olga Burnier, 361"
412,PARQUE BURNIER.,10073584,05:30:00,8,3,0,12,2025-01-09T00:00:00.000Z,-43.329363350000,-21.763255450000,"Rua Adelaide Campos de Resende, 984"
412,PARQUE BURNIER.,10072386,05:30:00,7,2,0,9,2025-01-09T00:00:00.000Z,-43.328850270000,-21.762325320000,"Rua José Teodoro dos Santos, 292"
412,PARQUE BURNIER.,10072362,05:30:00,3,1,0,4,2025-01-09T00:00:00.000Z,-43.327527760000,-21.762798310000,"Rua Natalino José de Paula, 310"
412,PARQUE BURNIER.,10072363,05:30:00,2,3,0,3,2025-01-09T00:00:00.000Z,-43.327885630000,-21.762179390000,"Rua Natalino José de Paula, 288"
412,PARQUE BURNIER.,10072358,05:30:00,1,0,0,0,2025-01-09T00:00:00.000Z,-43.328687310000,-21.761675740000,"Rua Natalino José de Paula, 112 - Ponto Final do Parque Burnier"
412,PARQUE BURNIER.,10073589,05:30:00,4,3,0,7,2025-01-09T00:00:00.000Z,-43.326568960000,-21.763629600000,"Rua Adelaide Campos de Resende, 706"
412,PARQUE BURNIER.,10072335,05:30:00,12,0,0,12,2025-01-09T00:00:00.000Z,-43.333453420000,-21.761562350000,"Rua Olga Burnier, 233"
412,PARQUE BURNIER.,10073583,05:30:00,9,0,0,12,2025-01-09T00:00:00.000Z,-43.330207820000,-21.763072230000,"Rua Adelaide Campos de Resende, 1070"
412,PARQUE BURNIER.,10072309,05:30:00,5,0,0,7,2025-01-09T00:00:00.000Z,-43.327273730000,-21.763967940000,"Rua José Teodoro dos Santos, 28"
412,PARQUE BURNIER.,10072337,05:30:00,13,0,0,12,2025-01-09T00:00:00.000Z,-43.334540130000,-21.760522960000,"Rua Olga Burnier, 67"
412,PARQUE BURNIER.,10072380,05:30:00,10,0,0,12,2025-01-09T00:00:00.000Z,-43.331466790000,-21.763337580000,"Rua Olga Burnier, 485"
412,PARQUE BURNIER.,10072384,05:30:00,6,0,0,7,2025-01-09T00:00:00.000Z,-43.327999480000,-21.763301540000,"Rua José Teodoro dos Santos, 126"
412,PARQUE BURNIER.,10074194,05:30:00,16,0,4,7,2025-01-09T00:00:00.000Z,-43.342338620000,-21.760505960000,"Rua Ângelo Falci, 55"
412,PARQUE BURNIER.,10072332,05:30:00,14,0,1,11,2025-01-09T00:00:00.000Z,-43.335533860000,-21.760131640000,"Rua São Geraldo, 89"
412,PARQUE BURNIER.,10072316,05:51:00,11,0,0,0,2025-01-09T00:00:00.000Z,-43.328204750000,-21.763332370000,"Rua José Teodoro dos Santos, 145"
412,PARQUE BURNIER.,10072301,05:51:00,8,0,0,5,2025-01-09T00:00:00.000Z,-43.330138330000,-21.763252970000,"Rua Adelaide Campos de Resende, 1061"
412,PARQUE BURNIER.,10072377,05:51:00,12,1,0,1,2025-01-09T00:00:00.000Z,-43.327321890000,-21.764062650000,"Rua José Teodoro dos Santos, 25"
412,PARQUE BURNIER.,10072375,05:51:00,16,0,0,0,2025-01-09T00:00:00.000Z,-43.327420830000,-21.762727850000,"Rua Natalino José de Paula, 319"
412,PARQUE BURNIER.,10071503,05:51:00,15,0,1,0,2025-01-09T00:00:00.000Z,-43.326207040000,-21.762717810000,"Rua Natalino José de Paula, 421"
412,PARQUE BURNIER.,10072359,05:51:00,14,1,0,1,2025-01-09T00:00:00.000Z,-43.326282500000,-21.763143540000,"Rua Adelaide Campos de Resende, 651"
412,PARQUE BURNIER.,10072313,05:51:00,10,0,4,0,2025-01-09T00:00:00.000Z,-43.328846690000,-21.762504770000,"Rua José Teodoro dos Santos, 275"
412,PARQUE BURNIER.,10073561,05:51:00,7,0,0,5,2025-01-09T00:00:00.000Z,-43.331552510000,-21.763418910000,"Rua Olga Burnier, 480"
412,PARQUE BURNIER.,10073557,05:51:00,6,0,0,5,2025-01-09T00:00:00.000Z,-43.332479840000,-21.762640710000,"Rua Olga Burnier, 356"
412,PARQUE BURNIER.,10073558,05:51:00,4,0,0,6,2025-01-09T00:00:00.000Z,-43.334645750000,-21.760669710000,"Rua Olga Burnier, 70"
412,PARQUE BURNIER.,10073552,05:51:00,3,0,0,6,2025-01-09T00:00:00.000Z,-43.335479020000,-21.760313550000,"Rua São Geraldo, 84"
412,PARQUE BURNIER.,10072305,05:51:00,2,0,0,6,2025-01-09T00:00:00.000Z,-43.337478970000,-21.760922950000,"Rua Djalma de Carvalho, 37"
412,PARQUE BURNIER.,10071108,05:51:00,1,6,0,6,2025-01-09T00:00:00.000Z,-43.349331860000,-21.758144610000,"Avenida Getúlio Vargas, 835"
412,PARQUE BURNIER.,10072296,05:51:00,9,0,1,4,2025-01-09T00:00:00.000Z,-43.329374790000,-21.763440430000,"Rua Adelaide Campos de Resende, 975"
412,PARQUE BURNIER.,10072328,05:51:00,13,0,1,0,2025-01-09T00:00:00.000Z,-43.326450350000,-21.763683320000,"Rua Adelaide Campos de Resende, 669"
412,PARQUE BURNIER.,10072358,05:51:00,18,14,0,14,2025-01-09T00:00:00.000Z,-43.328687310000,-21.761675740000,"Rua Natalino José de Paula, 112 - Ponto Final do Parque Burnier"
412,PARQUE BURNIER.,10072356,05:51:00,17,0,0,0,2025-01-09T00:00:00.000Z,-43.327793950000,-21.762107030000,"Rua Natalino José de Paula, 271"
412,PARQUE BURNIER.,10073560,05:51:00,5,0,1,5,2025-01-09T00:00:00.000Z,-43.333589670000,-21.761652280000,"Rua Olga Burnier, 230"
412,PARQUE BURNIER.,10072384,06:17:00,6,0,0,13,2025-01-09T00:00:00.000Z,-43.327999480000,-21.763301540000,"Rua José Teodoro dos Santos, 126"
412,PARQUE BURNIER.,10074194,06:17:00,16,0,4,12,2025-01-09T00:00:00.000Z,-43.342338620000,-21.760505960000,"Rua Ângelo Falci, 55"
412,PARQUE BURNIER.,10072337,06:17:00,13,1,0,19,2025-01-09T00:00:00.000Z,-43.334540130000,-21.760522960000,"Rua Olga Burnier, 67"
412,PARQUE BURNIER.,10072335,06:17:00,12,1,0,18,2025-01-09T00:00:00.000Z,-43.333453420000,-21.761562350000,"Rua Olga Burnier, 233"
412,PARQUE BURNIER.,10073584,06:17:00,8,2,0,16,2025-01-09T00:00:00.000Z,-43.329363350000,-21.763255450000,"Rua Adelaide Campos de Resende, 984"
412,PARQUE BURNIER.,10072309,06:17:00,5,1,0,13,2025-01-09T00:00:00.000Z,-43.327273730000,-21.763967940000,"Rua José Teodoro dos Santos, 28"
412,PARQUE BURNIER.,10073589,06:17:00,4,7,0,12,2025-01-09T00:00:00.000Z,-43.326568960000,-21.763629600000,"Rua Adelaide Campos de Resende, 706"
412,PARQUE BURNIER.,10072358,06:17:00,1,0,0,0,2025-01-09T00:00:00.000Z,-43.328687310000,-21.761675740000,"Rua Natalino José de Paula, 112 - Ponto Final do Parque Burnier"
412,PARQUE BURNIER.,10072380,06:17:00,10,0,0,17,2025-01-09T00:00:00.000Z,-43.331466790000,-21.763337580000,"Rua Olga Burnier, 485"
412,PARQUE BURNIER.,10072332,06:17:00,14,0,0,19,2025-01-09T00:00:00.000Z,-43.335533860000,-21.760131640000,"Rua São Geraldo, 89"
412,PARQUE BURNIER.,10072386,06:17:00,7,1,0,14,2025-01-09T00:00:00.000Z,-43.328850270000,-21.762325320000,"Rua José Teodoro dos Santos, 292"
412,PARQUE BURNIER.,10072382,06:17:00,11,0,0,17,2025-01-09T00:00:00.000Z,-43.332369450000,-21.762522520000,"Rua Olga Burnier, 361"
412,PARQUE BURNIER.,10072302,06:17:00,15,0,3,16,2025-01-09T00:00:00.000Z,-43.338029500000,-21.760323850000,"Avenida Sete de Setembro, 623"
412,PARQUE BURNIER.,10073583,06:17:00,9,1,0,17,2025-01-09T00:00:00.000Z,-43.330207820000,-21.763072230000,"Rua Adelaide Campos de Resende, 1070"
412,PARQUE BURNIER.,10071108,06:17:00,17,0,8,4,2025-01-09T00:00:00.000Z,-43.349331860000,-21.758144610000,"Avenida Getúlio Vargas, 835"
412,PARQUE BURNIER.,10072362,06:17:00,3,0,0,5,2025-01-09T00:00:00.000Z,-43.327527760000,-21.762798310000,"Rua Natalino José de Paula, 310"
412,PARQUE BURNIER.,10072363,06:17:00,2,5,0,5,2025-01-09T00:00:00.000Z,-43.327885630000,-21.762179390000,"Rua Natalino José de Paula, 288"
412,PARQUE BURNIER.,10072375,06:38:00,16,0,0,0,2025-01-09T00:00:00.000Z,-43.327420830000,-21.762727850000,"Rua Natalino José de Paula, 319"
412,PARQUE BURNIER.,10072328,06:38:00,13,0,0,0,2025-01-09T00:00:00.000Z,-43.326450350000,-21.763683320000,"Rua Adelaide Campos de Resende, 669"
412,PARQUE BURNIER.,10072296,06:38:00,9,0,1,3,2025-01-09T00:00:00.000Z,-43.329374790000,-21.763440430000,"Rua Adelaide Campos de Resende, 975"
412,PARQUE BURNIER.,10072301,06:38:00,8,0,0,4,2025-01-09T00:00:00.000Z,-43.330138330000,-21.763252970000,"Rua Adelaide Campos de Resende, 1061"
412,PARQUE BURNIER.,10071503,06:38:00,15,0,0,0,2025-01-09T00:00:00.000Z,-43.326207040000,-21.762717810000,"Rua Natalino José de Paula, 421"
412,PARQUE BURNIER.,10072377,06:38:00,12,0,2,0,2025-01-09T00:00:00.000Z,-43.327321890000,-21.764062650000,"Rua José Teodoro dos Santos, 25"
412,PARQUE BURNIER.,10072316,06:38:00,11,0,0,2,2025-01-09T00:00:00.000Z,-43.328204750000,-21.763332370000,"Rua José Teodoro dos Santos, 145"
412,PARQUE BURNIER.,10073561,06:38:00,7,1,0,4,2025-01-09T00:00:00.000Z,-43.331552510000,-21.763418910000,"Rua Olga Burnier, 480"
412,PARQUE BURNIER.,10073560,06:38:00,5,0,1,3,2025-01-09T00:00:00.000Z,-43.333589670000,-21.761652280000,"Rua Olga Burnier, 230"
412,PARQUE BURNIER.,10073558,06:38:00,4,0,0,4,2025-01-09T00:00:00.000Z,-43.334645750000,-21.760669710000,"Rua Olga Burnier, 70"
412,PARQUE BURNIER.,10073552,06:38:00,3,0,0,4,2025-01-09T00:00:00.000Z,-43.335479020000,-21.760313550000,"Rua São Geraldo, 84"
412,PARQUE BURNIER.,10072305,06:38:00,2,1,0,4,2025-01-09T00:00:00.000Z,-43.337478970000,-21.760922950000,"Rua Djalma de Carvalho, 37"
412,PARQUE BURNIER.,10071108,06:38:00,1,3,0,3,2025-01-09T00:00:00.000Z,-43.349331860000,-21.758144610000,"Avenida Getúlio Vargas, 835"
412,PARQUE BURNIER.,10072356,06:38:00,17,0,0,0,2025-01-09T00:00:00.000Z,-43.327793950000,-21.762107030000,"Rua Natalino José de Paula, 271"
412,PARQUE BURNIER.,10073557,06:38:00,6,0,0,3,2025-01-09T00:00:00.000Z,-43.332479840000,-21.762640710000,"Rua Olga Burnier, 356"
412,PARQUE BURNIER.,10072359,06:38:00,14,0,0,0,2025-01-09T00:00:00.000Z,-43.326282500000,-21.763143540000,"Rua Adelaide Campos de Resende, 651"
412,PARQUE BURNIER.,10072358,06:38:00,18,9,0,9,2025-01-09T00:00:00.000Z,-43.328687310000,-21.761675740000,"Rua Natalino José de Paula, 112 - Ponto Final do Parque Burnier"
412,PARQUE BURNIER.,10072313,06:38:00,10,0,1,2,2025-01-09T00:00:00.000Z,-43.328846690000,-21.762504770000,"Rua José Teodoro dos Santos, 275"
412,PARQUE BURNIER.,10071108,07:04:00,17,0,12,18,2025-01-09T00:00:00.000Z,-43.349331860000,-21.758144610000,"Avenida Getúlio Vargas, 835"
412,PARQUE BURNIER.,10072337,07:04:00,13,0,0,33,2025-01-09T00:00:00.000Z,-43.334540130000,-21.760522960000,"Rua Olga Burnier, 67"
412,PARQUE BURNIER.,10072380,07:04:00,10,0,0,33,2025-01-09T00:00:00.000Z,-43.331466790000,-21.763337580000,"Rua Olga Burnier, 485"
412,PARQUE BURNIER.,10073583,07:04:00,9,0,0,33,2025-01-09T00:00:00.000Z,-43.330207820000,-21.763072230000,"Rua Adelaide Campos de Resende, 1070"
412,PARQUE BURNIER.,10072309,07:04:00,5,1,2,22,2025-01-09T00:00:00.000Z,-43.327273730000,-21.763967940000,"Rua José Teodoro dos Santos, 28"
412,PARQUE BURNIER.,10072362,07:04:00,3,4,1,9,2025-01-09T00:00:00.000Z,-43.327527760000,-21.762798310000,"Rua Natalino José de Paula, 310"
412,PARQUE BURNIER.,10072358,07:04:00,1,0,0,0,2025-01-09T00:00:00.000Z,-43.328687310000,-21.761675740000,"Rua Natalino José de Paula, 112 - Ponto Final do Parque Burnier"
412,PARQUE BURNIER.,10072302,07:04:00,15,0,2,30,2025-01-09T00:00:00.000Z,-43.338029500000,-21.760323850000,"Avenida Sete de Setembro, 623"
412,PARQUE BURNIER.,10072386,07:04:00,7,3,0,29,2025-01-09T00:00:00.000Z,-43.328850270000,-21.762325320000,"Rua José Teodoro dos Santos, 292"
412,PARQUE BURNIER.,10073584,07:04:00,8,4,0,33,2025-01-09T00:00:00.000Z,-43.329363350000,-21.763255450000,"Rua Adelaide Campos de Resende, 984"
412,PARQUE BURNIER.,10072384,07:04:00,6,4,0,26,2025-01-09T00:00:00.000Z,-43.327999480000,-21.763301540000,"Rua José Teodoro dos Santos, 126"
412,PARQUE BURNIER.,10073589,07:04:00,4,15,1,23,2025-01-09T00:00:00.000Z,-43.326568960000,-21.763629600000,"Rua Adelaide Campos de Resende, 706"
412,PARQUE BURNIER.,10074194,07:04:00,16,0,0,30,2025-01-09T00:00:00.000Z,-43.342338620000,-21.760505960000,"Rua Ângelo Falci, 55"
412,PARQUE BURNIER.,10072332,07:04:00,14,0,1,32,2025-01-09T00:00:00.000Z,-43.335533860000,-21.760131640000,"Rua São Geraldo, 89"
412,PARQUE BURNIER.,10072335,07:04:00,12,0,0,33,2025-01-09T00:00:00.000Z,-43.333453420000,-21.761562350000,"Rua Olga Burnier, 233"
412,PARQUE BURNIER.,10072363,07:04:00,2,6,0,6,2025-01-09T00:00:00.000Z,-43.327885630000,-21.762179390000,"Rua Natalino José de Paula, 288"
412,PARQUE BURNIER.,10072382,07:04:00,11,0,0,33,2025-01-09T00:00:00.000Z,-43.332369450000,-21.762522520000,"Rua Olga Burnier, 361"
412,PARQUE BURNIER.,10072384,07:51:00,6,2,0,7,2025-01-09T00:00:00.000Z,-43.327999480000,-21.763301540000,"Rua José Teodoro dos Santos, 126"
412,PARQUE BURNIER.,10072332,07:51:00,14,0,0,12,2025-01-09T00:00:00.000Z,-43.335533860000,-21.760131640000,"Rua São Geraldo, 89"
412,PARQUE BURNIER.,10072380,07:51:00,10,0,0,10,2025-01-09T00:00:00.000Z,-43.331466790000,-21.763337580000,"Rua Olga Burnier, 485"
412,PARQUE BURNIER.,10072337,07:51:00,13,0,0,12,2025-01-09T00:00:00.000Z,-43.334540130000,-21.760522960000,"Rua Olga Burnier, 67"
412,PARQUE BURNIER.,10072309,07:51:00,5,1,0,5,2025-01-09T00:00:00.000Z,-43.327273730000,-21.763967940000,"Rua José Teodoro dos Santos, 28"
412,PARQUE BURNIER.,10074194,07:51:00,16,1,4,9,2025-01-09T00:00:00.000Z,-43.342338620000,-21.760505960000,"Rua Ângelo Falci, 55"
412,PARQUE BURNIER.,10072335,07:51:00,12,0,0,12,2025-01-09T00:00:00.000Z,-43.333453420000,-21.761562350000,"Rua Olga Burnier, 233"
412,PARQUE BURNIER.,10073583,07:51:00,9,0,0,10,2025-01-09T00:00:00.000Z,-43.330207820000,-21.763072230000,"Rua Adelaide Campos de Resende, 1070"
412,PARQUE BURNIER.,10073584,07:51:00,8,0,0,10,2025-01-09T00:00:00.000Z,-43.329363350000,-21.763255450000,"Rua Adelaide Campos de Resende, 984"
412,PARQUE BURNIER.,10073589,07:51:00,4,0,0,4,2025-01-09T00:00:00.000Z,-43.326568960000,-21.763629600000,"Rua Adelaide Campos de Resende, 706"
412,PARQUE BURNIER.,10072362,07:51:00,3,4,0,4,2025-01-09T00:00:00.000Z,-43.327527760000,-21.762798310000,"Rua Natalino José de Paula, 310"
412,PARQUE BURNIER.,10072363,07:51:00,2,0,0,0,2025-01-09T00:00:00.000Z,-43.327885630000,-21.762179390000,"Rua Natalino José de Paula, 288"
412,PARQUE BURNIER.,10072358,07:51:00,1,0,0,0,2025-01-09T00:00:00.000Z,-43.328687310000,-21.761675740000,"Rua Natalino José de Paula, 112 - Ponto Final do Parque Burnier"
412,PARQUE BURNIER.,10072386,07:51:00,7,3,0,10,2025-01-09T00:00:00.000Z,-43.328850270000,-21.762325320000,"Rua José Teodoro dos Santos, 292"
412,PARQUE BURNIER.,10071108,07:51:00,17,0,9,0,2025-01-09T00:00:00.000Z,-43.349331860000,-21.758144610000,"Avenida Getúlio Vargas, 835"
412,PARQUE BURNIER.,10072302,07:51:00,15,2,2,12,2025-01-09T00:00:00.000Z,-43.338029500000,-21.760323850000,"Avenida Sete de Setembro, 623"
412,PARQUE BURNIER.,10072382,07:51:00,11,2,0,12,2025-01-09T00:00:00.000Z,-43.332369450000,-21.762522520000,"Rua Olga Burnier, 361"
412,PARQUE BURNIER.,10072296,08:12:00,9,2,0,4,2025-01-09T00:00:00.000Z,-43.329374790000,-21.763440430000,"Rua Adelaide Campos de Resende, 975"
412,PARQUE BURNIER.,10073560,08:12:00,5,0,0,2,2025-01-09T00:00:00.000Z,-43.333589670000,-21.761652280000,"Rua Olga Burnier, 230"
412,PARQUE BURNIER.,10071503,08:12:00,15,0,2,2,2025-01-09T00:00:00.000Z,-43.326207040000,-21.762717810000,"Rua Natalino José de Paula, 421"
412,PARQUE BURNIER.,10072316,08:12:00,11,0,0,4,2025-01-09T00:00:00.000Z,-43.328204750000,-21.763332370000,"Rua José Teodoro dos Santos, 145"
412,PARQUE BURNIER.,10072301,08:12:00,8,0,0,2,2025-01-09T00:00:00.000Z,-43.330138330000,-21.763252970000,"Rua Adelaide Campos de Resende, 1061"
412,PARQUE BURNIER.,10073561,08:12:00,7,0,0,2,2025-01-09T00:00:00.000Z,-43.331552510000,-21.763418910000,"Rua Olga Burnier, 480"
412,PARQUE BURNIER.,10073552,08:12:00,3,0,0,2,2025-01-09T00:00:00.000Z,-43.335479020000,-21.760313550000,"Rua São Geraldo, 84"
412,PARQUE BURNIER.,10072305,08:12:00,2,0,1,2,2025-01-09T00:00:00.000Z,-43.337478970000,-21.760922950000,"Rua Djalma de Carvalho, 37"
412,PARQUE BURNIER.,10071108,08:12:00,1,3,0,3,2025-01-09T00:00:00.000Z,-43.349331860000,-21.758144610000,"Avenida Getúlio Vargas, 835"
412,PARQUE BURNIER.,10072356,08:12:00,17,0,0,2,2025-01-09T00:00:00.000Z,-43.327793950000,-21.762107030000,"Rua Natalino José de Paula, 271"
412,PARQUE BURNIER.,10072375,08:12:00,16,0,0,2,2025-01-09T00:00:00.000Z,-43.327420830000,-21.762727850000,"Rua Natalino José de Paula, 319"
412,PARQUE BURNIER.,10073558,08:12:00,4,0,0,2,2025-01-09T00:00:00.000Z,-43.334645750000,-21.760669710000,"Rua Olga Burnier, 70"
412,PARQUE BURNIER.,10073557,08:12:00,6,0,0,2,2025-01-09T00:00:00.000Z,-43.332479840000,-21.762640710000,"Rua Olga Burnier, 356"
412,PARQUE BURNIER.,10072377,08:12:00,12,0,0,4,2025-01-09T00:00:00.000Z,-43.327321890000,-21.764062650000,"Rua José Teodoro dos Santos, 25"
412,PARQUE BURNIER.,10072359,08:12:00,14,0,0,4,2025-01-09T00:00:00.000Z,-43.326282500000,-21.763143540000,"Rua Adelaide Campos de Resende, 651"
412,PARQUE BURNIER.,10072313,08:12:00,10,0,0,4,2025-01-09T00:00:00.000Z,-43.328846690000,-21.762504770000,"Rua José Teodoro dos Santos, 275"
412,PARQUE BURNIER.,10072358,08:12:00,18,3,0,5,2025-01-09T00:00:00.000Z,-43.328687310000,-21.761675740000,"Rua Natalino José de Paula, 112 - Ponto Final do Parque Burnier"
412,PARQUE BURNIER.,10072328,08:12:00,13,0,0,4,2025-01-09T00:00:00.000Z,-43.326450350000,-21.763683320000,"Rua Adelaide Campos de Resende, 669"
412,PARQUE BURNIER.,10072386,08:38:00,7,3,2,18,2025-01-09T00:00:00.000Z,-43.328850270000,-21.762325320000,"Rua José Teodoro dos Santos, 292"
412,PARQUE BURNIER.,10072382,08:38:00,11,1,1,32,2025-01-09T00:00:00.000Z,-43.332369450000,-21.762522520000,"Rua Olga Burnier, 361"
412,PARQUE BURNIER.,10072302,08:38:00,15,0,0,33,2025-01-09T00:00:00.000Z,-43.338029500000,-21.760323850000,"Avenida Sete de Setembro, 623"
412,PARQUE BURNIER.,10072332,08:38:00,14,2,0,33,2025-01-09T00:00:00.000Z,-43.335533860000,-21.760131640000,"Rua São Geraldo, 89"
412,PARQUE BURNIER.,10072380,08:38:00,10,4,0,32,2025-01-09T00:00:00.000Z,-43.331466790000,-21.763337580000,"Rua Olga Burnier, 485"
412,PARQUE BURNIER.,10072337,08:38:00,13,0,0,31,2025-01-09T00:00:00.000Z,-43.334540130000,-21.760522960000,"Rua Olga Burnier, 67"
412,PARQUE BURNIER.,10073583,08:38:00,9,2,0,28,2025-01-09T00:00:00.000Z,-43.330207820000,-21.763072230000,"Rua Adelaide Campos de Resende, 1070"
412,PARQUE BURNIER.,10072384,08:38:00,6,5,0,17,2025-01-09T00:00:00.000Z,-43.327999480000,-21.763301540000,"Rua José Teodoro dos Santos, 126"
412,PARQUE BURNIER.,10072309,08:38:00,5,1,1,12,2025-01-09T00:00:00.000Z,-43.327273730000,-21.763967940000,"Rua José Teodoro dos Santos, 28"
412,PARQUE BURNIER.,10072362,08:38:00,3,2,0,5,2025-01-09T00:00:00.000Z,-43.327527760000,-21.762798310000,"Rua Natalino José de Paula, 310"
412,PARQUE BURNIER.,10072363,08:38:00,2,3,0,3,2025-01-09T00:00:00.000Z,-43.327885630000,-21.762179390000,"Rua Natalino José de Paula, 288"
412,PARQUE BURNIER.,10072358,08:38:00,1,0,0,0,2025-01-09T00:00:00.000Z,-43.328687310000,-21.761675740000,"Rua Natalino José de Paula, 112 - Ponto Final do Parque Burnier"
412,PARQUE BURNIER.,10071108,08:38:00,17,0,28,0,2025-01-09T00:00:00.000Z,-43.349331860000,-21.758144610000,"Avenida Getúlio Vargas, 835"
412,PARQUE BURNIER.,10073589,08:38:00,4,8,1,12,2025-01-09T00:00:00.000Z,-43.326568960000,-21.763629600000,"Rua Adelaide Campos de Resende, 706"
412,PARQUE BURNIER.,10072335,08:38:00,12,0,1,31,2025-01-09T00:00:00.000Z,-43.333453420000,-21.761562350000,"Rua Olga Burnier, 233"
412,PARQUE BURNIER.,10074194,08:38:00,16,5,10,28,2025-01-09T00:00:00.000Z,-43.342338620000,-21.760505960000,"Rua Ângelo Falci, 55"
412,PARQUE BURNIER.,10073584,08:38:00,8,8,0,26,2025-01-09T00:00:00.000Z,-43.329363350000,-21.763255450000,"Rua Adelaide Campos de Resende, 984"
412,PARQUE BURNIER.,10072375,08:59:00,16,0,0,11,2025-01-09T00:00:00.000Z,-43.327420830000,-21.762727850000,"Rua Natalino José de Paula, 319"
412,PARQUE BURNIER.,10072328,08:59:00,13,0,1,14,2025-01-09T00:00:00.000Z,-43.326450350000,-21.763683320000,"Rua Adelaide Campos de Resende, 669"
412,PARQUE BURNIER.,10072377,08:59:00,12,0,0,15,2025-01-09T00:00:00.000Z,-43.327321890000,-21.764062650000,"Rua José Teodoro dos Santos, 25"
412,PARQUE BURNIER.,10072301,08:59:00,8,0,1,16,2025-01-09T00:00:00.000Z,-43.330138330000,-21.763252970000,"Rua Adelaide Campos de Resende, 1061"
412,PARQUE BURNIER.,10073557,08:59:00,6,0,0,17,2025-01-09T00:00:00.000Z,-43.332479840000,-21.762640710000,"Rua Olga Burnier, 356"
412,PARQUE BURNIER.,10073560,08:59:00,5,0,0,17,2025-01-09T00:00:00.000Z,-43.333589670000,-21.761652280000,"Rua Olga Burnier, 230"
412,PARQUE BURNIER.,10073558,08:59:00,4,0,0,17,2025-01-09T00:00:00.000Z,-43.334645750000,-21.760669710000,"Rua Olga Burnier, 70"
412,PARQUE BURNIER.,10073552,08:59:00,3,0,0,17,2025-01-09T00:00:00.000Z,-43.335479020000,-21.760313550000,"Rua São Geraldo, 84"
412,PARQUE BURNIER.,10072305,08:59:00,2,1,1,17,2025-01-09T00:00:00.000Z,-43.337478970000,-21.760922950000,"Rua Djalma de Carvalho, 37"
412,PARQUE BURNIER.,10071108,08:59:00,1,17,0,17,2025-01-09T00:00:00.000Z,-43.349331860000,-21.758144610000,"Avenida Getúlio Vargas, 835"
412,PARQUE BURNIER.,10072358,08:59:00,18,2,0,13,2025-01-09T00:00:00.000Z,-43.328687310000,-21.761675740000,"Rua Natalino José de Paula, 112 - Ponto Final do Parque Burnier"
412,PARQUE BURNIER.,10072296,08:59:00,9,1,0,17,2025-01-09T00:00:00.000Z,-43.329374790000,-21.763440430000,"Rua Adelaide Campos de Resende, 975"
412,PARQUE BURNIER.,10072313,08:59:00,10,1,3,15,2025-01-09T00:00:00.000Z,-43.328846690000,-21.762504770000,"Rua José Teodoro dos Santos, 275"
412,PARQUE BURNIER.,10073561,08:59:00,7,0,0,17,2025-01-09T00:00:00.000Z,-43.331552510000,-21.763418910000,"Rua Olga Burnier, 480"
412,PARQUE BURNIER.,10072316,08:59:00,11,0,0,15,2025-01-09T00:00:00.000Z,-43.328204750000,-21.763332370000,"Rua José Teodoro dos Santos, 145"
412,PARQUE BURNIER.,10071503,08:59:00,15,0,2,11,2025-01-09T00:00:00.000Z,-43.326207040000,-21.762717810000,"Rua Natalino José de Paula, 421"
412,PARQUE BURNIER.,10072356,08:59:00,17,0,0,11,2025-01-09T00:00:00.000Z,-43.327793950000,-21.762107030000,"Rua Natalino José de Paula, 271"
412,PARQUE BURNIER.,10072359,08:59:00,14,0,1,13,2025-01-09T00:00:00.000Z,-43.326282500000,-21.763143540000,"Rua Adelaide Campos de Resende, 651"
412,PARQUE BURNIER.,10072386,09:25:00,7,1,0,8,2025-01-09T00:00:00.000Z,-43.328850270000,-21.762325320000,"Rua José Teodoro dos Santos, 292"
412,PARQUE BURNIER.,10072309,09:25:00,5,1,2,7,2025-01-09T00:00:00.000Z,-43.327273730000,-21.763967940000,"Rua José Teodoro dos Santos, 28"
412,PARQUE BURNIER.,10072335,09:25:00,12,0,1,11,2025-01-09T00:00:00.000Z,-43.333453420000,-21.761562350000,"Rua Olga Burnier, 233"
412,PARQUE BURNIER.,10074194,09:25:00,16,10,5,26,2025-01-09T00:00:00.000Z,-43.342338620000,-21.760505960000,"Rua Ângelo Falci, 55"
412,PARQUE BURNIER.,10073584,09:25:00,8,6,1,13,2025-01-09T00:00:00.000Z,-43.329363350000,-21.763255450000,"Rua Adelaide Campos de Resende, 984"
412,PARQUE BURNIER.,10072302,09:25:00,15,6,0,21,2025-01-09T00:00:00.000Z,-43.338029500000,-21.760323850000,"Avenida Sete de Setembro, 623"
412,PARQUE BURNIER.,10072332,09:25:00,14,0,0,15,2025-01-09T00:00:00.000Z,-43.335533860000,-21.760131640000,"Rua São Geraldo, 89"
412,PARQUE BURNIER.,10072382,09:25:00,11,0,0,12,2025-01-09T00:00:00.000Z,-43.332369450000,-21.762522520000,"Rua Olga Burnier, 361"
412,PARQUE BURNIER.,10072380,09:25:00,10,0,0,12,2025-01-09T00:00:00.000Z,-43.331466790000,-21.763337580000,"Rua Olga Burnier, 485"
412,PARQUE BURNIER.,10072384,09:25:00,6,0,0,7,2025-01-09T00:00:00.000Z,-43.327999480000,-21.763301540000,"Rua José Teodoro dos Santos, 126"
412,PARQUE BURNIER.,10073589,09:25:00,4,3,0,8,2025-01-09T00:00:00.000Z,-43.326568960000,-21.763629600000,"Rua Adelaide Campos de Resende, 706"
412,PARQUE BURNIER.,10072362,09:25:00,3,4,0,5,2025-01-09T00:00:00.000Z,-43.327527760000,-21.762798310000,"Rua Natalino José de Paula, 310"
412,PARQUE BURNIER.,10072363,09:25:00,2,1,0,1,2025-01-09T00:00:00.000Z,-43.327885630000,-21.762179390000,"Rua Natalino José de Paula, 288"
412,PARQUE BURNIER.,10072358,09:25:00,1,0,0,0,2025-01-09T00:00:00.000Z,-43.328687310000,-21.761675740000,"Rua Natalino José de Paula, 112 - Ponto Final do Parque Burnier"
412,PARQUE BURNIER.,10073583,09:25:00,9,0,1,12,2025-01-09T00:00:00.000Z,-43.330207820000,-21.763072230000,"Rua Adelaide Campos de Resende, 1070"
412,PARQUE BURNIER.,10071108,09:25:00,17,0,26,0,2025-01-09T00:00:00.000Z,-43.349331860000,-21.758144610000,"Avenida Getúlio Vargas, 835"
412,PARQUE BURNIER.,10072337,09:25:00,13,4,0,15,2025-01-09T00:00:00.000Z,-43.334540130000,-21.760522960000,"Rua Olga Burnier, 67"
412,PARQUE BURNIER.,10072337,10:20:00,13,1,0,31,2025-01-09T00:00:00.000Z,-43.334540130000,-21.760522960000,"Rua Olga Burnier, 67"
412,PARQUE BURNIER.,10072380,10:20:00,10,1,0,29,2025-01-09T00:00:00.000Z,-43.331466790000,-21.763337580000,"Rua Olga Burnier, 485"
412,PARQUE BURNIER.,10073583,10:20:00,9,0,0,28,2025-01-09T00:00:00.000Z,-43.330207820000,-21.763072230000,"Rua Adelaide Campos de Resende, 1070"
412,PARQUE BURNIER.,10072309,10:20:00,5,2,0,13,2025-01-09T00:00:00.000Z,-43.327273730000,-21.763967940000,"Rua José Teodoro dos Santos, 28"
412,PARQUE BURNIER.,10073589,10:20:00,4,8,1,11,2025-01-09T00:00:00.000Z,-43.326568960000,-21.763629600000,"Rua Adelaide Campos de Resende, 706"
412,PARQUE BURNIER.,10072362,10:20:00,3,2,1,4,2025-01-09T00:00:00.000Z,-43.327527760000,-21.762798310000,"Rua Natalino José de Paula, 310"
412,PARQUE BURNIER.,10072363,10:20:00,2,3,0,3,2025-01-09T00:00:00.000Z,-43.327885630000,-21.762179390000,"Rua Natalino José de Paula, 288"
412,PARQUE BURNIER.,10072358,10:20:00,1,0,0,0,2025-01-09T00:00:00.000Z,-43.328687310000,-21.761675740000,"Rua Natalino José de Paula, 112 - Ponto Final do Parque Burnier"
412,PARQUE BURNIER.,10072384,10:20:00,6,2,2,13,2025-01-09T00:00:00.000Z,-43.327999480000,-21.763301540000,"Rua José Teodoro dos Santos, 126"
412,PARQUE BURNIER.,10071108,10:20:00,17,0,33,6,2025-01-09T00:00:00.000Z,-43.349331860000,-21.758144610000,"Avenida Getúlio Vargas, 835"
412,PARQUE BURNIER.,10072386,10:20:00,7,9,0,22,2025-01-09T00:00:00.000Z,-43.328850270000,-21.762325320000,"Rua José Teodoro dos Santos, 292"
412,PARQUE BURNIER.,10072332,10:20:00,14,0,0,31,2025-01-09T00:00:00.000Z,-43.335533860000,-21.760131640000,"Rua São Geraldo, 89"
412,PARQUE BURNIER.,10072302,10:20:00,15,0,1,30,2025-01-09T00:00:00.000Z,-43.338029500000,-21.760323850000,"Avenida Sete de Setembro, 623"
412,PARQUE BURNIER.,10072335,10:20:00,12,0,0,30,2025-01-09T00:00:00.000Z,-43.333453420000,-21.761562350000,"Rua Olga Burnier, 233"
412,PARQUE BURNIER.,10073584,10:20:00,8,7,1,28,2025-01-09T00:00:00.000Z,-43.329363350000,-21.763255450000,"Rua Adelaide Campos de Resende, 984"
412,PARQUE BURNIER.,10074194,10:20:00,16,17,8,39,2025-01-09T00:00:00.000Z,-43.342338620000,-21.760505960000,"Rua Ângelo Falci, 55"
412,PARQUE BURNIER.,10072382,10:20:00,11,1,0,30,2025-01-09T00:00:00.000Z,-43.332369450000,-21.762522520000,"Rua Olga Burnier, 361"
412,PARQUE BURNIER.,10072328,10:40:00,13,0,0,0,2025-01-09T00:00:00.000Z,-43.326450350000,-21.763683320000,"Rua Adelaide Campos de Resende, 669"
412,PARQUE BURNIER.,10072356,10:40:00,17,0,0,0,2025-01-09T00:00:00.000Z,-43.327793950000,-21.762107030000,"Rua Natalino José de Paula, 271"
412,PARQUE BURNIER.,10072359,10:40:00,14,0,0,0,2025-01-09T00:00:00.000Z,-43.326282500000,-21.763143540000,"Rua Adelaide Campos de Resende, 651"
412,PARQUE BURNIER.,10072313,10:40:00,10,0,3,3,2025-01-09T00:00:00.000Z,-43.328846690000,-21.762504770000,"Rua José Teodoro dos Santos, 275"
412,PARQUE BURNIER.,10073560,10:40:00,5,0,0,10,2025-01-09T00:00:00.000Z,-43.333589670000,-21.761652280000,"Rua Olga Burnier, 230"
412,PARQUE BURNIER.,10073557,10:40:00,6,0,2,8,2025-01-09T00:00:00.000Z,-43.332479840000,-21.762640710000,"Rua Olga Burnier, 356"
412,PARQUE BURNIER.,10072375,10:40:00,16,0,0,0,2025-01-09T00:00:00.000Z,-43.327420830000,-21.762727850000,"Rua Natalino José de Paula, 319"
412,PARQUE BURNIER.,10072377,10:40:00,12,0,1,0,2025-01-09T00:00:00.000Z,-43.327321890000,-21.764062650000,"Rua José Teodoro dos Santos, 25"
412,PARQUE BURNIER.,10072296,10:40:00,9,0,2,6,2025-01-09T00:00:00.000Z,-43.329374790000,-21.763440430000,"Rua Adelaide Campos de Resende, 975"
412,PARQUE BURNIER.,10072301,10:40:00,8,0,0,8,2025-01-09T00:00:00.000Z,-43.330138330000,-21.763252970000,"Rua Adelaide Campos de Resende, 1061"
412,PARQUE BURNIER.,10073558,10:40:00,4,0,0,10,2025-01-09T00:00:00.000Z,-43.334645750000,-21.760669710000,"Rua Olga Burnier, 70"
412,PARQUE BURNIER.,10073552,10:40:00,3,0,0,10,2025-01-09T00:00:00.000Z,-43.335479020000,-21.760313550000,"Rua São Geraldo, 84"
412,PARQUE BURNIER.,10072305,10:40:00,2,2,2,10,2025-01-09T00:00:00.000Z,-43.337478970000,-21.760922950000,"Rua Djalma de Carvalho, 37"
412,PARQUE BURNIER.,10071108,10:40:00,1,10,0,10,2025-01-09T00:00:00.000Z,-43.349331860000,-21.758144610000,"Avenida Getúlio Vargas, 835"
412,PARQUE BURNIER.,10072358,10:40:00,18,2,0,2,2025-01-09T00:00:00.000Z,-43.328687310000,-21.761675740000,"Rua Natalino José de Paula, 112 - Ponto Final do Parque Burnier"
412,PARQUE BURNIER.,10073561,10:40:00,7,0,0,8,2025-01-09T00:00:00.000Z,-43.331552510000,-21.763418910000,"Rua Olga Burnier, 480"
412,PARQUE BURNIER.,10072316,10:40:00,11,0,2,1,2025-01-09T00:00:00.000Z,-43.328204750000,-21.763332370000,"Rua José Teodoro dos Santos, 145"
412,PARQUE BURNIER.,10071503,10:40:00,15,0,0,0,2025-01-09T00:00:00.000Z,-43.326207040000,-21.762717810000,"Rua Natalino José de Paula, 421"
412,PARQUE BURNIER.,10072332,11:15:00,14,0,0,11,2025-01-09T00:00:00.000Z,-43.335533860000,-21.760131640000,"Rua São Geraldo, 89"
412,PARQUE BURNIER.,10072380,11:15:00,10,0,0,10,2025-01-09T00:00:00.000Z,-43.331466790000,-21.763337580000,"Rua Olga Burnier, 485"
412,PARQUE BURNIER.,10072386,11:15:00,7,4,2,9,2025-01-09T00:00:00.000Z,-43.328850270000,-21.762325320000,"Rua José Teodoro dos Santos, 292"
412,PARQUE BURNIER.,10072384,11:15:00,6,1,0,7,2025-01-09T00:00:00.000Z,-43.327999480000,-21.763301540000,"Rua José Teodoro dos Santos, 126"
412,PARQUE BURNIER.,10073589,11:15:00,4,5,0,5,2025-01-09T00:00:00.000Z,-43.326568960000,-21.763629600000,"Rua Adelaide Campos de Resende, 706"
412,PARQUE BURNIER.,10072362,11:15:00,3,0,0,0,2025-01-09T00:00:00.000Z,-43.327527760000,-21.762798310000,"Rua Natalino José de Paula, 310"
412,PARQUE BURNIER.,10072363,11:15:00,2,0,0,0,2025-01-09T00:00:00.000Z,-43.327885630000,-21.762179390000,"Rua Natalino José de Paula, 288"
412,PARQUE BURNIER.,10072358,11:15:00,1,0,0,0,2025-01-09T00:00:00.000Z,-43.328687310000,-21.761675740000,"Rua Natalino José de Paula, 112 - Ponto Final do Parque Burnier"
412,PARQUE BURNIER.,10074194,11:15:00,16,7,2,15,2025-01-09T00:00:00.000Z,-43.342338620000,-21.760505960000,"Rua Ângelo Falci, 55"
412,PARQUE BURNIER.,10073584,11:15:00,8,1,0,10,2025-01-09T00:00:00.000Z,-43.329363350000,-21.763255450000,"Rua Adelaide Campos de Resende, 984"
412,PARQUE BURNIER.,10072309,11:15:00,5,1,0,6,2025-01-09T00:00:00.000Z,-43.327273730000,-21.763967940000,"Rua José Teodoro dos Santos, 28"
412,PARQUE BURNIER.,10072335,11:15:00,12,1,0,11,2025-01-09T00:00:00.000Z,-43.333453420000,-21.761562350000,"Rua Olga Burnier, 233"
412,PARQUE BURNIER.,10073583,11:15:00,9,0,0,10,2025-01-09T00:00:00.000Z,-43.330207820000,-21.763072230000,"Rua Adelaide Campos de Resende, 1070"
412,PARQUE BURNIER.,10072337,11:15:00,13,0,0,11,2025-01-09T00:00:00.000Z,-43.334540130000,-21.760522960000,"Rua Olga Burnier, 67"
412,PARQUE BURNIER.,10071108,11:15:00,17,0,14,1,2025-01-09T00:00:00.000Z,-43.349331860000,-21.758144610000,"Avenida Getúlio Vargas, 835"
412,PARQUE BURNIER.,10072382,11:15:00,11,0,0,10,2025-01-09T00:00:00.000Z,-43.332369450000,-21.762522520000,"Rua Olga Burnier, 361"
412,PARQUE BURNIER.,10072302,11:15:00,15,0,1,10,2025-01-09T00:00:00.000Z,-43.338029500000,-21.760323850000,"Avenida Sete de Setembro, 623"
412,PARQUE BURNIER.,10072313,11:35:00,10,0,3,13,2025-01-09T00:00:00.000Z,-43.328846690000,-21.762504770000,"Rua José Teodoro dos Santos, 275"
412,PARQUE BURNIER.,10072316,11:35:00,11,0,0,13,2025-01-09T00:00:00.000Z,-43.328204750000,-21.763332370000,"Rua José Teodoro dos Santos, 145"
412,PARQUE BURNIER.,10073561,11:35:00,7,0,0,16,2025-01-09T00:00:00.000Z,-43.331552510000,-21.763418910000,"Rua Olga Burnier, 480"
412,PARQUE BURNIER.,10071503,11:35:00,15,0,0,12,2025-01-09T00:00:00.000Z,-43.326207040000,-21.762717810000,"Rua Natalino José de Paula, 421"
412,PARQUE BURNIER.,10072358,11:35:00,18,2,0,14,2025-01-09T00:00:00.000Z,-43.328687310000,-21.761675740000,"Rua Natalino José de Paula, 112 - Ponto Final do Parque Burnier"
412,PARQUE BURNIER.,10073558,11:35:00,4,0,0,16,2025-01-09T00:00:00.000Z,-43.334645750000,-21.760669710000,"Rua Olga Burnier, 70"
412,PARQUE BURNIER.,10072356,11:35:00,17,0,0,12,2025-01-09T00:00:00.000Z,-43.327793950000,-21.762107030000,"Rua Natalino José de Paula, 271"
412,PARQUE BURNIER.,10072359,11:35:00,14,1,1,12,2025-01-09T00:00:00.000Z,-43.326282500000,-21.763143540000,"Rua Adelaide Campos de Resende, 651"
412,PARQUE BURNIER.,10072328,11:35:00,13,0,1,12,2025-01-09T00:00:00.000Z,-43.326450350000,-21.763683320000,"Rua Adelaide Campos de Resende, 669"
412,PARQUE BURNIER.,10072296,11:35:00,9,0,0,16,2025-01-09T00:00:00.000Z,-43.329374790000,-21.763440430000,"Rua Adelaide Campos de Resende, 975"
412,PARQUE BURNIER.,10073557,11:35:00,6,0,0,16,2025-01-09T00:00:00.000Z,-43.332479840000,-21.762640710000,"Rua Olga Burnier, 356"
412,PARQUE BURNIER.,10073560,11:35:00,5,0,0,16,2025-01-09T00:00:00.000Z,-43.333589670000,-21.761652280000,"Rua Olga Burnier, 230"
412,PARQUE BURNIER.,10073552,11:35:00,3,0,0,16,2025-01-09T00:00:00.000Z,-43.335479020000,-21.760313550000,"Rua São Geraldo, 84"
412,PARQUE BURNIER.,10072305,11:35:00,2,0,1,16,2025-01-09T00:00:00.000Z,-43.337478970000,-21.760922950000,"Rua Djalma de Carvalho, 37"
412,PARQUE BURNIER.,10071108,11:35:00,1,17,0,17,2025-01-09T00:00:00.000Z,-43.349331860000,-21.758144610000,"Avenida Getúlio Vargas, 835"
412,PARQUE BURNIER.,10072301,11:35:00,8,0,0,16,2025-01-09T00:00:00.000Z,-43.330138330000,-21.763252970000,"Rua Adelaide Campos de Resende, 1061"
412,PARQUE BURNIER.,10072377,11:35:00,12,0,0,13,2025-01-09T00:00:00.000Z,-43.327321890000,-21.764062650000,"Rua José Teodoro dos Santos, 25"
412,PARQUE BURNIER.,10072375,11:35:00,16,0,0,12,2025-01-09T00:00:00.000Z,-43.327420830000,-21.762727850000,"Rua Natalino José de Paula, 319"
412,PARQUE BURNIER.,10072384,12:10:00,6,0,0,7,2025-01-09T00:00:00.000Z,-43.327999480000,-21.763301540000,"Rua José Teodoro dos Santos, 126"
412,PARQUE BURNIER.,10072302,12:10:00,15,2,0,18,2025-01-09T00:00:00.000Z,-43.338029500000,-21.760323850000,"Avenida Sete de Setembro, 623"
412,PARQUE BURNIER.,10072335,12:10:00,12,1,0,15,2025-01-09T00:00:00.000Z,-43.333453420000,-21.761562350000,"Rua Olga Burnier, 233"
412,PARQUE BURNIER.,10072382,12:10:00,11,0,0,14,2025-01-09T00:00:00.000Z,-43.332369450000,-21.762522520000,"Rua Olga Burnier, 361"
412,PARQUE BURNIER.,10072386,12:10:00,7,2,0,9,2025-01-09T00:00:00.000Z,-43.328850270000,-21.762325320000,"Rua José Teodoro dos Santos, 292"
412,PARQUE BURNIER.,10072309,12:10:00,5,0,0,7,2025-01-09T00:00:00.000Z,-43.327273730000,-21.763967940000,"Rua José Teodoro dos Santos, 28"
412,PARQUE BURNIER.,10073589,12:10:00,4,2,0,7,2025-01-09T00:00:00.000Z,-43.326568960000,-21.763629600000,"Rua Adelaide Campos de Resende, 706"
412,PARQUE BURNIER.,10072362,12:10:00,3,4,0,5,2025-01-09T00:00:00.000Z,-43.327527760000,-21.762798310000,"Rua Natalino José de Paula, 310"
412,PARQUE BURNIER.,10072363,12:10:00,2,1,0,1,2025-01-09T00:00:00.000Z,-43.327885630000,-21.762179390000,"Rua Natalino José de Paula, 288"
412,PARQUE BURNIER.,10072358,12:10:00,1,0,0,0,2025-01-09T00:00:00.000Z,-43.328687310000,-21.761675740000,"Rua Natalino José de Paula, 112 - Ponto Final do Parque Burnier"
412,PARQUE BURNIER.,10073583,12:10:00,9,0,1,13,2025-01-09T00:00:00.000Z,-43.330207820000,-21.763072230000,"Rua Adelaide Campos de Resende, 1070"
412,PARQUE BURNIER.,10073584,12:10:00,8,6,1,14,2025-01-09T00:00:00.000Z,-43.329363350000,-21.763255450000,"Rua Adelaide Campos de Resende, 984"
412,PARQUE BURNIER.,10072337,12:10:00,13,0,0,15,2025-01-09T00:00:00.000Z,-43.334540130000,-21.760522960000,"Rua Olga Burnier, 67"
412,PARQUE BURNIER.,10071108,12:10:00,17,0,23,2,2025-01-09T00:00:00.000Z,-43.349331860000,-21.758144610000,"Avenida Getúlio Vargas, 835"
412,PARQUE BURNIER.,10072380,12:10:00,10,1,0,14,2025-01-09T00:00:00.000Z,-43.331466790000,-21.763337580000,"Rua Olga Burnier, 485"
412,PARQUE BURNIER.,10072332,12:10:00,14,1,0,16,2025-01-09T00:00:00.000Z,-43.335533860000,-21.760131640000,"Rua São Geraldo, 89"
412,PARQUE BURNIER.,10074194,12:10:00,16,10,3,25,2025-01-09T00:00:00.000Z,-43.342338620000,-21.760505960000,"Rua Ângelo Falci, 55"
412,PARQUE BURNIER.,10071503,12:30:00,15,0,2,7,2025-01-09T00:00:00.000Z,-43.326207040000,-21.762717810000,"Rua Natalino José de Paula, 421"
412,PARQUE BURNIER.,10072377,12:30:00,12,0,0,11,2025-01-09T00:00:00.000Z,-43.327321890000,-21.764062650000,"Rua José Teodoro dos Santos, 25"
412,PARQUE BURNIER.,10072301,12:30:00,8,0,0,15,2025-01-09T00:00:00.000Z,-43.330138330000,-21.763252970000,"Rua Adelaide Campos de Resende, 1061"
412,PARQUE BURNIER.,10072375,12:30:00,16,0,0,7,2025-01-09T00:00:00.000Z,-43.327420830000,-21.762727850000,"Rua Natalino José de Paula, 319"
412,PARQUE BURNIER.,10073561,12:30:00,7,0,0,15,2025-01-09T00:00:00.000Z,-43.331552510000,-21.763418910000,"Rua Olga Burnier, 480"
412,PARQUE BURNIER.,10073558,12:30:00,4,0,0,15,2025-01-09T00:00:00.000Z,-43.334645750000,-21.760669710000,"Rua Olga Burnier, 70"
412,PARQUE BURNIER.,10072358,12:30:00,18,3,0,10,2025-01-09T00:00:00.000Z,-43.328687310000,-21.761675740000,"Rua Natalino José de Paula, 112 - Ponto Final do Parque Burnier"
412,PARQUE BURNIER.,10072359,12:30:00,14,0,1,9,2025-01-09T00:00:00.000Z,-43.326282500000,-21.763143540000,"Rua Adelaide Campos de Resende, 651"
412,PARQUE BURNIER.,10072316,12:30:00,11,0,0,11,2025-01-09T00:00:00.000Z,-43.328204750000,-21.763332370000,"Rua José Teodoro dos Santos, 145"
412,PARQUE BURNIER.,10072313,12:30:00,10,0,3,11,2025-01-09T00:00:00.000Z,-43.328846690000,-21.762504770000,"Rua José Teodoro dos Santos, 275"
412,PARQUE BURNIER.,10073557,12:30:00,6,0,0,15,2025-01-09T00:00:00.000Z,-43.332479840000,-21.762640710000,"Rua Olga Burnier, 356"
412,PARQUE BURNIER.,10073552,12:30:00,3,0,0,15,2025-01-09T00:00:00.000Z,-43.335479020000,-21.760313550000,"Rua São Geraldo, 84"
412,PARQUE BURNIER.,10072305,12:30:00,2,3,1,15,2025-01-09T00:00:00.000Z,-43.337478970000,-21.760922950000,"Rua Djalma de Carvalho, 37"
412,PARQUE BURNIER.,10071108,12:30:00,1,13,0,13,2025-01-09T00:00:00.000Z,-43.349331860000,-21.758144610000,"Avenida Getúlio Vargas, 835"
412,PARQUE BURNIER.,10073560,12:30:00,5,0,0,15,2025-01-09T00:00:00.000Z,-43.333589670000,-21.761652280000,"Rua Olga Burnier, 230"
412,PARQUE BURNIER.,10072296,12:30:00,9,0,1,14,2025-01-09T00:00:00.000Z,-43.329374790000,-21.763440430000,"Rua Adelaide Campos de Resende, 975"
412,PARQUE BURNIER.,10072328,12:30:00,13,0,1,10,2025-01-09T00:00:00.000Z,-43.326450350000,-21.763683320000,"Rua Adelaide Campos de Resende, 669"
412,PARQUE BURNIER.,10072356,12:30:00,17,0,0,7,2025-01-09T00:00:00.000Z,-43.327793950000,-21.762107030000,"Rua Natalino José de Paula, 271"
412,PARQUE BURNIER.,10072309,13:05:00,5,1,1,12,2025-01-09T00:00:00.000Z,-43.327273730000,-21.763967940000,"Rua José Teodoro dos Santos, 28"
412,PARQUE BURNIER.,10074194,13:05:00,16,8,3,27,2025-01-09T00:00:00.000Z,-43.342338620000,-21.760505960000,"Rua Ângelo Falci, 55"
412,PARQUE BURNIER.,10072335,13:05:00,12,0,0,18,2025-01-09T00:00:00.000Z,-43.333453420000,-21.761562350000,"Rua Olga Burnier, 233"
412,PARQUE BURNIER.,10073583,13:05:00,9,0,1,16,2025-01-09T00:00:00.000Z,-43.330207820000,-21.763072230000,"Rua Adelaide Campos de Resende, 1070"
412,PARQUE BURNIER.,10073584,13:05:00,8,4,1,17,2025-01-09T00:00:00.000Z,-43.329363350000,-21.763255450000,"Rua Adelaide Campos de Resende, 984"
412,PARQUE BURNIER.,10073589,13:05:00,4,4,0,12,2025-01-09T00:00:00.000Z,-43.326568960000,-21.763629600000,"Rua Adelaide Campos de Resende, 706"
412,PARQUE BURNIER.,10072362,13:05:00,3,6,0,8,2025-01-09T00:00:00.000Z,-43.327527760000,-21.762798310000,"Rua Natalino José de Paula, 310"
412,PARQUE BURNIER.,10072363,13:05:00,2,2,0,2,2025-01-09T00:00:00.000Z,-43.327885630000,-21.762179390000,"Rua Natalino José de Paula, 288"
412,PARQUE BURNIER.,10072358,13:05:00,1,0,0,0,2025-01-09T00:00:00.000Z,-43.328687310000,-21.761675740000,"Rua Natalino José de Paula, 112 - Ponto Final do Parque Burnier"
412,PARQUE BURNIER.,10071108,13:05:00,17,0,23,4,2025-01-09T00:00:00.000Z,-43.349331860000,-21.758144610000,"Avenida Getúlio Vargas, 835"
412,PARQUE BURNIER.,10072384,13:05:00,6,1,0,13,2025-01-09T00:00:00.000Z,-43.327999480000,-21.763301540000,"Rua José Teodoro dos Santos, 126"
412,PARQUE BURNIER.,10072386,13:05:00,7,1,0,14,2025-01-09T00:00:00.000Z,-43.328850270000,-21.762325320000,"Rua José Teodoro dos Santos, 292"
412,PARQUE BURNIER.,10072382,13:05:00,11,0,0,18,2025-01-09T00:00:00.000Z,-43.332369450000,-21.762522520000,"Rua Olga Burnier, 361"
412,PARQUE BURNIER.,10072302,13:05:00,15,2,0,22,2025-01-09T00:00:00.000Z,-43.338029500000,-21.760323850000,"Avenida Sete de Setembro, 623"
412,PARQUE BURNIER.,10072380,13:05:00,10,2,0,18,2025-01-09T00:00:00.000Z,-43.331466790000,-21.763337580000,"Rua Olga Burnier, 485"
412,PARQUE BURNIER.,10072332,13:05:00,14,0,0,20,2025-01-09T00:00:00.000Z,-43.335533860000,-21.760131640000,"Rua São Geraldo, 89"
412,PARQUE BURNIER.,10072337,13:05:00,13,2,0,20,2025-01-09T00:00:00.000Z,-43.334540130000,-21.760522960000,"Rua Olga Burnier, 67"
412,PARQUE BURNIER.,10072296,13:25:00,9,0,0,15,2025-01-09T00:00:00.000Z,-43.329374790000,-21.763440430000,"Rua Adelaide Campos de Resende, 975"
412,PARQUE BURNIER.,10072328,13:25:00,13,0,1,11,2025-01-09T00:00:00.000Z,-43.326450350000,-21.763683320000,"Rua Adelaide Campos de Resende, 669"
412,PARQUE BURNIER.,10072356,13:25:00,17,0,0,10,2025-01-09T00:00:00.000Z,-43.327793950000,-21.762107030000,"Rua Natalino José de Paula, 271"
412,PARQUE BURNIER.,10073558,13:25:00,4,0,0,16,2025-01-09T00:00:00.000Z,-43.334645750000,-21.760669710000,"Rua Olga Burnier, 70"
412,PARQUE BURNIER.,10072377,13:25:00,12,0,0,12,2025-01-09T00:00:00.000Z,-43.327321890000,-21.764062650000,"Rua José Teodoro dos Santos, 25"
412,PARQUE BURNIER.,10073560,13:25:00,5,0,0,16,2025-01-09T00:00:00.000Z,-43.333589670000,-21.761652280000,"Rua Olga Burnier, 230"
412,PARQUE BURNIER.,10072375,13:25:00,16,1,0,10,2025-01-09T00:00:00.000Z,-43.327420830000,-21.762727850000,"Rua Natalino José de Paula, 319"
412,PARQUE BURNIER.,10071503,13:25:00,15,0,1,9,2025-01-09T00:00:00.000Z,-43.326207040000,-21.762717810000,"Rua Natalino José de Paula, 421"
412,PARQUE BURNIER.,10072316,13:25:00,11,0,0,12,2025-01-09T00:00:00.000Z,-43.328204750000,-21.763332370000,"Rua José Teodoro dos Santos, 145"
412,PARQUE BURNIER.,10072301,13:25:00,8,0,1,15,2025-01-09T00:00:00.000Z,-43.330138330000,-21.763252970000,"Rua Adelaide Campos de Resende, 1061"
412,PARQUE BURNIER.,10073561,13:25:00,7,0,0,16,2025-01-09T00:00:00.000Z,-43.331552510000,-21.763418910000,"Rua Olga Burnier, 480"
412,PARQUE BURNIER.,10073552,13:25:00,3,0,0,16,2025-01-09T00:00:00.000Z,-43.335479020000,-21.760313550000,"Rua São Geraldo, 84"
412,PARQUE BURNIER.,10072305,13:25:00,2,1,1,16,2025-01-09T00:00:00.000Z,-43.337478970000,-21.760922950000,"Rua Djalma de Carvalho, 37"
412,PARQUE BURNIER.,10071108,13:25:00,1,16,0,16,2025-01-09T00:00:00.000Z,-43.349331860000,-21.758144610000,"Avenida Getúlio Vargas, 835"
412,PARQUE BURNIER.,10072358,13:25:00,18,5,0,15,2025-01-09T00:00:00.000Z,-43.328687310000,-21.761675740000,"Rua Natalino José de Paula, 112 - Ponto Final do Parque Burnier"
412,PARQUE BURNIER.,10073557,13:25:00,6,0,0,16,2025-01-09T00:00:00.000Z,-43.332479840000,-21.762640710000,"Rua Olga Burnier, 356"
412,PARQUE BURNIER.,10072359,13:25:00,14,0,1,10,2025-01-09T00:00:00.000Z,-43.326282500000,-21.763143540000,"Rua Adelaide Campos de Resende, 651"
412,PARQUE BURNIER.,10072313,13:25:00,10,0,3,12,2025-01-09T00:00:00.000Z,-43.328846690000,-21.762504770000,"Rua José Teodoro dos Santos, 275"
412,PARQUE BURNIER.,10072337,14:00:00,13,0,0,9,2025-01-09T00:00:00.000Z,-43.334540130000,-21.760522960000,"Rua Olga Burnier, 67"
412,PARQUE BURNIER.,10073583,14:00:00,9,0,1,8,2025-01-09T00:00:00.000Z,-43.330207820000,-21.763072230000,"Rua Adelaide Campos de Resende, 1070"
412,PARQUE BURNIER.,10072384,14:00:00,6,0,0,5,2025-01-09T00:00:00.000Z,-43.327999480000,-21.763301540000,"Rua José Teodoro dos Santos, 126"
412,PARQUE BURNIER.,10072309,14:00:00,5,2,1,5,2025-01-09T00:00:00.000Z,-43.327273730000,-21.763967940000,"Rua José Teodoro dos Santos, 28"
412,PARQUE BURNIER.,10073589,14:00:00,4,1,0,4,2025-01-09T00:00:00.000Z,-43.326568960000,-21.763629600000,"Rua Adelaide Campos de Resende, 706"
412,PARQUE BURNIER.,10072362,14:00:00,3,3,0,3,2025-01-09T00:00:00.000Z,-43.327527760000,-21.762798310000,"Rua Natalino José de Paula, 310"
412,PARQUE BURNIER.,10072363,14:00:00,2,0,0,0,2025-01-09T00:00:00.000Z,-43.327885630000,-21.762179390000,"Rua Natalino José de Paula, 288"
412,PARQUE BURNIER.,10072358,14:00:00,1,0,0,0,2025-01-09T00:00:00.000Z,-43.328687310000,-21.761675740000,"Rua Natalino José de Paula, 112 - Ponto Final do Parque Burnier"
412,PARQUE BURNIER.,10071108,14:00:00,17,0,26,0,2025-01-09T00:00:00.000Z,-43.349331860000,-21.758144610000,"Avenida Getúlio Vargas, 835"
412,PARQUE BURNIER.,10072380,14:00:00,10,0,0,8,2025-01-09T00:00:00.000Z,-43.331466790000,-21.763337580000,"Rua Olga Burnier, 485"
412,PARQUE BURNIER.,10072302,14:00:00,15,0,0,9,2025-01-09T00:00:00.000Z,-43.338029500000,-21.760323850000,"Avenida Sete de Setembro, 623"
412,PARQUE BURNIER.,10072386,14:00:00,7,3,0,8,2025-01-09T00:00:00.000Z,-43.328850270000,-21.762325320000,"Rua José Teodoro dos Santos, 292"
412,PARQUE BURNIER.,10074194,14:00:00,16,21,4,26,2025-01-09T00:00:00.000Z,-43.342338620000,-21.760505960000,"Rua Ângelo Falci, 55"
412,PARQUE BURNIER.,10072332,14:00:00,14,0,0,9,2025-01-09T00:00:00.000Z,-43.335533860000,-21.760131640000,"Rua São Geraldo, 89"
412,PARQUE BURNIER.,10072335,14:00:00,12,1,0,9,2025-01-09T00:00:00.000Z,-43.333453420000,-21.761562350000,"Rua Olga Burnier, 233"
412,PARQUE BURNIER.,10073584,14:00:00,8,2,1,9,2025-01-09T00:00:00.000Z,-43.329363350000,-21.763255450000,"Rua Adelaide Campos de Resende, 984"
412,PARQUE BURNIER.,10072382,14:00:00,11,0,0,8,2025-01-09T00:00:00.000Z,-43.332369450000,-21.762522520000,"Rua Olga Burnier, 361"
412,PARQUE BURNIER.,10072359,14:20:00,14,0,1,9,2025-01-09T00:00:00.000Z,-43.326282500000,-21.763143540000,"Rua Adelaide Campos de Resende, 651"
412,PARQUE BURNIER.,10072313,14:20:00,10,0,3,10,2025-01-09T00:00:00.000Z,-43.328846690000,-21.762504770000,"Rua José Teodoro dos Santos, 275"
412,PARQUE BURNIER.,10072296,14:20:00,9,0,1,13,2025-01-09T00:00:00.000Z,-43.329374790000,-21.763440430000,"Rua Adelaide Campos de Resende, 975"
412,PARQUE BURNIER.,10073561,14:20:00,7,0,0,13,2025-01-09T00:00:00.000Z,-43.331552510000,-21.763418910000,"Rua Olga Burnier, 480"
412,PARQUE BURNIER.,10072375,14:20:00,16,0,0,9,2025-01-09T00:00:00.000Z,-43.327420830000,-21.762727850000,"Rua Natalino José de Paula, 319"
412,PARQUE BURNIER.,10072328,14:20:00,13,1,1,10,2025-01-09T00:00:00.000Z,-43.326450350000,-21.763683320000,"Rua Adelaide Campos de Resende, 669"
412,PARQUE BURNIER.,10072377,14:20:00,12,0,0,10,2025-01-09T00:00:00.000Z,-43.327321890000,-21.764062650000,"Rua José Teodoro dos Santos, 25"
412,PARQUE BURNIER.,10072301,14:20:00,8,1,0,14,2025-01-09T00:00:00.000Z,-43.330138330000,-21.763252970000,"Rua Adelaide Campos de Resende, 1061"
412,PARQUE BURNIER.,10073557,14:20:00,6,0,0,13,2025-01-09T00:00:00.000Z,-43.332479840000,-21.762640710000,"Rua Olga Burnier, 356"
412,PARQUE BURNIER.,10073560,14:20:00,5,0,0,13,2025-01-09T00:00:00.000Z,-43.333589670000,-21.761652280000,"Rua Olga Burnier, 230"
412,PARQUE BURNIER.,10073558,14:20:00,4,0,0,13,2025-01-09T00:00:00.000Z,-43.334645750000,-21.760669710000,"Rua Olga Burnier, 70"
412,PARQUE BURNIER.,10073552,14:20:00,3,0,0,13,2025-01-09T00:00:00.000Z,-43.335479020000,-21.760313550000,"Rua São Geraldo, 84"
412,PARQUE BURNIER.,10072305,14:20:00,2,0,1,13,2025-01-09T00:00:00.000Z,-43.337478970000,-21.760922950000,"Rua Djalma de Carvalho, 37"
412,PARQUE BURNIER.,10071108,14:20:00,1,14,0,14,2025-01-09T00:00:00.000Z,-43.349331860000,-21.758144610000,"Avenida Getúlio Vargas, 835"
412,PARQUE BURNIER.,10072358,14:20:00,18,3,0,12,2025-01-09T00:00:00.000Z,-43.328687310000,-21.761675740000,"Rua Natalino José de Paula, 112 - Ponto Final do Parque Burnier"
412,PARQUE BURNIER.,10072356,14:20:00,17,0,0,9,2025-01-09T00:00:00.000Z,-43.327793950000,-21.762107030000,"Rua Natalino José de Paula, 271"
412,PARQUE BURNIER.,10072316,14:20:00,11,0,0,10,2025-01-09T00:00:00.000Z,-43.328204750000,-21.763332370000,"Rua José Teodoro dos Santos, 145"
412,PARQUE BURNIER.,10071503,14:20:00,15,0,0,9,2025-01-09T00:00:00.000Z,-43.326207040000,-21.762717810000,"Rua Natalino José de Paula, 421"
412,PARQUE BURNIER.,10072332,14:55:00,14,0,0,9,2025-01-09T00:00:00.000Z,-43.335533860000,-21.760131640000,"Rua São Geraldo, 89"
412,PARQUE BURNIER.,10072382,14:55:00,11,0,0,8,2025-01-09T00:00:00.000Z,-43.332369450000,-21.762522520000,"Rua Olga Burnier, 361"
412,PARQUE BURNIER.,10072380,14:55:00,10,0,0,8,2025-01-09T00:00:00.000Z,-43.331466790000,-21.763337580000,"Rua Olga Burnier, 485"
412,PARQUE BURNIER.,10072384,14:55:00,6,0,0,5,2025-01-09T00:00:00.000Z,-43.327999480000,-21.763301540000,"Rua José Teodoro dos Santos, 126"
412,PARQUE BURNIER.,10073589,14:55:00,4,1,0,2,2025-01-09T00:00:00.000Z,-43.326568960000,-21.763629600000,"Rua Adelaide Campos de Resende, 706"
412,PARQUE BURNIER.,10072362,14:55:00,3,1,0,1,2025-01-09T00:00:00.000Z,-43.327527760000,-21.762798310000,"Rua Natalino José de Paula, 310"
412,PARQUE BURNIER.,10072363,14:55:00,2,0,0,0,2025-01-09T00:00:00.000Z,-43.327885630000,-21.762179390000,"Rua Natalino José de Paula, 288"
412,PARQUE BURNIER.,10072358,14:55:00,1,0,0,0,2025-01-09T00:00:00.000Z,-43.328687310000,-21.761675740000,"Rua Natalino José de Paula, 112 - Ponto Final do Parque Burnier"
412,PARQUE BURNIER.,10074194,14:55:00,16,6,0,15,2025-01-09T00:00:00.000Z,-43.342338620000,-21.760505960000,"Rua Ângelo Falci, 55"
412,PARQUE BURNIER.,10072337,14:55:00,13,0,0,9,2025-01-09T00:00:00.000Z,-43.334540130000,-21.760522960000,"Rua Olga Burnier, 67"
412,PARQUE BURNIER.,10072386,14:55:00,7,1,0,6,2025-01-09T00:00:00.000Z,-43.328850270000,-21.762325320000,"Rua José Teodoro dos Santos, 292"
412,PARQUE BURNIER.,10073583,14:55:00,9,0,0,8,2025-01-09T00:00:00.000Z,-43.330207820000,-21.763072230000,"Rua Adelaide Campos de Resende, 1070"
412,PARQUE BURNIER.,10071108,14:55:00,17,0,14,1,2025-01-09T00:00:00.000Z,-43.349331860000,-21.758144610000,"Avenida Getúlio Vargas, 835"
412,PARQUE BURNIER.,10072302,14:55:00,15,0,0,9,2025-01-09T00:00:00.000Z,-43.338029500000,-21.760323850000,"Avenida Sete de Setembro, 623"
412,PARQUE BURNIER.,10072309,14:55:00,5,3,0,5,2025-01-09T00:00:00.000Z,-43.327273730000,-21.763967940000,"Rua José Teodoro dos Santos, 28"
412,PARQUE BURNIER.,10073584,14:55:00,8,2,0,8,2025-01-09T00:00:00.000Z,-43.329363350000,-21.763255450000,"Rua Adelaide Campos de Resende, 984"
412,PARQUE BURNIER.,10072335,14:55:00,12,1,0,9,2025-01-09T00:00:00.000Z,-43.333453420000,-21.761562350000,"Rua Olga Burnier, 233"
412,PARQUE BURNIER.,10073561,15:15:00,7,0,0,8,2025-01-09T00:00:00.000Z,-43.331552510000,-21.763418910000,"Rua Olga Burnier, 480"
412,PARQUE BURNIER.,10071503,15:15:00,15,0,0,0,2025-01-09T00:00:00.000Z,-43.326207040000,-21.762717810000,"Rua Natalino José de Paula, 421"
412,PARQUE BURNIER.,10072359,15:15:00,14,0,0,0,2025-01-09T00:00:00.000Z,-43.326282500000,-21.763143540000,"Rua Adelaide Campos de Resende, 651"
412,PARQUE BURNIER.,10072358,15:15:00,18,0,0,0,2025-01-09T00:00:00.000Z,-43.328687310000,-21.761675740000,"Rua Natalino José de Paula, 112 - Ponto Final do Parque Burnier"
412,PARQUE BURNIER.,10072316,15:15:00,11,0,2,1,2025-01-09T00:00:00.000Z,-43.328204750000,-21.763332370000,"Rua José Teodoro dos Santos, 145"
412,PARQUE BURNIER.,10073557,15:15:00,6,0,2,8,2025-01-09T00:00:00.000Z,-43.332479840000,-21.762640710000,"Rua Olga Burnier, 356"
412,PARQUE BURNIER.,10072356,15:15:00,17,0,1,0,2025-01-09T00:00:00.000Z,-43.327793950000,-21.762107030000,"Rua Natalino José de Paula, 271"
412,PARQUE BURNIER.,10072328,15:15:00,13,0,0,0,2025-01-09T00:00:00.000Z,-43.326450350000,-21.763683320000,"Rua Adelaide Campos de Resende, 669"
412,PARQUE BURNIER.,10072313,15:15:00,10,0,3,3,2025-01-09T00:00:00.000Z,-43.328846690000,-21.762504770000,"Rua José Teodoro dos Santos, 275"
412,PARQUE BURNIER.,10072296,15:15:00,9,0,2,6,2025-01-09T00:00:00.000Z,-43.329374790000,-21.763440430000,"Rua Adelaide Campos de Resende, 975"
412,PARQUE BURNIER.,10073560,15:15:00,5,0,0,10,2025-01-09T00:00:00.000Z,-43.333589670000,-21.761652280000,"Rua Olga Burnier, 230"
412,PARQUE BURNIER.,10073558,15:15:00,4,0,0,10,2025-01-09T00:00:00.000Z,-43.334645750000,-21.760669710000,"Rua Olga Burnier, 70"
412,PARQUE BURNIER.,10073552,15:15:00,3,0,1,10,2025-01-09T00:00:00.000Z,-43.335479020000,-21.760313550000,"Rua São Geraldo, 84"
412,PARQUE BURNIER.,10072305,15:15:00,2,3,2,11,2025-01-09T00:00:00.000Z,-43.337478970000,-21.760922950000,"Rua Djalma de Carvalho, 37"
412,PARQUE BURNIER.,10071108,15:15:00,1,10,0,10,2025-01-09T00:00:00.000Z,-43.349331860000,-21.758144610000,"Avenida Getúlio Vargas, 835"
412,PARQUE BURNIER.,10072301,15:15:00,8,0,0,8,2025-01-09T00:00:00.000Z,-43.330138330000,-21.763252970000,"Rua Adelaide Campos de Resende, 1061"
412,PARQUE BURNIER.,10072377,15:15:00,12,0,1,0,2025-01-09T00:00:00.000Z,-43.327321890000,-21.764062650000,"Rua José Teodoro dos Santos, 25"
412,PARQUE BURNIER.,10072375,15:15:00,16,1,0,1,2025-01-09T00:00:00.000Z,-43.327420830000,-21.762727850000,"Rua Natalino José de Paula, 319"
412,PARQUE BURNIER.,10072302,15:50:00,15,3,1,10,2025-01-09T00:00:00.000Z,-43.338029500000,-21.760323850000,"Avenida Sete de Setembro, 623"
412,PARQUE BURNIER.,10072382,15:50:00,11,0,0,7,2025-01-09T00:00:00.000Z,-43.332369450000,-21.762522520000,"Rua Olga Burnier, 361"
412,PARQUE BURNIER.,10073584,15:50:00,8,2,1,7,2025-01-09T00:00:00.000Z,-43.329363350000,-21.763255450000,"Rua Adelaide Campos de Resende, 984"
412,PARQUE BURNIER.,10072386,15:50:00,7,0,1,6,2025-01-09T00:00:00.000Z,-43.328850270000,-21.762325320000,"Rua José Teodoro dos Santos, 292"
412,PARQUE BURNIER.,10072362,15:50:00,3,0,0,1,2025-01-09T00:00:00.000Z,-43.327527760000,-21.762798310000,"Rua Natalino José de Paula, 310"
412,PARQUE BURNIER.,10072363,15:50:00,2,1,0,1,2025-01-09T00:00:00.000Z,-43.327885630000,-21.762179390000,"Rua Natalino José de Paula, 288"
412,PARQUE BURNIER.,10072358,15:50:00,1,0,0,0,2025-01-09T00:00:00.000Z,-43.328687310000,-21.761675740000,"Rua Natalino José de Paula, 112 - Ponto Final do Parque Burnier"
412,PARQUE BURNIER.,10071108,15:50:00,17,0,15,6,2025-01-09T00:00:00.000Z,-43.349331860000,-21.758144610000,"Avenida Getúlio Vargas, 835"
412,PARQUE BURNIER.,10072309,15:50:00,5,2,0,4,2025-01-09T00:00:00.000Z,-43.327273730000,-21.763967940000,"Rua José Teodoro dos Santos, 28"
412,PARQUE BURNIER.,10073589,15:50:00,4,1,0,2,2025-01-09T00:00:00.000Z,-43.326568960000,-21.763629600000,"Rua Adelaide Campos de Resende, 706"
412,PARQUE BURNIER.,10074194,15:50:00,16,12,1,21,2025-01-09T00:00:00.000Z,-43.342338620000,-21.760505960000,"Rua Ângelo Falci, 55"
412,PARQUE BURNIER.,10072384,15:50:00,6,3,0,7,2025-01-09T00:00:00.000Z,-43.327999480000,-21.763301540000,"Rua José Teodoro dos Santos, 126"
412,PARQUE BURNIER.,10072332,15:50:00,14,1,0,8,2025-01-09T00:00:00.000Z,-43.335533860000,-21.760131640000,"Rua São Geraldo, 89"
412,PARQUE BURNIER.,10072380,15:50:00,10,0,0,7,2025-01-09T00:00:00.000Z,-43.331466790000,-21.763337580000,"Rua Olga Burnier, 485"
412,PARQUE BURNIER.,10072335,15:50:00,12,0,0,7,2025-01-09T00:00:00.000Z,-43.333453420000,-21.761562350000,"Rua Olga Burnier, 233"
412,PARQUE BURNIER.,10072337,15:50:00,13,0,0,7,2025-01-09T00:00:00.000Z,-43.334540130000,-21.760522960000,"Rua Olga Burnier, 67"
412,PARQUE BURNIER.,10073583,15:50:00,9,0,0,7,2025-01-09T00:00:00.000Z,-43.330207820000,-21.763072230000,"Rua Adelaide Campos de Resende, 1070"
412,PARQUE BURNIER.,10071503,16:10:00,15,0,4,13,2025-01-09T00:00:00.000Z,-43.326207040000,-21.762717810000,"Rua Natalino José de Paula, 421"
412,PARQUE BURNIER.,10072301,16:10:00,8,0,2,25,2025-01-09T00:00:00.000Z,-43.330138330000,-21.763252970000,"Rua Adelaide Campos de Resende, 1061"
412,PARQUE BURNIER.,10072359,16:10:00,14,0,1,17,2025-01-09T00:00:00.000Z,-43.326282500000,-21.763143540000,"Rua Adelaide Campos de Resende, 651"
412,PARQUE BURNIER.,10072313,16:10:00,10,0,3,20,2025-01-09T00:00:00.000Z,-43.328846690000,-21.762504770000,"Rua José Teodoro dos Santos, 275"
412,PARQUE BURNIER.,10073561,16:10:00,7,0,0,27,2025-01-09T00:00:00.000Z,-43.331552510000,-21.763418910000,"Rua Olga Burnier, 480"
412,PARQUE BURNIER.,10073557,16:10:00,6,0,0,27,2025-01-09T00:00:00.000Z,-43.332479840000,-21.762640710000,"Rua Olga Burnier, 356"
412,PARQUE BURNIER.,10073558,16:10:00,4,0,0,28,2025-01-09T00:00:00.000Z,-43.334645750000,-21.760669710000,"Rua Olga Burnier, 70"
412,PARQUE BURNIER.,10073552,16:10:00,3,1,0,28,2025-01-09T00:00:00.000Z,-43.335479020000,-21.760313550000,"Rua São Geraldo, 84"
412,PARQUE BURNIER.,10072305,16:10:00,2,4,0,27,2025-01-09T00:00:00.000Z,-43.337478970000,-21.760922950000,"Rua Djalma de Carvalho, 37"
412,PARQUE BURNIER.,10071108,16:10:00,1,23,0,23,2025-01-09T00:00:00.000Z,-43.349331860000,-21.758144610000,"Avenida Getúlio Vargas, 835"
412,PARQUE BURNIER.,10072375,16:10:00,16,1,3,11,2025-01-09T00:00:00.000Z,-43.327420830000,-21.762727850000,"Rua Natalino José de Paula, 319"
412,PARQUE BURNIER.,10073560,16:10:00,5,0,1,27,2025-01-09T00:00:00.000Z,-43.333589670000,-21.761652280000,"Rua Olga Burnier, 230"
412,PARQUE BURNIER.,10072296,16:10:00,9,0,2,23,2025-01-09T00:00:00.000Z,-43.329374790000,-21.763440430000,"Rua Adelaide Campos de Resende, 975"
412,PARQUE BURNIER.,10072377,16:10:00,12,0,2,18,2025-01-09T00:00:00.000Z,-43.327321890000,-21.764062650000,"Rua José Teodoro dos Santos, 25"
412,PARQUE BURNIER.,10072356,16:10:00,17,1,0,12,2025-01-09T00:00:00.000Z,-43.327793950000,-21.762107030000,"Rua Natalino José de Paula, 271"
412,PARQUE BURNIER.,10072328,16:10:00,13,1,1,18,2025-01-09T00:00:00.000Z,-43.326450350000,-21.763683320000,"Rua Adelaide Campos de Resende, 669"
412,PARQUE BURNIER.,10072316,16:10:00,11,0,0,20,2025-01-09T00:00:00.000Z,-43.328204750000,-21.763332370000,"Rua José Teodoro dos Santos, 145"
412,PARQUE BURNIER.,10072358,16:10:00,18,2,1,13,2025-01-09T00:00:00.000Z,-43.328687310000,-21.761675740000,"Rua Natalino José de Paula, 112 - Ponto Final do Parque Burnier"
412,PARQUE BURNIER.,10074194,16:45:00,16,24,1,32,2025-01-09T00:00:00.000Z,-43.342338620000,-21.760505960000,"Rua Ângelo Falci, 55"
412,PARQUE BURNIER.,10072335,16:45:00,12,0,0,9,2025-01-09T00:00:00.000Z,-43.333453420000,-21.761562350000,"Rua Olga Burnier, 233"
412,PARQUE BURNIER.,10072337,16:45:00,13,0,0,9,2025-01-09T00:00:00.000Z,-43.334540130000,-21.760522960000,"Rua Olga Burnier, 67"
412,PARQUE BURNIER.,10072382,16:45:00,11,0,0,9,2025-01-09T00:00:00.000Z,-43.332369450000,-21.762522520000,"Rua Olga Burnier, 361"
412,PARQUE BURNIER.,10072384,16:45:00,6,0,0,10,2025-01-09T00:00:00.000Z,-43.327999480000,-21.763301540000,"Rua José Teodoro dos Santos, 126"
412,PARQUE BURNIER.,10073589,16:45:00,4,3,0,7,2025-01-09T00:00:00.000Z,-43.326568960000,-21.763629600000,"Rua Adelaide Campos de Resende, 706"
412,PARQUE BURNIER.,10072358,16:45:00,1,0,0,0,2025-01-09T00:00:00.000Z,-43.328687310000,-21.761675740000,"Rua Natalino José de Paula, 112 - Ponto Final do Parque Burnier"
412,PARQUE BURNIER.,10073583,16:45:00,9,0,0,9,2025-01-09T00:00:00.000Z,-43.330207820000,-21.763072230000,"Rua Adelaide Campos de Resende, 1070"
412,PARQUE BURNIER.,10072386,16:45:00,7,0,0,10,2025-01-09T00:00:00.000Z,-43.328850270000,-21.762325320000,"Rua José Teodoro dos Santos, 292"
412,PARQUE BURNIER.,10072309,16:45:00,5,3,0,10,2025-01-09T00:00:00.000Z,-43.327273730000,-21.763967940000,"Rua José Teodoro dos Santos, 28"
412,PARQUE BURNIER.,10072380,16:45:00,10,0,0,9,2025-01-09T00:00:00.000Z,-43.331466790000,-21.763337580000,"Rua Olga Burnier, 485"
412,PARQUE BURNIER.,10072302,16:45:00,15,0,0,9,2025-01-09T00:00:00.000Z,-43.338029500000,-21.760323850000,"Avenida Sete de Setembro, 623"
412,PARQUE BURNIER.,10072362,16:45:00,3,3,0,4,2025-01-09T00:00:00.000Z,-43.327527760000,-21.762798310000,"Rua Natalino José de Paula, 310"
412,PARQUE BURNIER.,10072363,16:45:00,2,1,0,1,2025-01-09T00:00:00.000Z,-43.327885630000,-21.762179390000,"Rua Natalino José de Paula, 288"
412,PARQUE BURNIER.,10071108,16:45:00,17,0,32,0,2025-01-09T00:00:00.000Z,-43.349331860000,-21.758144610000,"Avenida Getúlio Vargas, 835"
412,PARQUE BURNIER.,10073584,16:45:00,8,0,1,9,2025-01-09T00:00:00.000Z,-43.329363350000,-21.763255450000,"Rua Adelaide Campos de Resende, 984"
412,PARQUE BURNIER.,10072332,16:45:00,14,0,0,9,2025-01-09T00:00:00.000Z,-43.335533860000,-21.760131640000,"Rua São Geraldo, 89"
412,PARQUE BURNIER.,10072328,17:05:00,13,0,1,23,2025-01-09T00:00:00.000Z,-43.326450350000,-21.763683320000,"Rua Adelaide Campos de Resende, 669"
412,PARQUE BURNIER.,10072296,17:05:00,9,1,1,29,2025-01-09T00:00:00.000Z,-43.329374790000,-21.763440430000,"Rua Adelaide Campos de Resende, 975"
412,PARQUE BURNIER.,10072301,17:05:00,8,1,0,29,2025-01-09T00:00:00.000Z,-43.330138330000,-21.763252970000,"Rua Adelaide Campos de Resende, 1061"
412,PARQUE BURNIER.,10071503,17:05:00,15,0,0,22,2025-01-09T00:00:00.000Z,-43.326207040000,-21.762717810000,"Rua Natalino José de Paula, 421"
412,PARQUE BURNIER.,10072377,17:05:00,12,0,2,24,2025-01-09T00:00:00.000Z,-43.327321890000,-21.764062650000,"Rua José Teodoro dos Santos, 25"
412,PARQUE BURNIER.,10072316,17:05:00,11,0,0,26,2025-01-09T00:00:00.000Z,-43.328204750000,-21.763332370000,"Rua José Teodoro dos Santos, 145"
412,PARQUE BURNIER.,10073561,17:05:00,7,0,0,28,2025-01-09T00:00:00.000Z,-43.331552510000,-21.763418910000,"Rua Olga Burnier, 480"
412,PARQUE BURNIER.,10073560,17:05:00,5,0,1,28,2025-01-09T00:00:00.000Z,-43.333589670000,-21.761652280000,"Rua Olga Burnier, 230"
412,PARQUE BURNIER.,10073558,17:05:00,4,0,0,29,2025-01-09T00:00:00.000Z,-43.334645750000,-21.760669710000,"Rua Olga Burnier, 70"
412,PARQUE BURNIER.,10073552,17:05:00,3,0,0,29,2025-01-09T00:00:00.000Z,-43.335479020000,-21.760313550000,"Rua São Geraldo, 84"
412,PARQUE BURNIER.,10072358,17:05:00,18,3,0,23,2025-01-09T00:00:00.000Z,-43.328687310000,-21.761675740000,"Rua Natalino José de Paula, 112 - Ponto Final do Parque Burnier"
412,PARQUE BURNIER.,10072356,17:05:00,17,1,0,20,2025-01-09T00:00:00.000Z,-43.327793950000,-21.762107030000,"Rua Natalino José de Paula, 271"
412,PARQUE BURNIER.,10072305,17:05:00,2,0,0,29,2025-01-09T00:00:00.000Z,-43.337478970000,-21.760922950000,"Rua Djalma de Carvalho, 37"
412,PARQUE BURNIER.,10072313,17:05:00,10,0,3,26,2025-01-09T00:00:00.000Z,-43.328846690000,-21.762504770000,"Rua José Teodoro dos Santos, 275"
412,PARQUE BURNIER.,10073557,17:05:00,6,0,0,28,2025-01-09T00:00:00.000Z,-43.332479840000,-21.762640710000,"Rua Olga Burnier, 356"
412,PARQUE BURNIER.,10072375,17:05:00,16,0,3,19,2025-01-09T00:00:00.000Z,-43.327420830000,-21.762727850000,"Rua Natalino José de Paula, 319"
412,PARQUE BURNIER.,10071108,17:05:00,1,29,0,29,2025-01-09T00:00:00.000Z,-43.349331860000,-21.758144610000,"Avenida Getúlio Vargas, 835"
412,PARQUE BURNIER.,10072359,17:05:00,14,0,1,22,2025-01-09T00:00:00.000Z,-43.326282500000,-21.763143540000,"Rua Adelaide Campos de Resende, 651"
412,PARQUE BURNIER.,10073589,17:40:00,4,1,0,1,2025-01-09T00:00:00.000Z,-43.326568960000,-21.763629600000,"Rua Adelaide Campos de Resende, 706"
412,PARQUE BURNIER.,10072380,17:40:00,10,0,0,2,2025-01-09T00:00:00.000Z,-43.331466790000,-21.763337580000,"Rua Olga Burnier, 485"
412,PARQUE BURNIER.,10074194,17:40:00,16,15,1,17,2025-01-09T00:00:00.000Z,-43.342338620000,-21.760505960000,"Rua Ângelo Falci, 55"
412,PARQUE BURNIER.,10072302,17:40:00,15,1,0,3,2025-01-09T00:00:00.000Z,-43.338029500000,-21.760323850000,"Avenida Sete de Setembro, 623"
412,PARQUE BURNIER.,10072337,17:40:00,13,0,0,2,2025-01-09T00:00:00.000Z,-43.334540130000,-21.760522960000,"Rua Olga Burnier, 67"
412,PARQUE BURNIER.,10072382,17:40:00,11,0,0,2,2025-01-09T00:00:00.000Z,-43.332369450000,-21.762522520000,"Rua Olga Burnier, 361"
412,PARQUE BURNIER.,10073583,17:40:00,9,0,0,2,2025-01-09T00:00:00.000Z,-43.330207820000,-21.763072230000,"Rua Adelaide Campos de Resende, 1070"
412,PARQUE BURNIER.,10072309,17:40:00,5,0,0,1,2025-01-09T00:00:00.000Z,-43.327273730000,-21.763967940000,"Rua José Teodoro dos Santos, 28"
412,PARQUE BURNIER.,10072362,17:40:00,3,0,0,0,2025-01-09T00:00:00.000Z,-43.327527760000,-21.762798310000,"Rua Natalino José de Paula, 310"
412,PARQUE BURNIER.,10072358,17:40:00,1,0,0,0,2025-01-09T00:00:00.000Z,-43.328687310000,-21.761675740000,"Rua Natalino José de Paula, 112 - Ponto Final do Parque Burnier"
412,PARQUE BURNIER.,10072332,17:40:00,14,0,0,2,2025-01-09T00:00:00.000Z,-43.335533860000,-21.760131640000,"Rua São Geraldo, 89"
412,PARQUE BURNIER.,10072335,17:40:00,12,0,0,2,2025-01-09T00:00:00.000Z,-43.333453420000,-21.761562350000,"Rua Olga Burnier, 233"
412,PARQUE BURNIER.,10073584,17:40:00,8,0,1,2,2025-01-09T00:00:00.000Z,-43.329363350000,-21.763255450000,"Rua Adelaide Campos de Resende, 984"
412,PARQUE BURNIER.,10072386,17:40:00,7,3,1,3,2025-01-09T00:00:00.000Z,-43.328850270000,-21.762325320000,"Rua José Teodoro dos Santos, 292"
412,PARQUE BURNIER.,10072363,17:40:00,2,0,0,0,2025-01-09T00:00:00.000Z,-43.327885630000,-21.762179390000,"Rua Natalino José de Paula, 288"
412,PARQUE BURNIER.,10072384,17:40:00,6,0,0,1,2025-01-09T00:00:00.000Z,-43.327999480000,-21.763301540000,"Rua José Teodoro dos Santos, 126"
412,PARQUE BURNIER.,10071108,17:40:00,17,0,16,1,2025-01-09T00:00:00.000Z,-43.349331860000,-21.758144610000,"Avenida Getúlio Vargas, 835"
412,PARQUE BURNIER.,10072380,18:35:00,10,0,0,3,2025-01-09T00:00:00.000Z,-43.331466790000,-21.763337580000,"Rua Olga Burnier, 485"
412,PARQUE BURNIER.,10072384,18:35:00,6,1,0,2,2025-01-09T00:00:00.000Z,-43.327999480000,-21.763301540000,"Rua José Teodoro dos Santos, 126"
412,PARQUE BURNIER.,10074194,18:35:00,16,11,1,15,2025-01-09T00:00:00.000Z,-43.342338620000,-21.760505960000,"Rua Ângelo Falci, 55"
412,PARQUE BURNIER.,10072335,18:35:00,12,0,0,3,2025-01-09T00:00:00.000Z,-43.333453420000,-21.761562350000,"Rua Olga Burnier, 233"
412,PARQUE BURNIER.,10073583,18:35:00,9,0,0,3,2025-01-09T00:00:00.000Z,-43.330207820000,-21.763072230000,"Rua Adelaide Campos de Resende, 1070"
412,PARQUE BURNIER.,10073584,18:35:00,8,0,1,3,2025-01-09T00:00:00.000Z,-43.329363350000,-21.763255450000,"Rua Adelaide Campos de Resende, 984"
412,PARQUE BURNIER.,10072309,18:35:00,5,0,0,1,2025-01-09T00:00:00.000Z,-43.327273730000,-21.763967940000,"Rua José Teodoro dos Santos, 28"
412,PARQUE BURNIER.,10073589,18:35:00,4,0,0,1,2025-01-09T00:00:00.000Z,-43.326568960000,-21.763629600000,"Rua Adelaide Campos de Resende, 706"
412,PARQUE BURNIER.,10072363,18:35:00,2,0,0,0,2025-01-09T00:00:00.000Z,-43.327885630000,-21.762179390000,"Rua Natalino José de Paula, 288"
412,PARQUE BURNIER.,10072358,18:35:00,1,0,0,0,2025-01-09T00:00:00.000Z,-43.328687310000,-21.761675740000,"Rua Natalino José de Paula, 112 - Ponto Final do Parque Burnier"
412,PARQUE BURNIER.,10071108,18:35:00,17,0,15,0,2025-01-09T00:00:00.000Z,-43.349331860000,-21.758144610000,"Avenida Getúlio Vargas, 835"
412,PARQUE BURNIER.,10072332,18:35:00,14,1,0,4,2025-01-09T00:00:00.000Z,-43.335533860000,-21.760131640000,"Rua São Geraldo, 89"
412,PARQUE BURNIER.,10072382,18:35:00,11,0,0,3,2025-01-09T00:00:00.000Z,-43.332369450000,-21.762522520000,"Rua Olga Burnier, 361"
412,PARQUE BURNIER.,10072302,18:35:00,15,2,1,5,2025-01-09T00:00:00.000Z,-43.338029500000,-21.760323850000,"Avenida Sete de Setembro, 623"
412,PARQUE BURNIER.,10072362,18:35:00,3,1,0,1,2025-01-09T00:00:00.000Z,-43.327527760000,-21.762798310000,"Rua Natalino José de Paula, 310"
412,PARQUE BURNIER.,10072386,18:35:00,7,3,1,4,2025-01-09T00:00:00.000Z,-43.328850270000,-21.762325320000,"Rua José Teodoro dos Santos, 292"
412,PARQUE BURNIER.,10072337,18:35:00,13,0,0,3,2025-01-09T00:00:00.000Z,-43.334540130000,-21.760522960000,"Rua Olga Burnier, 67"
412,PARQUE BURNIER.,10072356,18:55:00,17,0,0,0,2025-01-09T00:00:00.000Z,-43.327793950000,-21.762107030000,"Rua Natalino José de Paula, 271"
412,PARQUE BURNIER.,10071503,18:55:00,15,0,2,0,2025-01-09T00:00:00.000Z,-43.326207040000,-21.762717810000,"Rua Natalino José de Paula, 421"
412,PARQUE BURNIER.,10072316,18:55:00,11,0,1,13,2025-01-09T00:00:00.000Z,-43.328204750000,-21.763332370000,"Rua José Teodoro dos Santos, 145"
412,PARQUE BURNIER.,10072296,18:55:00,9,0,1,16,2025-01-09T00:00:00.000Z,-43.329374790000,-21.763440430000,"Rua Adelaide Campos de Resende, 975"
412,PARQUE BURNIER.,10072301,18:55:00,8,0,1,17,2025-01-09T00:00:00.000Z,-43.330138330000,-21.763252970000,"Rua Adelaide Campos de Resende, 1061"
412,PARQUE BURNIER.,10073561,18:55:00,7,0,0,18,2025-01-09T00:00:00.000Z,-43.331552510000,-21.763418910000,"Rua Olga Burnier, 480"
412,PARQUE BURNIER.,10073552,18:55:00,3,0,0,19,2025-01-09T00:00:00.000Z,-43.335479020000,-21.760313550000,"Rua São Geraldo, 84"
412,PARQUE BURNIER.,10071108,18:55:00,1,18,0,18,2025-01-09T00:00:00.000Z,-43.349331860000,-21.758144610000,"Avenida Getúlio Vargas, 835"
412,PARQUE BURNIER.,10073557,18:55:00,6,0,0,18,2025-01-09T00:00:00.000Z,-43.332479840000,-21.762640710000,"Rua Olga Burnier, 356"
412,PARQUE BURNIER.,10072377,18:55:00,12,0,1,12,2025-01-09T00:00:00.000Z,-43.327321890000,-21.764062650000,"Rua José Teodoro dos Santos, 25"
412,PARQUE BURNIER.,10072328,18:55:00,13,0,5,7,2025-01-09T00:00:00.000Z,-43.326450350000,-21.763683320000,"Rua Adelaide Campos de Resende, 669"
412,PARQUE BURNIER.,10072305,18:55:00,2,1,0,19,2025-01-09T00:00:00.000Z,-43.337478970000,-21.760922950000,"Rua Djalma de Carvalho, 37"
412,PARQUE BURNIER.,10073560,18:55:00,5,0,1,18,2025-01-09T00:00:00.000Z,-43.333589670000,-21.761652280000,"Rua Olga Burnier, 230"
412,PARQUE BURNIER.,10072359,18:55:00,14,0,5,2,2025-01-09T00:00:00.000Z,-43.326282500000,-21.763143540000,"Rua Adelaide Campos de Resende, 651"
412,PARQUE BURNIER.,10072313,18:55:00,10,2,4,14,2025-01-09T00:00:00.000Z,-43.328846690000,-21.762504770000,"Rua José Teodoro dos Santos, 275"
412,PARQUE BURNIER.,10072358,18:55:00,18,1,0,1,2025-01-09T00:00:00.000Z,-43.328687310000,-21.761675740000,"Rua Natalino José de Paula, 112 - Ponto Final do Parque Burnier"
412,PARQUE BURNIER.,10072375,18:55:00,16,0,0,0,2025-01-09T00:00:00.000Z,-43.327420830000,-21.762727850000,"Rua Natalino José de Paula, 319"
412,PARQUE BURNIER.,10073558,18:55:00,4,0,0,19,2025-01-09T00:00:00.000Z,-43.334645750000,-21.760669710000,"Rua Olga Burnier, 70"
412,PARQUE BURNIER.,10072302,19:30:00,15,1,0,1,2025-01-09T00:00:00.000Z,-43.338029500000,-21.760323850000,"Avenida Sete de Setembro, 623"
412,PARQUE BURNIER.,10072337,19:30:00,13,0,0,0,2025-01-09T00:00:00.000Z,-43.334540130000,-21.760522960000,"Rua Olga Burnier, 67"
412,PARQUE BURNIER.,10073583,19:30:00,9,0,0,0,2025-01-09T00:00:00.000Z,-43.330207820000,-21.763072230000,"Rua Adelaide Campos de Resende, 1070"
412,PARQUE BURNIER.,10072386,19:30:00,7,0,0,0,2025-01-09T00:00:00.000Z,-43.328850270000,-21.762325320000,"Rua José Teodoro dos Santos, 292"
412,PARQUE BURNIER.,10072384,19:30:00,6,0,0,0,2025-01-09T00:00:00.000Z,-43.327999480000,-21.763301540000,"Rua José Teodoro dos Santos, 126"
412,PARQUE BURNIER.,10072309,19:30:00,5,0,0,0,2025-01-09T00:00:00.000Z,-43.327273730000,-21.763967940000,"Rua José Teodoro dos Santos, 28"
412,PARQUE BURNIER.,10072362,19:30:00,3,0,0,0,2025-01-09T00:00:00.000Z,-43.327527760000,-21.762798310000,"Rua Natalino José de Paula, 310"
412,PARQUE BURNIER.,10072358,19:30:00,1,0,0,0,2025-01-09T00:00:00.000Z,-43.328687310000,-21.761675740000,"Rua Natalino José de Paula, 112 - Ponto Final do Parque Burnier"
412,PARQUE BURNIER.,10072382,19:30:00,11,0,0,0,2025-01-09T00:00:00.000Z,-43.332369450000,-21.762522520000,"Rua Olga Burnier, 361"
412,PARQUE BURNIER.,10073589,19:30:00,4,0,0,0,2025-01-09T00:00:00.000Z,-43.326568960000,-21.763629600000,"Rua Adelaide Campos de Resende, 706"
412,PARQUE BURNIER.,10074194,19:30:00,16,9,0,10,2025-01-09T00:00:00.000Z,-43.342338620000,-21.760505960000,"Rua Ângelo Falci, 55"
412,PARQUE BURNIER.,10072380,19:30:00,10,0,0,0,2025-01-09T00:00:00.000Z,-43.331466790000,-21.763337580000,"Rua Olga Burnier, 485"
412,PARQUE BURNIER.,10072363,19:30:00,2,0,0,0,2025-01-09T00:00:00.000Z,-43.327885630000,-21.762179390000,"Rua Natalino José de Paula, 288"
412,PARQUE BURNIER.,10073584,19:30:00,8,0,0,0,2025-01-09T00:00:00.000Z,-43.329363350000,-21.763255450000,"Rua Adelaide Campos de Resende, 984"
412,PARQUE BURNIER.,10071108,19:30:00,17,0,9,1,2025-01-09T00:00:00.000Z,-43.349331860000,-21.758144610000,"Avenida Getúlio Vargas, 835"
412,PARQUE BURNIER.,10072332,19:30:00,14,0,0,0,2025-01-09T00:00:00.000Z,-43.335533860000,-21.760131640000,"Rua São Geraldo, 89"
412,PARQUE BURNIER.,10072335,19:30:00,12,0,0,0,2025-01-09T00:00:00.000Z,-43.333453420000,-21.761562350000,"Rua Olga Burnier, 233"
412,PARQUE BURNIER.,10072375,19:50:00,16,0,0,8,2025-01-09T00:00:00.000Z,-43.327420830000,-21.762727850000,"Rua Natalino José de Paula, 319"
412,PARQUE BURNIER.,10072359,19:50:00,14,0,1,9,2025-01-09T00:00:00.000Z,-43.326282500000,-21.763143540000,"Rua Adelaide Campos de Resende, 651"
412,PARQUE BURNIER.,10072377,19:50:00,12,0,0,11,2025-01-09T00:00:00.000Z,-43.327321890000,-21.764062650000,"Rua José Teodoro dos Santos, 25"
412,PARQUE BURNIER.,10072301,19:50:00,8,0,0,15,2025-01-09T00:00:00.000Z,-43.330138330000,-21.763252970000,"Rua Adelaide Campos de Resende, 1061"
412,PARQUE BURNIER.,10073557,19:50:00,6,0,0,15,2025-01-09T00:00:00.000Z,-43.332479840000,-21.762640710000,"Rua Olga Burnier, 356"
412,PARQUE BURNIER.,10073560,19:50:00,5,0,0,15,2025-01-09T00:00:00.000Z,-43.333589670000,-21.761652280000,"Rua Olga Burnier, 230"
412,PARQUE BURNIER.,10073558,19:50:00,4,0,0,15,2025-01-09T00:00:00.000Z,-43.334645750000,-21.760669710000,"Rua Olga Burnier, 70"
412,PARQUE BURNIER.,10071108,19:50:00,1,15,0,15,2025-01-09T00:00:00.000Z,-43.349331860000,-21.758144610000,"Avenida Getúlio Vargas, 835"
412,PARQUE BURNIER.,10072316,19:50:00,11,0,0,11,2025-01-09T00:00:00.000Z,-43.328204750000,-21.763332370000,"Rua José Teodoro dos Santos, 145"
412,PARQUE BURNIER.,10072358,19:50:00,18,1,0,10,2025-01-09T00:00:00.000Z,-43.328687310000,-21.761675740000,"Rua Natalino José de Paula, 112 - Ponto Final do Parque Burnier"
412,PARQUE BURNIER.,10072328,19:50:00,13,0,1,10,2025-01-09T00:00:00.000Z,-43.326450350000,-21.763683320000,"Rua Adelaide Campos de Resende, 669"
412,PARQUE BURNIER.,10073561,19:50:00,7,0,0,15,2025-01-09T00:00:00.000Z,-43.331552510000,-21.763418910000,"Rua Olga Burnier, 480"
412,PARQUE BURNIER.,10072356,19:50:00,17,1,0,9,2025-01-09T00:00:00.000Z,-43.327793950000,-21.762107030000,"Rua Natalino José de Paula, 271"
412,PARQUE BURNIER.,10072313,19:50:00,10,0,3,11,2025-01-09T00:00:00.000Z,-43.328846690000,-21.762504770000,"Rua José Teodoro dos Santos, 275"
412,PARQUE BURNIER.,10072296,19:50:00,9,0,1,14,2025-01-09T00:00:00.000Z,-43.329374790000,-21.763440430000,"Rua Adelaide Campos de Resende, 975"
412,PARQUE BURNIER.,10071503,19:50:00,15,0,1,8,2025-01-09T00:00:00.000Z,-43.326207040000,-21.762717810000,"Rua Natalino José de Paula, 421"
412,PARQUE BURNIER.,10073552,19:50:00,3,0,0,15,2025-01-09T00:00:00.000Z,-43.335479020000,-21.760313550000,"Rua São Geraldo, 84"
412,PARQUE BURNIER.,10072305,19:50:00,2,1,1,15,2025-01-09T00:00:00.000Z,-43.337478970000,-21.760922950000,"Rua Djalma de Carvalho, 37"
412,PARQUE BURNIER.,10072332,20:25:00,14,0,0,0,2025-01-09T00:00:00.000Z,-43.335533860000,-21.760131640000,"Rua São Geraldo, 89"
412,PARQUE BURNIER.,10072382,20:25:00,11,0,0,0,2025-01-09T00:00:00.000Z,-43.332369450000,-21.762522520000,"Rua Olga Burnier, 361"
412,PARQUE BURNIER.,10072380,20:25:00,10,0,0,0,2025-01-09T00:00:00.000Z,-43.331466790000,-21.763337580000,"Rua Olga Burnier, 485"
412,PARQUE BURNIER.,10072384,20:25:00,6,0,0,0,2025-01-09T00:00:00.000Z,-43.327999480000,-21.763301540000,"Rua José Teodoro dos Santos, 126"
412,PARQUE BURNIER.,10073589,20:25:00,4,0,0,0,2025-01-09T00:00:00.000Z,-43.326568960000,-21.763629600000,"Rua Adelaide Campos de Resende, 706"
412,PARQUE BURNIER.,10072362,20:25:00,3,0,0,0,2025-01-09T00:00:00.000Z,-43.327527760000,-21.762798310000,"Rua Natalino José de Paula, 310"
412,PARQUE BURNIER.,10072363,20:25:00,2,0,0,0,2025-01-09T00:00:00.000Z,-43.327885630000,-21.762179390000,"Rua Natalino José de Paula, 288"
412,PARQUE BURNIER.,10072302,20:25:00,15,0,0,0,2025-01-09T00:00:00.000Z,-43.338029500000,-21.760323850000,"Avenida Sete de Setembro, 623"
412,PARQUE BURNIER.,10074194,20:25:00,16,6,0,6,2025-01-09T00:00:00.000Z,-43.342338620000,-21.760505960000,"Rua Ângelo Falci, 55"
412,PARQUE BURNIER.,10072335,20:25:00,12,0,0,0,2025-01-09T00:00:00.000Z,-43.333453420000,-21.761562350000,"Rua Olga Burnier, 233"
412,PARQUE BURNIER.,10073584,20:25:00,8,0,0,0,2025-01-09T00:00:00.000Z,-43.329363350000,-21.763255450000,"Rua Adelaide Campos de Resende, 984"
412,PARQUE BURNIER.,10072386,20:25:00,7,0,0,0,2025-01-09T00:00:00.000Z,-43.328850270000,-21.762325320000,"Rua José Teodoro dos Santos, 292"
412,PARQUE BURNIER.,10073583,20:25:00,9,0,0,0,2025-01-09T00:00:00.000Z,-43.330207820000,-21.763072230000,"Rua Adelaide Campos de Resende, 1070"
412,PARQUE BURNIER.,10072337,20:25:00,13,0,0,0,2025-01-09T00:00:00.000Z,-43.334540130000,-21.760522960000,"Rua Olga Burnier, 67"
412,PARQUE BURNIER.,10072309,20:25:00,5,0,0,0,2025-01-09T00:00:00.000Z,-43.327273730000,-21.763967940000,"Rua José Teodoro dos Santos, 28"
412,PARQUE BURNIER.,10071108,20:25:00,17,0,6,0,2025-01-09T00:00:00.000Z,-43.349331860000,-21.758144610000,"Avenida Getúlio Vargas, 835"
412,PARQUE BURNIER.,10072358,20:25:00,1,0,0,0,2025-01-09T00:00:00.000Z,-43.328687310000,-21.761675740000,"Rua Natalino José de Paula, 112 - Ponto Final do Parque Burnier"
412,PARQUE BURNIER.,10072328,20:45:00,13,0,1,5,2025-01-09T00:00:00.000Z,-43.326450350000,-21.763683320000,"Rua Adelaide Campos de Resende, 669"
412,PARQUE BURNIER.,10072316,20:45:00,11,0,0,9,2025-01-09T00:00:00.000Z,-43.328204750000,-21.763332370000,"Rua José Teodoro dos Santos, 145"
412,PARQUE BURNIER.,10072296,20:45:00,9,0,2,10,2025-01-09T00:00:00.000Z,-43.329374790000,-21.763440430000,"Rua Adelaide Campos de Resende, 975"
412,PARQUE BURNIER.,10073560,20:45:00,5,0,1,12,2025-01-09T00:00:00.000Z,-43.333589670000,-21.761652280000,"Rua Olga Burnier, 230"
412,PARQUE BURNIER.,10073552,20:45:00,3,0,0,13,2025-01-09T00:00:00.000Z,-43.335479020000,-21.760313550000,"Rua São Geraldo, 84"
412,PARQUE BURNIER.,10072305,20:45:00,2,0,0,13,2025-01-09T00:00:00.000Z,-43.337478970000,-21.760922950000,"Rua Djalma de Carvalho, 37"
412,PARQUE BURNIER.,10071108,20:45:00,1,13,0,13,2025-01-09T00:00:00.000Z,-43.349331860000,-21.758144610000,"Avenida Getúlio Vargas, 835"
412,PARQUE BURNIER.,10072301,20:45:00,8,0,0,12,2025-01-09T00:00:00.000Z,-43.330138330000,-21.763252970000,"Rua Adelaide Campos de Resende, 1061"
412,PARQUE BURNIER.,10073561,20:45:00,7,0,0,12,2025-01-09T00:00:00.000Z,-43.331552510000,-21.763418910000,"Rua Olga Burnier, 480"
412,PARQUE BURNIER.,10072377,20:45:00,12,0,3,6,2025-01-09T00:00:00.000Z,-43.327321890000,-21.764062650000,"Rua José Teodoro dos Santos, 25"
412,PARQUE BURNIER.,10072359,20:45:00,14,0,1,4,2025-01-09T00:00:00.000Z,-43.326282500000,-21.763143540000,"Rua Adelaide Campos de Resende, 651"
412,PARQUE BURNIER.,10072375,20:45:00,16,0,1,2,2025-01-09T00:00:00.000Z,-43.327420830000,-21.762727850000,"Rua Natalino José de Paula, 319"
412,PARQUE BURNIER.,10071503,20:45:00,15,0,1,3,2025-01-09T00:00:00.000Z,-43.326207040000,-21.762717810000,"Rua Natalino José de Paula, 421"
412,PARQUE BURNIER.,10072313,20:45:00,10,0,1,9,2025-01-09T00:00:00.000Z,-43.328846690000,-21.762504770000,"Rua José Teodoro dos Santos, 275"
412,PARQUE BURNIER.,10073557,20:45:00,6,0,0,12,2025-01-09T00:00:00.000Z,-43.332479840000,-21.762640710000,"Rua Olga Burnier, 356"
412,PARQUE BURNIER.,10072358,20:45:00,18,0,0,2,2025-01-09T00:00:00.000Z,-43.328687310000,-21.761675740000,"Rua Natalino José de Paula, 112 - Ponto Final do Parque Burnier"
412,PARQUE BURNIER.,10073558,20:45:00,4,0,0,13,2025-01-09T00:00:00.000Z,-43.334645750000,-21.760669710000,"Rua Olga Burnier, 70"
412,PARQUE BURNIER.,10072356,20:45:00,17,0,0,2,2025-01-09T00:00:00.000Z,-43.327793950000,-21.762107030000,"Rua Natalino José de Paula, 271"
412,PARQUE BURNIER.,10072313,21:40:00,10,0,0,5,2025-01-09T00:00:00.000Z,-43.328846690000,-21.762504770000,"Rua José Teodoro dos Santos, 275"
412,PARQUE BURNIER.,10072301,21:40:00,8,0,0,5,2025-01-09T00:00:00.000Z,-43.330138330000,-21.763252970000,"Rua Adelaide Campos de Resende, 1061"
412,PARQUE BURNIER.,10073557,21:40:00,6,0,0,5,2025-01-09T00:00:00.000Z,-43.332479840000,-21.762640710000,"Rua Olga Burnier, 356"
412,PARQUE BURNIER.,10072328,21:40:00,13,0,0,5,2025-01-09T00:00:00.000Z,-43.326450350000,-21.763683320000,"Rua Adelaide Campos de Resende, 669"
412,PARQUE BURNIER.,10072377,21:40:00,12,0,0,5,2025-01-09T00:00:00.000Z,-43.327321890000,-21.764062650000,"Rua José Teodoro dos Santos, 25"
412,PARQUE BURNIER.,10072305,21:40:00,2,0,0,5,2025-01-09T00:00:00.000Z,-43.337478970000,-21.760922950000,"Rua Djalma de Carvalho, 37"
412,PARQUE BURNIER.,10072358,21:40:00,18,1,0,6,2025-01-09T00:00:00.000Z,-43.328687310000,-21.761675740000,"Rua Natalino José de Paula, 112 - Ponto Final do Parque Burnier"
412,PARQUE BURNIER.,10072359,21:40:00,14,0,0,5,2025-01-09T00:00:00.000Z,-43.326282500000,-21.763143540000,"Rua Adelaide Campos de Resende, 651"
412,PARQUE BURNIER.,10072356,21:40:00,17,0,0,5,2025-01-09T00:00:00.000Z,-43.327793950000,-21.762107030000,"Rua Natalino José de Paula, 271"
412,PARQUE BURNIER.,10072375,21:40:00,16,0,0,5,2025-01-09T00:00:00.000Z,-43.327420830000,-21.762727850000,"Rua Natalino José de Paula, 319"
412,PARQUE BURNIER.,10071503,21:40:00,15,0,0,5,2025-01-09T00:00:00.000Z,-43.326207040000,-21.762717810000,"Rua Natalino José de Paula, 421"
412,PARQUE BURNIER.,10072316,21:40:00,11,0,0,5,2025-01-09T00:00:00.000Z,-43.328204750000,-21.763332370000,"Rua José Teodoro dos Santos, 145"
412,PARQUE BURNIER.,10072296,21:40:00,9,0,0,5,2025-01-09T00:00:00.000Z,-43.329374790000,-21.763440430000,"Rua Adelaide Campos de Resende, 975"
412,PARQUE BURNIER.,10073561,21:40:00,7,0,0,5,2025-01-09T00:00:00.000Z,-43.331552510000,-21.763418910000,"Rua Olga Burnier, 480"
412,PARQUE BURNIER.,10073560,21:40:00,5,0,0,5,2025-01-09T00:00:00.000Z,-43.333589670000,-21.761652280000,"Rua Olga Burnier, 230"
412,PARQUE BURNIER.,10073558,21:40:00,4,0,0,5,2025-01-09T00:00:00.000Z,-43.334645750000,-21.760669710000,"Rua Olga Burnier, 70"
412,PARQUE BURNIER.,10073552,21:40:00,3,0,0,5,2025-01-09T00:00:00.000Z,-43.335479020000,-21.760313550000,"Rua São Geraldo, 84"
412,PARQUE BURNIER.,10071108,21:40:00,1,5,0,5,2025-01-09T00:00:00.000Z,-43.349331860000,-21.758144610000,"Avenida Getúlio Vargas, 835"
412,PARQUE BURNIER.,10073584,22:10:00,8,0,0,0,2025-01-09T00:00:00.000Z,-43.329363350000,-21.763255450000,"Rua Adelaide Campos de Resende, 984"
412,PARQUE BURNIER.,10072382,22:10:00,11,0,0,0,2025-01-09T00:00:00.000Z,-43.332369450000,-21.762522520000,"Rua Olga Burnier, 361"
412,PARQUE BURNIER.,10072380,22:10:00,10,0,0,0,2025-01-09T00:00:00.000Z,-43.331466790000,-21.763337580000,"Rua Olga Burnier, 485"
412,PARQUE BURNIER.,10072384,22:10:00,6,0,0,0,2025-01-09T00:00:00.000Z,-43.327999480000,-21.763301540000,"Rua José Teodoro dos Santos, 126"
412,PARQUE BURNIER.,10072332,22:10:00,14,0,0,0,2025-01-09T00:00:00.000Z,-43.335533860000,-21.760131640000,"Rua São Geraldo, 89"
412,PARQUE BURNIER.,10074194,22:10:00,16,4,0,6,2025-01-09T00:00:00.000Z,-43.342338620000,-21.760505960000,"Rua Ângelo Falci, 55"
412,PARQUE BURNIER.,10071108,22:10:00,17,0,6,0,2025-01-09T00:00:00.000Z,-43.349331860000,-21.758144610000,"Avenida Getúlio Vargas, 835"
412,PARQUE BURNIER.,10072335,22:10:00,12,0,0,0,2025-01-09T00:00:00.000Z,-43.333453420000,-21.761562350000,"Rua Olga Burnier, 233"
412,PARQUE BURNIER.,10072363,22:10:00,2,0,0,0,2025-01-09T00:00:00.000Z,-43.327885630000,-21.762179390000,"Rua Natalino José de Paula, 288"
412,PARQUE BURNIER.,10073589,22:10:00,4,0,0,0,2025-01-09T00:00:00.000Z,-43.326568960000,-21.763629600000,"Rua Adelaide Campos de Resende, 706"
412,PARQUE BURNIER.,10072362,22:10:00,3,0,0,0,2025-01-09T00:00:00.000Z,-43.327527760000,-21.762798310000,"Rua Natalino José de Paula, 310"
412,PARQUE BURNIER.,10072302,22:10:00,15,2,0,2,2025-01-09T00:00:00.000Z,-43.338029500000,-21.760323850000,"Avenida Sete de Setembro, 623"
412,PARQUE BURNIER.,10072337,22:10:00,13,0,0,0,2025-01-09T00:00:00.000Z,-43.334540130000,-21.760522960000,"Rua Olga Burnier, 67"
412,PARQUE BURNIER.,10073583,22:10:00,9,0,0,0,2025-01-09T00:00:00.000Z,-43.330207820000,-21.763072230000,"Rua Adelaide Campos de Resende, 1070"
412,PARQUE BURNIER.,10072386,22:10:00,7,0,0,0,2025-01-09T00:00:00.000Z,-43.328850270000,-21.762325320000,"Rua José Teodoro dos Santos, 292"
412,PARQUE BURNIER.,10072309,22:10:00,5,0,0,0,2025-01-09T00:00:00.000Z,-43.327273730000,-21.763967940000,"Rua José Teodoro dos Santos, 28"
412,PARQUE BURNIER.,10072358,22:10:00,1,0,0,0,2025-01-09T00:00:00.000Z,-43.328687310000,-21.761675740000,"Rua Natalino José de Paula, 112 - Ponto Final do Parque Burnier"
412,PARQUE BURNIER.,10073561,22:30:00,7,0,0,9,2025-01-09T00:00:00.000Z,-43.331552510000,-21.763418910000,"Rua Olga Burnier, 480"
412,PARQUE BURNIER.,10072316,22:30:00,11,0,0,8,2025-01-09T00:00:00.000Z,-43.328204750000,-21.763332370000,"Rua José Teodoro dos Santos, 145"
412,PARQUE BURNIER.,10072356,22:30:00,17,0,0,8,2025-01-09T00:00:00.000Z,-43.327793950000,-21.762107030000,"Rua Natalino José de Paula, 271"
412,PARQUE BURNIER.,10072358,22:30:00,18,0,0,8,2025-01-09T00:00:00.000Z,-43.328687310000,-21.761675740000,"Rua Natalino José de Paula, 112 - Ponto Final do Parque Burnier"
412,PARQUE BURNIER.,10071503,22:30:00,15,0,0,8,2025-01-09T00:00:00.000Z,-43.326207040000,-21.762717810000,"Rua Natalino José de Paula, 421"
412,PARQUE BURNIER.,10073552,22:30:00,3,1,0,9,2025-01-09T00:00:00.000Z,-43.335479020000,-21.760313550000,"Rua São Geraldo, 84"
412,PARQUE BURNIER.,10072305,22:30:00,2,0,1,8,2025-01-09T00:00:00.000Z,-43.337478970000,-21.760922950000,"Rua Djalma de Carvalho, 37"
412,PARQUE BURNIER.,10072375,22:30:00,16,0,0,8,2025-01-09T00:00:00.000Z,-43.327420830000,-21.762727850000,"Rua Natalino José de Paula, 319"
412,PARQUE BURNIER.,10072359,22:30:00,14,0,0,8,2025-01-09T00:00:00.000Z,-43.326282500000,-21.763143540000,"Rua Adelaide Campos de Resende, 651"
412,PARQUE BURNIER.,10072328,22:30:00,13,0,0,8,2025-01-09T00:00:00.000Z,-43.326450350000,-21.763683320000,"Rua Adelaide Campos de Resende, 669"
412,PARQUE BURNIER.,10072377,22:30:00,12,0,0,8,2025-01-09T00:00:00.000Z,-43.327321890000,-21.764062650000,"Rua José Teodoro dos Santos, 25"
412,PARQUE BURNIER.,10072313,22:30:00,10,0,0,8,2025-01-09T00:00:00.000Z,-43.328846690000,-21.762504770000,"Rua José Teodoro dos Santos, 275"
412,PARQUE BURNIER.,10072296,22:30:00,9,0,1,8,2025-01-09T00:00:00.000Z,-43.329374790000,-21.763440430000,"Rua Adelaide Campos de Resende, 975"
412,PARQUE BURNIER.,10072301,22:30:00,8,0,0,9,2025-01-09T00:00:00.000Z,-43.330138330000,-21.763252970000,"Rua Adelaide Campos de Resende, 1061"
412,PARQUE BURNIER.,10073557,22:30:00,6,0,0,9,2025-01-09T00:00:00.000Z,-43.332479840000,-21.762640710000,"Rua Olga Burnier, 356"
412,PARQUE BURNIER.,10073560,22:30:00,5,0,0,9,2025-01-09T00:00:00.000Z,-43.333589670000,-21.761652280000,"Rua Olga Burnier, 230"
412,PARQUE BURNIER.,10073558,22:30:00,4,0,0,9,2025-01-09T00:00:00.000Z,-43.334645750000,-21.760669710000,"Rua Olga Burnier, 70"
412,PARQUE BURNIER.,10071108,22:30:00,1,9,0,9,2025-01-09T00:00:00.000Z,-43.349331860000,-21.758144610000,"Avenida Getúlio Vargas, 835"
412,PARQUE BURNIER.,10071108,05:30:00,17,0,7,2,2025-01-10T00:00:00.000Z,-43.349331860000,-21.758144610000,"Avenida Getúlio Vargas, 835"
412,PARQUE BURNIER.,10072302,05:30:00,15,0,0,12,2025-01-10T00:00:00.000Z,-43.338029500000,-21.760323850000,"Avenida Sete de Setembro, 623"
412,PARQUE BURNIER.,10072332,05:30:00,14,1,0,12,2025-01-10T00:00:00.000Z,-43.335533860000,-21.760131640000,"Rua São Geraldo, 89"
412,PARQUE BURNIER.,10072337,05:30:00,13,0,0,11,2025-01-10T00:00:00.000Z,-43.334540130000,-21.760522960000,"Rua Olga Burnier, 67"
412,PARQUE BURNIER.,10072382,05:30:00,11,0,0,11,2025-01-10T00:00:00.000Z,-43.332369450000,-21.762522520000,"Rua Olga Burnier, 361"
412,PARQUE BURNIER.,10072380,05:30:00,10,0,0,11,2025-01-10T00:00:00.000Z,-43.331466790000,-21.763337580000,"Rua Olga Burnier, 485"
412,PARQUE BURNIER.,10073583,05:30:00,9,0,0,11,2025-01-10T00:00:00.000Z,-43.330207820000,-21.763072230000,"Rua Adelaide Campos de Resende, 1070"
412,PARQUE BURNIER.,10072386,05:30:00,7,2,0,11,2025-01-10T00:00:00.000Z,-43.328850270000,-21.762325320000,"Rua José Teodoro dos Santos, 292"
412,PARQUE BURNIER.,10072384,05:30:00,6,0,1,9,2025-01-10T00:00:00.000Z,-43.327999480000,-21.763301540000,"Rua José Teodoro dos Santos, 126"
412,PARQUE BURNIER.,10072309,05:30:00,5,1,0,10,2025-01-10T00:00:00.000Z,-43.327273730000,-21.763967940000,"Rua José Teodoro dos Santos, 28"
412,PARQUE BURNIER.,10073589,05:30:00,4,5,0,9,2025-01-10T00:00:00.000Z,-43.326568960000,-21.763629600000,"Rua Adelaide Campos de Resende, 706"
412,PARQUE BURNIER.,10072362,05:30:00,3,2,0,4,2025-01-10T00:00:00.000Z,-43.327527760000,-21.762798310000,"Rua Natalino José de Paula, 310"
412,PARQUE BURNIER.,10072363,05:30:00,2,2,0,2,2025-01-10T00:00:00.000Z,-43.327885630000,-21.762179390000,"Rua Natalino José de Paula, 288"
412,PARQUE BURNIER.,10072358,05:30:00,1,0,0,0,2025-01-10T00:00:00.000Z,-43.328687310000,-21.761675740000,"Rua Natalino José de Paula, 112 - Ponto Final do Parque Burnier"
412,PARQUE BURNIER.,10072335,05:30:00,12,0,0,11,2025-01-10T00:00:00.000Z,-43.333453420000,-21.761562350000,"Rua Olga Burnier, 233"
412,PARQUE BURNIER.,10074194,05:30:00,16,1,4,9,2025-01-10T00:00:00.000Z,-43.342338620000,-21.760505960000,"Rua Ângelo Falci, 55"
412,PARQUE BURNIER.,10073584,05:30:00,8,1,1,11,2025-01-10T00:00:00.000Z,-43.329363350000,-21.763255450000,"Rua Adelaide Campos de Resende, 984"
412,PARQUE BURNIER.,10072358,05:51:00,18,17,0,17,2025-01-10T00:00:00.000Z,-43.328687310000,-21.761675740000,"Rua Natalino José de Paula, 112 - Ponto Final do Parque Burnier"
412,PARQUE BURNIER.,10072356,05:51:00,17,0,0,0,2025-01-10T00:00:00.000Z,-43.327793950000,-21.762107030000,"Rua Natalino José de Paula, 271"
412,PARQUE BURNIER.,10072375,05:51:00,16,0,0,0,2025-01-10T00:00:00.000Z,-43.327420830000,-21.762727850000,"Rua Natalino José de Paula, 319"
412,PARQUE BURNIER.,10072359,05:51:00,14,0,0,0,2025-01-10T00:00:00.000Z,-43.326282500000,-21.763143540000,"Rua Adelaide Campos de Resende, 651"
412,PARQUE BURNIER.,10072328,05:51:00,13,0,1,0,2025-01-10T00:00:00.000Z,-43.326450350000,-21.763683320000,"Rua Adelaide Campos de Resende, 669"
412,PARQUE BURNIER.,10072377,05:51:00,12,0,1,1,2025-01-10T00:00:00.000Z,-43.327321890000,-21.764062650000,"Rua José Teodoro dos Santos, 25"
412,PARQUE BURNIER.,10072313,05:51:00,10,0,1,3,2025-01-10T00:00:00.000Z,-43.328846690000,-21.762504770000,"Rua José Teodoro dos Santos, 275"
412,PARQUE BURNIER.,10072296,05:51:00,9,0,1,4,2025-01-10T00:00:00.000Z,-43.329374790000,-21.763440430000,"Rua Adelaide Campos de Resende, 975"
412,PARQUE BURNIER.,10072301,05:51:00,8,0,0,5,2025-01-10T00:00:00.000Z,-43.330138330000,-21.763252970000,"Rua Adelaide Campos de Resende, 1061"
412,PARQUE BURNIER.,10073557,05:51:00,6,0,0,5,2025-01-10T00:00:00.000Z,-43.332479840000,-21.762640710000,"Rua Olga Burnier, 356"
412,PARQUE BURNIER.,10073560,05:51:00,5,0,2,5,2025-01-10T00:00:00.000Z,-43.333589670000,-21.761652280000,"Rua Olga Burnier, 230"
412,PARQUE BURNIER.,10073558,05:51:00,4,0,0,7,2025-01-10T00:00:00.000Z,-43.334645750000,-21.760669710000,"Rua Olga Burnier, 70"
412,PARQUE BURNIER.,10073552,05:51:00,3,0,0,7,2025-01-10T00:00:00.000Z,-43.335479020000,-21.760313550000,"Rua São Geraldo, 84"
412,PARQUE BURNIER.,10072305,05:51:00,2,1,1,7,2025-01-10T00:00:00.000Z,-43.337478970000,-21.760922950000,"Rua Djalma de Carvalho, 37"
412,PARQUE BURNIER.,10071108,05:51:00,1,7,0,7,2025-01-10T00:00:00.000Z,-43.349331860000,-21.758144610000,"Avenida Getúlio Vargas, 835"
412,PARQUE BURNIER.,10073561,05:51:00,7,0,0,5,2025-01-10T00:00:00.000Z,-43.331552510000,-21.763418910000,"Rua Olga Burnier, 480"
412,PARQUE BURNIER.,10071503,05:51:00,15,0,0,0,2025-01-10T00:00:00.000Z,-43.326207040000,-21.762717810000,"Rua Natalino José de Paula, 421"
412,PARQUE BURNIER.,10072316,05:51:00,11,0,1,2,2025-01-10T00:00:00.000Z,-43.328204750000,-21.763332370000,"Rua José Teodoro dos Santos, 145"
412,PARQUE BURNIER.,10074194,06:17:00,16,0,5,20,2025-01-10T00:00:00.000Z,-43.342338620000,-21.760505960000,"Rua Ângelo Falci, 55"
412,PARQUE BURNIER.,10072302,06:17:00,15,0,2,25,2025-01-10T00:00:00.000Z,-43.338029500000,-21.760323850000,"Avenida Sete de Setembro, 623"
412,PARQUE BURNIER.,10072332,06:17:00,14,0,0,27,2025-01-10T00:00:00.000Z,-43.335533860000,-21.760131640000,"Rua São Geraldo, 89"
412,PARQUE BURNIER.,10072335,06:17:00,12,1,0,27,2025-01-10T00:00:00.000Z,-43.333453420000,-21.761562350000,"Rua Olga Burnier, 233"
412,PARQUE BURNIER.,10072382,06:17:00,11,0,0,26,2025-01-10T00:00:00.000Z,-43.332369450000,-21.762522520000,"Rua Olga Burnier, 361"
412,PARQUE BURNIER.,10072380,06:17:00,10,1,1,26,2025-01-10T00:00:00.000Z,-43.331466790000,-21.763337580000,"Rua Olga Burnier, 485"
412,PARQUE BURNIER.,10073584,06:17:00,8,6,0,25,2025-01-10T00:00:00.000Z,-43.329363350000,-21.763255450000,"Rua Adelaide Campos de Resende, 984"
412,PARQUE BURNIER.,10072386,06:17:00,7,2,0,19,2025-01-10T00:00:00.000Z,-43.328850270000,-21.762325320000,"Rua José Teodoro dos Santos, 292"
412,PARQUE BURNIER.,10072384,06:17:00,6,1,0,17,2025-01-10T00:00:00.000Z,-43.327999480000,-21.763301540000,"Rua José Teodoro dos Santos, 126"
412,PARQUE BURNIER.,10073589,06:17:00,4,9,0,13,2025-01-10T00:00:00.000Z,-43.326568960000,-21.763629600000,"Rua Adelaide Campos de Resende, 706"
412,PARQUE BURNIER.,10072362,06:17:00,3,0,0,4,2025-01-10T00:00:00.000Z,-43.327527760000,-21.762798310000,"Rua Natalino José de Paula, 310"
412,PARQUE BURNIER.,10072363,06:17:00,2,4,0,4,2025-01-10T00:00:00.000Z,-43.327885630000,-21.762179390000,"Rua Natalino José de Paula, 288"
412,PARQUE BURNIER.,10072358,06:17:00,1,0,0,0,2025-01-10T00:00:00.000Z,-43.328687310000,-21.761675740000,"Rua Natalino José de Paula, 112 - Ponto Final do Parque Burnier"
412,PARQUE BURNIER.,10073583,06:17:00,9,1,0,26,2025-01-10T00:00:00.000Z,-43.330207820000,-21.763072230000,"Rua Adelaide Campos de Resende, 1070"
412,PARQUE BURNIER.,10072309,06:17:00,5,3,0,16,2025-01-10T00:00:00.000Z,-43.327273730000,-21.763967940000,"Rua José Teodoro dos Santos, 28"
412,PARQUE BURNIER.,10072337,06:17:00,13,0,0,27,2025-01-10T00:00:00.000Z,-43.334540130000,-21.760522960000,"Rua Olga Burnier, 67"
412,PARQUE BURNIER.,10071108,06:17:00,17,0,11,9,2025-01-10T00:00:00.000Z,-43.349331860000,-21.758144610000,"Avenida Getúlio Vargas, 835"
412,PARQUE BURNIER.,10072358,06:38:00,18,8,0,10,2025-01-10T00:00:00.000Z,-43.328687310000,-21.761675740000,"Rua Natalino José de Paula, 112 - Ponto Final do Parque Burnier"
412,PARQUE BURNIER.,10072356,06:38:00,17,0,0,2,2025-01-10T00:00:00.000Z,-43.327793950000,-21.762107030000,"Rua Natalino José de Paula, 271"
412,PARQUE BURNIER.,10071503,06:38:00,15,1,0,2,2025-01-10T00:00:00.000Z,-43.326207040000,-21.762717810000,"Rua Natalino José de Paula, 421"
412,PARQUE BURNIER.,10072359,06:38:00,14,0,1,1,2025-01-10T00:00:00.000Z,-43.326282500000,-21.763143540000,"Rua Adelaide Campos de Resende, 651"
412,PARQUE BURNIER.,10072328,06:38:00,13,0,1,2,2025-01-10T00:00:00.000Z,-43.326450350000,-21.763683320000,"Rua Adelaide Campos de Resende, 669"
412,PARQUE BURNIER.,10072316,06:38:00,11,0,0,3,2025-01-10T00:00:00.000Z,-43.328204750000,-21.763332370000,"Rua José Teodoro dos Santos, 145"
412,PARQUE BURNIER.,10072313,06:38:00,10,0,3,3,2025-01-10T00:00:00.000Z,-43.328846690000,-21.762504770000,"Rua José Teodoro dos Santos, 275"
412,PARQUE BURNIER.,10072296,06:38:00,9,0,1,6,2025-01-10T00:00:00.000Z,-43.329374790000,-21.763440430000,"Rua Adelaide Campos de Resende, 975"
412,PARQUE BURNIER.,10073561,06:38:00,7,0,0,7,2025-01-10T00:00:00.000Z,-43.331552510000,-21.763418910000,"Rua Olga Burnier, 480"
412,PARQUE BURNIER.,10073557,06:38:00,6,0,0,7,2025-01-10T00:00:00.000Z,-43.332479840000,-21.762640710000,"Rua Olga Burnier, 356"
412,PARQUE BURNIER.,10073560,06:38:00,5,0,0,7,2025-01-10T00:00:00.000Z,-43.333589670000,-21.761652280000,"Rua Olga Burnier, 230"
412,PARQUE BURNIER.,10073558,06:38:00,4,0,0,7,2025-01-10T00:00:00.000Z,-43.334645750000,-21.760669710000,"Rua Olga Burnier, 70"
412,PARQUE BURNIER.,10073552,06:38:00,3,0,1,7,2025-01-10T00:00:00.000Z,-43.335479020000,-21.760313550000,"Rua São Geraldo, 84"
412,PARQUE BURNIER.,10072305,06:38:00,2,3,0,8,2025-01-10T00:00:00.000Z,-43.337478970000,-21.760922950000,"Rua Djalma de Carvalho, 37"
412,PARQUE BURNIER.,10071108,06:38:00,1,5,0,5,2025-01-10T00:00:00.000Z,-43.349331860000,-21.758144610000,"Avenida Getúlio Vargas, 835"
412,PARQUE BURNIER.,10072301,06:38:00,8,0,0,7,2025-01-10T00:00:00.000Z,-43.330138330000,-21.763252970000,"Rua Adelaide Campos de Resende, 1061"
412,PARQUE BURNIER.,10072377,06:38:00,12,0,0,3,2025-01-10T00:00:00.000Z,-43.327321890000,-21.764062650000,"Rua José Teodoro dos Santos, 25"
412,PARQUE BURNIER.,10072375,06:38:00,16,0,0,2,2025-01-10T00:00:00.000Z,-43.327420830000,-21.762727850000,"Rua Natalino José de Paula, 319"
412,PARQUE BURNIER.,10071108,07:04:00,17,0,28,0,2025-01-10T00:00:00.000Z,-43.349331860000,-21.758144610000,"Avenida Getúlio Vargas, 835"
412,PARQUE BURNIER.,10074194,07:04:00,16,5,3,28,2025-01-10T00:00:00.000Z,-43.342338620000,-21.760505960000,"Rua Ângelo Falci, 55"
412,PARQUE BURNIER.,10072302,07:04:00,15,2,1,26,2025-01-10T00:00:00.000Z,-43.338029500000,-21.760323850000,"Avenida Sete de Setembro, 623"
412,PARQUE BURNIER.,10072337,07:04:00,13,0,0,25,2025-01-10T00:00:00.000Z,-43.334540130000,-21.760522960000,"Rua Olga Burnier, 67"
412,PARQUE BURNIER.,10072335,07:04:00,12,0,0,25,2025-01-10T00:00:00.000Z,-43.333453420000,-21.761562350000,"Rua Olga Burnier, 233"
412,PARQUE BURNIER.,10072382,07:04:00,11,1,0,25,2025-01-10T00:00:00.000Z,-43.332369450000,-21.762522520000,"Rua Olga Burnier, 361"
412,PARQUE BURNIER.,10073583,07:04:00,9,0,0,24,2025-01-10T00:00:00.000Z,-43.330207820000,-21.763072230000,"Rua Adelaide Campos de Resende, 1070"
412,PARQUE BURNIER.,10073584,07:04:00,8,1,0,24,2025-01-10T00:00:00.000Z,-43.329363350000,-21.763255450000,"Rua Adelaide Campos de Resende, 984"
412,PARQUE BURNIER.,10072386,07:04:00,7,2,0,23,2025-01-10T00:00:00.000Z,-43.328850270000,-21.762325320000,"Rua José Teodoro dos Santos, 292"
412,PARQUE BURNIER.,10072309,07:04:00,5,2,1,20,2025-01-10T00:00:00.000Z,-43.327273730000,-21.763967940000,"Rua José Teodoro dos Santos, 28"
412,PARQUE BURNIER.,10073589,07:04:00,4,12,0,19,2025-01-10T00:00:00.000Z,-43.326568960000,-21.763629600000,"Rua Adelaide Campos de Resende, 706"
412,PARQUE BURNIER.,10072362,07:04:00,3,2,0,7,2025-01-10T00:00:00.000Z,-43.327527760000,-21.762798310000,"Rua Natalino José de Paula, 310"
412,PARQUE BURNIER.,10072363,07:04:00,2,5,0,5,2025-01-10T00:00:00.000Z,-43.327885630000,-21.762179390000,"Rua Natalino José de Paula, 288"
412,PARQUE BURNIER.,10072358,07:04:00,1,0,0,0,2025-01-10T00:00:00.000Z,-43.328687310000,-21.761675740000,"Rua Natalino José de Paula, 112 - Ponto Final do Parque Burnier"
412,PARQUE BURNIER.,10072384,07:04:00,6,1,0,21,2025-01-10T00:00:00.000Z,-43.327999480000,-21.763301540000,"Rua José Teodoro dos Santos, 126"
412,PARQUE BURNIER.,10072380,07:04:00,10,0,0,24,2025-01-10T00:00:00.000Z,-43.331466790000,-21.763337580000,"Rua Olga Burnier, 485"
412,PARQUE BURNIER.,10072332,07:04:00,14,0,0,25,2025-01-10T00:00:00.000Z,-43.335533860000,-21.760131640000,"Rua São Geraldo, 89"
412,PARQUE BURNIER.,10072358,07:25:00,18,3,0,5,2025-01-10T00:00:00.000Z,-43.328687310000,-21.761675740000,"Rua Natalino José de Paula, 112 - Ponto Final do Parque Burnier"
412,PARQUE BURNIER.,10072375,07:25:00,16,0,0,2,2025-01-10T00:00:00.000Z,-43.327420830000,-21.762727850000,"Rua Natalino José de Paula, 319"
412,PARQUE BURNIER.,10071503,07:25:00,15,0,1,2,2025-01-10T00:00:00.000Z,-43.326207040000,-21.762717810000,"Rua Natalino José de Paula, 421"
412,PARQUE BURNIER.,10072359,07:25:00,14,0,0,3,2025-01-10T00:00:00.000Z,-43.326282500000,-21.763143540000,"Rua Adelaide Campos de Resende, 651"
412,PARQUE BURNIER.,10072377,07:25:00,12,0,0,2,2025-01-10T00:00:00.000Z,-43.327321890000,-21.764062650000,"Rua José Teodoro dos Santos, 25"
412,PARQUE BURNIER.,10072316,07:25:00,11,0,0,2,2025-01-10T00:00:00.000Z,-43.328204750000,-21.763332370000,"Rua José Teodoro dos Santos, 145"
412,PARQUE BURNIER.,10072313,07:25:00,10,0,1,2,2025-01-10T00:00:00.000Z,-43.328846690000,-21.762504770000,"Rua José Teodoro dos Santos, 275"
412,PARQUE BURNIER.,10072301,07:25:00,8,1,0,4,2025-01-10T00:00:00.000Z,-43.330138330000,-21.763252970000,"Rua Adelaide Campos de Resende, 1061"
412,PARQUE BURNIER.,10073561,07:25:00,7,0,0,3,2025-01-10T00:00:00.000Z,-43.331552510000,-21.763418910000,"Rua Olga Burnier, 480"
412,PARQUE BURNIER.,10073557,07:25:00,6,0,0,3,2025-01-10T00:00:00.000Z,-43.332479840000,-21.762640710000,"Rua Olga Burnier, 356"
412,PARQUE BURNIER.,10073560,07:25:00,5,0,0,3,2025-01-10T00:00:00.000Z,-43.333589670000,-21.761652280000,"Rua Olga Burnier, 230"
412,PARQUE BURNIER.,10073558,07:25:00,4,0,0,3,2025-01-10T00:00:00.000Z,-43.334645750000,-21.760669710000,"Rua Olga Burnier, 70"
412,PARQUE BURNIER.,10073552,07:25:00,3,0,1,3,2025-01-10T00:00:00.000Z,-43.335479020000,-21.760313550000,"Rua São Geraldo, 84"
412,PARQUE BURNIER.,10072305,07:25:00,2,0,1,4,2025-01-10T00:00:00.000Z,-43.337478970000,-21.760922950000,"Rua Djalma de Carvalho, 37"
412,PARQUE BURNIER.,10071108,07:25:00,1,5,0,5,2025-01-10T00:00:00.000Z,-43.349331860000,-21.758144610000,"Avenida Getúlio Vargas, 835"
412,PARQUE BURNIER.,10072328,07:25:00,13,1,0,3,2025-01-10T00:00:00.000Z,-43.326450350000,-21.763683320000,"Rua Adelaide Campos de Resende, 669"
412,PARQUE BURNIER.,10072296,07:25:00,9,0,1,3,2025-01-10T00:00:00.000Z,-43.329374790000,-21.763440430000,"Rua Adelaide Campos de Resende, 975"
412,PARQUE BURNIER.,10072356,07:25:00,17,0,0,2,2025-01-10T00:00:00.000Z,-43.327793950000,-21.762107030000,"Rua Natalino José de Paula, 271"
412,PARQUE BURNIER.,10071108,07:51:00,17,0,7,9,2025-01-10T00:00:00.000Z,-43.349331860000,-21.758144610000,"Avenida Getúlio Vargas, 835"
412,PARQUE BURNIER.,10074194,07:51:00,16,2,6,16,2025-01-10T00:00:00.000Z,-43.342338620000,-21.760505960000,"Rua Ângelo Falci, 55"
412,PARQUE BURNIER.,10072332,07:51:00,14,0,0,23,2025-01-10T00:00:00.000Z,-43.335533860000,-21.760131640000,"Rua São Geraldo, 89"
412,PARQUE BURNIER.,10072337,07:51:00,13,1,0,23,2025-01-10T00:00:00.000Z,-43.334540130000,-21.760522960000,"Rua Olga Burnier, 67"
412,PARQUE BURNIER.,10072335,07:51:00,12,0,0,22,2025-01-10T00:00:00.000Z,-43.333453420000,-21.761562350000,"Rua Olga Burnier, 233"
412,PARQUE BURNIER.,10072380,07:51:00,10,1,1,20,2025-01-10T00:00:00.000Z,-43.331466790000,-21.763337580000,"Rua Olga Burnier, 485"
412,PARQUE BURNIER.,10073583,07:51:00,9,1,1,20,2025-01-10T00:00:00.000Z,-43.330207820000,-21.763072230000,"Rua Adelaide Campos de Resende, 1070"
412,PARQUE BURNIER.,10073584,07:51:00,8,2,0,20,2025-01-10T00:00:00.000Z,-43.329363350000,-21.763255450000,"Rua Adelaide Campos de Resende, 984"
412,PARQUE BURNIER.,10072384,07:51:00,6,0,0,16,2025-01-10T00:00:00.000Z,-43.327999480000,-21.763301540000,"Rua José Teodoro dos Santos, 126"
412,PARQUE BURNIER.,10072309,07:51:00,5,1,0,16,2025-01-10T00:00:00.000Z,-43.327273730000,-21.763967940000,"Rua José Teodoro dos Santos, 28"
412,PARQUE BURNIER.,10073589,07:51:00,4,12,0,15,2025-01-10T00:00:00.000Z,-43.326568960000,-21.763629600000,"Rua Adelaide Campos de Resende, 706"
412,PARQUE BURNIER.,10072362,07:51:00,3,1,0,3,2025-01-10T00:00:00.000Z,-43.327527760000,-21.762798310000,"Rua Natalino José de Paula, 310"
412,PARQUE BURNIER.,10072363,07:51:00,2,2,0,2,2025-01-10T00:00:00.000Z,-43.327885630000,-21.762179390000,"Rua Natalino José de Paula, 288"
412,PARQUE BURNIER.,10072358,07:51:00,1,0,0,0,2025-01-10T00:00:00.000Z,-43.328687310000,-21.761675740000,"Rua Natalino José de Paula, 112 - Ponto Final do Parque Burnier"
412,PARQUE BURNIER.,10072386,07:51:00,7,2,0,18,2025-01-10T00:00:00.000Z,-43.328850270000,-21.762325320000,"Rua José Teodoro dos Santos, 292"
412,PARQUE BURNIER.,10072382,07:51:00,11,2,0,22,2025-01-10T00:00:00.000Z,-43.332369450000,-21.762522520000,"Rua Olga Burnier, 361"
412,PARQUE BURNIER.,10072302,07:51:00,15,0,3,20,2025-01-10T00:00:00.000Z,-43.338029500000,-21.760323850000,"Avenida Sete de Setembro, 623"
412,PARQUE BURNIER.,10072356,08:12:00,17,1,0,2,2025-01-10T00:00:00.000Z,-43.327793950000,-21.762107030000,"Rua Natalino José de Paula, 271"
412,PARQUE BURNIER.,10072375,08:12:00,16,0,0,1,2025-01-10T00:00:00.000Z,-43.327420830000,-21.762727850000,"Rua Natalino José de Paula, 319"
412,PARQUE BURNIER.,10071503,08:12:00,15,0,0,1,2025-01-10T00:00:00.000Z,-43.326207040000,-21.762717810000,"Rua Natalino José de Paula, 421"
412,PARQUE BURNIER.,10072328,08:12:00,13,0,0,1,2025-01-10T00:00:00.000Z,-43.326450350000,-21.763683320000,"Rua Adelaide Campos de Resende, 669"
412,PARQUE BURNIER.,10072377,08:12:00,12,0,0,1,2025-01-10T00:00:00.000Z,-43.327321890000,-21.764062650000,"Rua José Teodoro dos Santos, 25"
412,PARQUE BURNIER.,10072316,08:12:00,11,0,0,1,2025-01-10T00:00:00.000Z,-43.328204750000,-21.763332370000,"Rua José Teodoro dos Santos, 145"
412,PARQUE BURNIER.,10072296,08:12:00,9,0,0,1,2025-01-10T00:00:00.000Z,-43.329374790000,-21.763440430000,"Rua Adelaide Campos de Resende, 975"
412,PARQUE BURNIER.,10072301,08:12:00,8,0,0,1,2025-01-10T00:00:00.000Z,-43.330138330000,-21.763252970000,"Rua Adelaide Campos de Resende, 1061"
412,PARQUE BURNIER.,10073561,08:12:00,7,0,1,1,2025-01-10T00:00:00.000Z,-43.331552510000,-21.763418910000,"Rua Olga Burnier, 480"
412,PARQUE BURNIER.,10073557,08:12:00,6,0,0,2,2025-01-10T00:00:00.000Z,-43.332479840000,-21.762640710000,"Rua Olga Burnier, 356"
412,PARQUE BURNIER.,10073560,08:12:00,5,0,0,2,2025-01-10T00:00:00.000Z,-43.333589670000,-21.761652280000,"Rua Olga Burnier, 230"
412,PARQUE BURNIER.,10073558,08:12:00,4,0,0,2,2025-01-10T00:00:00.000Z,-43.334645750000,-21.760669710000,"Rua Olga Burnier, 70"
412,PARQUE BURNIER.,10073552,08:12:00,3,0,0,2,2025-01-10T00:00:00.000Z,-43.335479020000,-21.760313550000,"Rua São Geraldo, 84"
412,PARQUE BURNIER.,10072305,08:12:00,2,2,0,2,2025-01-10T00:00:00.000Z,-43.337478970000,-21.760922950000,"Rua Djalma de Carvalho, 37"
412,PARQUE BURNIER.,10071108,08:12:00,1,0,0,0,2025-01-10T00:00:00.000Z,-43.349331860000,-21.758144610000,"Avenida Getúlio Vargas, 835"
412,PARQUE BURNIER.,10072313,08:12:00,10,0,0,1,2025-01-10T00:00:00.000Z,-43.328846690000,-21.762504770000,"Rua José Teodoro dos Santos, 275"
412,PARQUE BURNIER.,10072359,08:12:00,14,0,0,1,2025-01-10T00:00:00.000Z,-43.326282500000,-21.763143540000,"Rua Adelaide Campos de Resende, 651"
412,PARQUE BURNIER.,10072358,08:12:00,18,4,2,4,2025-01-10T00:00:00.000Z,-43.328687310000,-21.761675740000,"Rua Natalino José de Paula, 112 - Ponto Final do Parque Burnier"
412,PARQUE BURNIER.,10071108,08:38:00,17,0,22,10,2025-01-10T00:00:00.000Z,-43.349331860000,-21.758144610000,"Avenida Getúlio Vargas, 835"
412,PARQUE BURNIER.,10072302,08:38:00,15,2,1,45,2025-01-10T00:00:00.000Z,-43.338029500000,-21.760323850000,"Avenida Sete de Setembro, 623"
412,PARQUE BURNIER.,10072332,08:38:00,14,0,0,44,2025-01-10T00:00:00.000Z,-43.335533860000,-21.760131640000,"Rua São Geraldo, 89"
412,PARQUE BURNIER.,10072337,08:38:00,13,1,0,44,2025-01-10T00:00:00.000Z,-43.334540130000,-21.760522960000,"Rua Olga Burnier, 67"
412,PARQUE BURNIER.,10072382,08:38:00,11,4,0,43,2025-01-10T00:00:00.000Z,-43.332369450000,-21.762522520000,"Rua Olga Burnier, 361"
412,PARQUE BURNIER.,10072380,08:38:00,10,2,0,39,2025-01-10T00:00:00.000Z,-43.331466790000,-21.763337580000,"Rua Olga Burnier, 485"
412,PARQUE BURNIER.,10073583,08:38:00,9,2,0,37,2025-01-10T00:00:00.000Z,-43.330207820000,-21.763072230000,"Rua Adelaide Campos de Resende, 1070"
412,PARQUE BURNIER.,10072386,08:38:00,7,5,1,28,2025-01-10T00:00:00.000Z,-43.328850270000,-21.762325320000,"Rua José Teodoro dos Santos, 292"
412,PARQUE BURNIER.,10072384,08:38:00,6,6,0,24,2025-01-10T00:00:00.000Z,-43.327999480000,-21.763301540000,"Rua José Teodoro dos Santos, 126"
412,PARQUE BURNIER.,10072309,08:38:00,5,1,0,18,2025-01-10T00:00:00.000Z,-43.327273730000,-21.763967940000,"Rua José Teodoro dos Santos, 28"
412,PARQUE BURNIER.,10073589,08:38:00,4,12,0,17,2025-01-10T00:00:00.000Z,-43.326568960000,-21.763629600000,"Rua Adelaide Campos de Resende, 706"
412,PARQUE BURNIER.,10072362,08:38:00,3,3,0,5,2025-01-10T00:00:00.000Z,-43.327527760000,-21.762798310000,"Rua Natalino José de Paula, 310"
412,PARQUE BURNIER.,10072363,08:38:00,2,2,0,2,2025-01-10T00:00:00.000Z,-43.327885630000,-21.762179390000,"Rua Natalino José de Paula, 288"
412,PARQUE BURNIER.,10072358,08:38:00,1,0,0,0,2025-01-10T00:00:00.000Z,-43.328687310000,-21.761675740000,"Rua Natalino José de Paula, 112 - Ponto Final do Parque Burnier"
412,PARQUE BURNIER.,10073584,08:38:00,8,7,0,35,2025-01-10T00:00:00.000Z,-43.329363350000,-21.763255450000,"Rua Adelaide Campos de Resende, 984"
412,PARQUE BURNIER.,10072335,08:38:00,12,0,0,43,2025-01-10T00:00:00.000Z,-43.333453420000,-21.761562350000,"Rua Olga Burnier, 233"
412,PARQUE BURNIER.,10074194,08:38:00,16,1,14,32,2025-01-10T00:00:00.000Z,-43.342338620000,-21.760505960000,"Rua Ângelo Falci, 55"
412,PARQUE BURNIER.,10072358,08:59:00,18,4,0,8,2025-01-10T00:00:00.000Z,-43.328687310000,-21.761675740000,"Rua Natalino José de Paula, 112 - Ponto Final do Parque Burnier"
412,PARQUE BURNIER.,10072356,08:59:00,17,0,0,4,2025-01-10T00:00:00.000Z,-43.327793950000,-21.762107030000,"Rua Natalino José de Paula, 271"
412,PARQUE BURNIER.,10072375,08:59:00,16,0,0,4,2025-01-10T00:00:00.000Z,-43.327420830000,-21.762727850000,"Rua Natalino José de Paula, 319"
412,PARQUE BURNIER.,10072359,08:59:00,14,0,1,6,2025-01-10T00:00:00.000Z,-43.326282500000,-21.763143540000,"Rua Adelaide Campos de Resende, 651"
412,PARQUE BURNIER.,10072328,08:59:00,13,0,1,7,2025-01-10T00:00:00.000Z,-43.326450350000,-21.763683320000,"Rua Adelaide Campos de Resende, 669"
412,PARQUE BURNIER.,10072377,08:59:00,12,0,0,8,2025-01-10T00:00:00.000Z,-43.327321890000,-21.764062650000,"Rua José Teodoro dos Santos, 25"
412,PARQUE BURNIER.,10072313,08:59:00,10,0,3,7,2025-01-10T00:00:00.000Z,-43.328846690000,-21.762504770000,"Rua José Teodoro dos Santos, 275"
412,PARQUE BURNIER.,10072296,08:59:00,9,1,0,10,2025-01-10T00:00:00.000Z,-43.329374790000,-21.763440430000,"Rua Adelaide Campos de Resende, 975"
412,PARQUE BURNIER.,10072301,08:59:00,8,0,0,9,2025-01-10T00:00:00.000Z,-43.330138330000,-21.763252970000,"Rua Adelaide Campos de Resende, 1061"
412,PARQUE BURNIER.,10073561,08:59:00,7,0,0,9,2025-01-10T00:00:00.000Z,-43.331552510000,-21.763418910000,"Rua Olga Burnier, 480"
412,PARQUE BURNIER.,10073557,08:59:00,6,0,0,9,2025-01-10T00:00:00.000Z,-43.332479840000,-21.762640710000,"Rua Olga Burnier, 356"
412,PARQUE BURNIER.,10073560,08:59:00,5,0,0,9,2025-01-10T00:00:00.000Z,-43.333589670000,-21.761652280000,"Rua Olga Burnier, 230"
412,PARQUE BURNIER.,10073558,08:59:00,4,0,0,9,2025-01-10T00:00:00.000Z,-43.334645750000,-21.760669710000,"Rua Olga Burnier, 70"
412,PARQUE BURNIER.,10073552,08:59:00,3,0,0,9,2025-01-10T00:00:00.000Z,-43.335479020000,-21.760313550000,"Rua São Geraldo, 84"
412,PARQUE BURNIER.,10072305,08:59:00,2,0,0,9,2025-01-10T00:00:00.000Z,-43.337478970000,-21.760922950000,"Rua Djalma de Carvalho, 37"
412,PARQUE BURNIER.,10071108,08:59:00,1,9,0,9,2025-01-10T00:00:00.000Z,-43.349331860000,-21.758144610000,"Avenida Getúlio Vargas, 835"
412,PARQUE BURNIER.,10072316,08:59:00,11,1,0,8,2025-01-10T00:00:00.000Z,-43.328204750000,-21.763332370000,"Rua José Teodoro dos Santos, 145"
412,PARQUE BURNIER.,10071503,08:59:00,15,0,2,4,2025-01-10T00:00:00.000Z,-43.326207040000,-21.762717810000,"Rua Natalino José de Paula, 421"
412,PARQUE BURNIER.,10074194,09:25:00,16,8,5,31,2025-01-10T00:00:00.000Z,-43.342338620000,-21.760505960000,"Rua Ângelo Falci, 55"
412,PARQUE BURNIER.,10072302,09:25:00,15,2,0,28,2025-01-10T00:00:00.000Z,-43.338029500000,-21.760323850000,"Avenida Sete de Setembro, 623"
412,PARQUE BURNIER.,10072332,09:25:00,14,1,0,26,2025-01-10T00:00:00.000Z,-43.335533860000,-21.760131640000,"Rua São Geraldo, 89"
412,PARQUE BURNIER.,10072335,09:25:00,12,0,0,24,2025-01-10T00:00:00.000Z,-43.333453420000,-21.761562350000,"Rua Olga Burnier, 233"
412,PARQUE BURNIER.,10072382,09:25:00,11,0,0,24,2025-01-10T00:00:00.000Z,-43.332369450000,-21.762522520000,"Rua Olga Burnier, 361"
412,PARQUE BURNIER.,10072380,09:25:00,10,2,0,24,2025-01-10T00:00:00.000Z,-43.331466790000,-21.763337580000,"Rua Olga Burnier, 485"
412,PARQUE BURNIER.,10073584,09:25:00,8,3,0,22,2025-01-10T00:00:00.000Z,-43.329363350000,-21.763255450000,"Rua Adelaide Campos de Resende, 984"
412,PARQUE BURNIER.,10072386,09:25:00,7,4,0,19,2025-01-10T00:00:00.000Z,-43.328850270000,-21.762325320000,"Rua José Teodoro dos Santos, 292"
412,PARQUE BURNIER.,10072384,09:25:00,6,3,1,15,2025-01-10T00:00:00.000Z,-43.327999480000,-21.763301540000,"Rua José Teodoro dos Santos, 126"
412,PARQUE BURNIER.,10072309,09:25:00,5,0,0,13,2025-01-10T00:00:00.000Z,-43.327273730000,-21.763967940000,"Rua José Teodoro dos Santos, 28"
412,PARQUE BURNIER.,10073589,09:25:00,4,5,0,13,2025-01-10T00:00:00.000Z,-43.326568960000,-21.763629600000,"Rua Adelaide Campos de Resende, 706"
412,PARQUE BURNIER.,10072362,09:25:00,3,6,0,8,2025-01-10T00:00:00.000Z,-43.327527760000,-21.762798310000,"Rua Natalino José de Paula, 310"
412,PARQUE BURNIER.,10072363,09:25:00,2,2,0,2,2025-01-10T00:00:00.000Z,-43.327885630000,-21.762179390000,"Rua Natalino José de Paula, 288"
412,PARQUE BURNIER.,10072358,09:25:00,1,0,0,0,2025-01-10T00:00:00.000Z,-43.328687310000,-21.761675740000,"Rua Natalino José de Paula, 112 - Ponto Final do Parque Burnier"
412,PARQUE BURNIER.,10071108,09:25:00,17,0,1,30,2025-01-10T00:00:00.000Z,-43.349331860000,-21.758144610000,"Avenida Getúlio Vargas, 835"
412,PARQUE BURNIER.,10073583,09:25:00,9,0,0,22,2025-01-10T00:00:00.000Z,-43.330207820000,-21.763072230000,"Rua Adelaide Campos de Resende, 1070"
412,PARQUE BURNIER.,10072337,09:25:00,13,1,0,25,2025-01-10T00:00:00.000Z,-43.334540130000,-21.760522960000,"Rua Olga Burnier, 67"
412,PARQUE BURNIER.,10072358,09:45:00,18,6,0,14,2025-01-10T00:00:00.000Z,-43.328687310000,-21.761675740000,"Rua Natalino José de Paula, 112 - Ponto Final do Parque Burnier"
412,PARQUE BURNIER.,10072356,09:45:00,17,0,0,8,2025-01-10T00:00:00.000Z,-43.327793950000,-21.762107030000,"Rua Natalino José de Paula, 271"
412,PARQUE BURNIER.,10071503,09:45:00,15,0,2,8,2025-01-10T00:00:00.000Z,-43.326207040000,-21.762717810000,"Rua Natalino José de Paula, 421"
412,PARQUE BURNIER.,10072359,09:45:00,14,0,0,10,2025-01-10T00:00:00.000Z,-43.326282500000,-21.763143540000,"Rua Adelaide Campos de Resende, 651"
412,PARQUE BURNIER.,10072328,09:45:00,13,0,0,10,2025-01-10T00:00:00.000Z,-43.326450350000,-21.763683320000,"Rua Adelaide Campos de Resende, 669"
412,PARQUE BURNIER.,10072316,09:45:00,11,0,1,10,2025-01-10T00:00:00.000Z,-43.328204750000,-21.763332370000,"Rua José Teodoro dos Santos, 145"
412,PARQUE BURNIER.,10072313,09:45:00,10,0,1,11,2025-01-10T00:00:00.000Z,-43.328846690000,-21.762504770000,"Rua José Teodoro dos Santos, 275"
412,PARQUE BURNIER.,10072296,09:45:00,9,0,0,12,2025-01-10T00:00:00.000Z,-43.329374790000,-21.763440430000,"Rua Adelaide Campos de Resende, 975"
412,PARQUE BURNIER.,10073561,09:45:00,7,0,0,12,2025-01-10T00:00:00.000Z,-43.331552510000,-21.763418910000,"Rua Olga Burnier, 480"
412,PARQUE BURNIER.,10073557,09:45:00,6,0,0,12,2025-01-10T00:00:00.000Z,-43.332479840000,-21.762640710000,"Rua Olga Burnier, 356"
412,PARQUE BURNIER.,10073560,09:45:00,5,0,0,12,2025-01-10T00:00:00.000Z,-43.333589670000,-21.761652280000,"Rua Olga Burnier, 230"
412,PARQUE BURNIER.,10073558,09:45:00,4,0,0,12,2025-01-10T00:00:00.000Z,-43.334645750000,-21.760669710000,"Rua Olga Burnier, 70"
412,PARQUE BURNIER.,10073552,09:45:00,3,1,0,12,2025-01-10T00:00:00.000Z,-43.335479020000,-21.760313550000,"Rua São Geraldo, 84"
412,PARQUE BURNIER.,10072305,09:45:00,2,3,0,11,2025-01-10T00:00:00.000Z,-43.337478970000,-21.760922950000,"Rua Djalma de Carvalho, 37"
412,PARQUE BURNIER.,10071108,09:45:00,1,8,0,8,2025-01-10T00:00:00.000Z,-43.349331860000,-21.758144610000,"Avenida Getúlio Vargas, 835"
412,PARQUE BURNIER.,10072377,09:45:00,12,0,0,10,2025-01-10T00:00:00.000Z,-43.327321890000,-21.764062650000,"Rua José Teodoro dos Santos, 25"
412,PARQUE BURNIER.,10072375,09:45:00,16,0,0,8,2025-01-10T00:00:00.000Z,-43.327420830000,-21.762727850000,"Rua Natalino José de Paula, 319"
412,PARQUE BURNIER.,10072301,09:45:00,8,0,0,12,2025-01-10T00:00:00.000Z,-43.330138330000,-21.763252970000,"Rua Adelaide Campos de Resende, 1061"
412,PARQUE BURNIER.,10071108,10:20:00,17,0,35,4,2025-01-10T00:00:00.000Z,-43.349331860000,-21.758144610000,"Avenida Getúlio Vargas, 835"
412,PARQUE BURNIER.,10074194,10:20:00,16,14,7,39,2025-01-10T00:00:00.000Z,-43.342338620000,-21.760505960000,"Rua Ângelo Falci, 55"
412,PARQUE BURNIER.,10072302,10:20:00,15,3,0,32,2025-01-10T00:00:00.000Z,-43.338029500000,-21.760323850000,"Avenida Sete de Setembro, 623"
412,PARQUE BURNIER.,10072337,10:20:00,13,0,0,29,2025-01-10T00:00:00.000Z,-43.334540130000,-21.760522960000,"Rua Olga Burnier, 67"
412,PARQUE BURNIER.,10072335,10:20:00,12,5,0,29,2025-01-10T00:00:00.000Z,-43.333453420000,-21.761562350000,"Rua Olga Burnier, 233"
412,PARQUE BURNIER.,10072382,10:20:00,11,0,0,24,2025-01-10T00:00:00.000Z,-43.332369450000,-21.762522520000,"Rua Olga Burnier, 361"
412,PARQUE BURNIER.,10073583,10:20:00,9,2,0,22,2025-01-10T00:00:00.000Z,-43.330207820000,-21.763072230000,"Rua Adelaide Campos de Resende, 1070"
412,PARQUE BURNIER.,10073584,10:20:00,8,3,1,20,2025-01-10T00:00:00.000Z,-43.329363350000,-21.763255450000,"Rua Adelaide Campos de Resende, 984"
412,PARQUE BURNIER.,10072386,10:20:00,7,6,0,18,2025-01-10T00:00:00.000Z,-43.328850270000,-21.762325320000,"Rua José Teodoro dos Santos, 292"
412,PARQUE BURNIER.,10072309,10:20:00,5,2,0,14,2025-01-10T00:00:00.000Z,-43.327273730000,-21.763967940000,"Rua José Teodoro dos Santos, 28"
412,PARQUE BURNIER.,10073589,10:20:00,4,10,1,12,2025-01-10T00:00:00.000Z,-43.326568960000,-21.763629600000,"Rua Adelaide Campos de Resende, 706"
412,PARQUE BURNIER.,10072362,10:20:00,3,2,1,3,2025-01-10T00:00:00.000Z,-43.327527760000,-21.762798310000,"Rua Natalino José de Paula, 310"
412,PARQUE BURNIER.,10072363,10:20:00,2,2,0,2,2025-01-10T00:00:00.000Z,-43.327885630000,-21.762179390000,"Rua Natalino José de Paula, 288"
412,PARQUE BURNIER.,10072358,10:20:00,1,0,0,0,2025-01-10T00:00:00.000Z,-43.328687310000,-21.761675740000,"Rua Natalino José de Paula, 112 - Ponto Final do Parque Burnier"
412,PARQUE BURNIER.,10072384,10:20:00,6,0,2,12,2025-01-10T00:00:00.000Z,-43.327999480000,-21.763301540000,"Rua José Teodoro dos Santos, 126"
412,PARQUE BURNIER.,10072332,10:20:00,14,0,0,29,2025-01-10T00:00:00.000Z,-43.335533860000,-21.760131640000,"Rua São Geraldo, 89"
412,PARQUE BURNIER.,10072380,10:20:00,10,2,0,24,2025-01-10T00:00:00.000Z,-43.331466790000,-21.763337580000,"Rua Olga Burnier, 485"
412,PARQUE BURNIER.,10072358,10:40:00,18,1,0,1,2025-01-10T00:00:00.000Z,-43.328687310000,-21.761675740000,"Rua Natalino José de Paula, 112 - Ponto Final do Parque Burnier"
412,PARQUE BURNIER.,10072375,10:40:00,16,0,0,0,2025-01-10T00:00:00.000Z,-43.327420830000,-21.762727850000,"Rua Natalino José de Paula, 319"
412,PARQUE BURNIER.,10071503,10:40:00,15,0,3,0,2025-01-10T00:00:00.000Z,-43.326207040000,-21.762717810000,"Rua Natalino José de Paula, 421"
412,PARQUE BURNIER.,10072359,10:40:00,14,0,12,3,2025-01-10T00:00:00.000Z,-43.326282500000,-21.763143540000,"Rua Adelaide Campos de Resende, 651"
412,PARQUE BURNIER.,10072377,10:40:00,12,0,2,27,2025-01-10T00:00:00.000Z,-43.327321890000,-21.764062650000,"Rua José Teodoro dos Santos, 25"
412,PARQUE BURNIER.,10072316,10:40:00,11,0,1,29,2025-01-10T00:00:00.000Z,-43.328204750000,-21.763332370000,"Rua José Teodoro dos Santos, 145"
412,PARQUE BURNIER.,10072313,10:40:00,10,0,2,30,2025-01-10T00:00:00.000Z,-43.328846690000,-21.762504770000,"Rua José Teodoro dos Santos, 275"
412,PARQUE BURNIER.,10072301,10:40:00,8,0,0,33,2025-01-10T00:00:00.000Z,-43.330138330000,-21.763252970000,"Rua Adelaide Campos de Resende, 1061"
412,PARQUE BURNIER.,10073561,10:40:00,7,0,0,33,2025-01-10T00:00:00.000Z,-43.331552510000,-21.763418910000,"Rua Olga Burnier, 480"
412,PARQUE BURNIER.,10073557,10:40:00,6,0,1,33,2025-01-10T00:00:00.000Z,-43.332479840000,-21.762640710000,"Rua Olga Burnier, 356"
412,PARQUE BURNIER.,10073558,10:40:00,4,0,0,34,2025-01-10T00:00:00.000Z,-43.334645750000,-21.760669710000,"Rua Olga Burnier, 70"
412,PARQUE BURNIER.,10073552,10:40:00,3,0,0,34,2025-01-10T00:00:00.000Z,-43.335479020000,-21.760313550000,"Rua São Geraldo, 84"
412,PARQUE BURNIER.,10072305,10:40:00,2,0,2,34,2025-01-10T00:00:00.000Z,-43.337478970000,-21.760922950000,"Rua Djalma de Carvalho, 37"
412,PARQUE BURNIER.,10071108,10:40:00,1,36,0,36,2025-01-10T00:00:00.000Z,-43.349331860000,-21.758144610000,"Avenida Getúlio Vargas, 835"
412,PARQUE BURNIER.,10072296,10:40:00,9,0,1,32,2025-01-10T00:00:00.000Z,-43.329374790000,-21.763440430000,"Rua Adelaide Campos de Resende, 975"
412,PARQUE BURNIER.,10073560,10:40:00,5,0,0,34,2025-01-10T00:00:00.000Z,-43.333589670000,-21.761652280000,"Rua Olga Burnier, 230"
412,PARQUE BURNIER.,10072328,10:40:00,13,0,12,15,2025-01-10T00:00:00.000Z,-43.326450350000,-21.763683320000,"Rua Adelaide Campos de Resende, 669"
412,PARQUE BURNIER.,10072356,10:40:00,17,0,0,0,2025-01-10T00:00:00.000Z,-43.327793950000,-21.762107030000,"Rua Natalino José de Paula, 271"
412,PARQUE BURNIER.,10071108,11:15:00,17,0,13,9,2025-01-10T00:00:00.000Z,-43.349331860000,-21.758144610000,"Avenida Getúlio Vargas, 835"
412,PARQUE BURNIER.,10074194,11:15:00,16,14,1,22,2025-01-10T00:00:00.000Z,-43.342338620000,-21.760505960000,"Rua Ângelo Falci, 55"
412,PARQUE BURNIER.,10072332,11:15:00,14,0,0,11,2025-01-10T00:00:00.000Z,-43.335533860000,-21.760131640000,"Rua São Geraldo, 89"
412,PARQUE BURNIER.,10072337,11:15:00,13,1,0,11,2025-01-10T00:00:00.000Z,-43.334540130000,-21.760522960000,"Rua Olga Burnier, 67"
412,PARQUE BURNIER.,10072335,11:15:00,12,1,0,10,2025-01-10T00:00:00.000Z,-43.333453420000,-21.761562350000,"Rua Olga Burnier, 233"
412,PARQUE BURNIER.,10072380,11:15:00,10,0,1,7,2025-01-10T00:00:00.000Z,-43.331466790000,-21.763337580000,"Rua Olga Burnier, 485"
412,PARQUE BURNIER.,10073583,11:15:00,9,0,0,8,2025-01-10T00:00:00.000Z,-43.330207820000,-21.763072230000,"Rua Adelaide Campos de Resende, 1070"
412,PARQUE BURNIER.,10073584,11:15:00,8,3,0,8,2025-01-10T00:00:00.000Z,-43.329363350000,-21.763255450000,"Rua Adelaide Campos de Resende, 984"
412,PARQUE BURNIER.,10072386,11:15:00,7,1,0,5,2025-01-10T00:00:00.000Z,-43.328850270000,-21.762325320000,"Rua José Teodoro dos Santos, 292"
412,PARQUE BURNIER.,10072384,11:15:00,6,0,0,4,2025-01-10T00:00:00.000Z,-43.327999480000,-21.763301540000,"Rua José Teodoro dos Santos, 126"
412,PARQUE BURNIER.,10072309,11:15:00,5,1,0,4,2025-01-10T00:00:00.000Z,-43.327273730000,-21.763967940000,"Rua José Teodoro dos Santos, 28"
412,PARQUE BURNIER.,10073589,11:15:00,4,2,0,3,2025-01-10T00:00:00.000Z,-43.326568960000,-21.763629600000,"Rua Adelaide Campos de Resende, 706"
412,PARQUE BURNIER.,10072362,11:15:00,3,1,0,1,2025-01-10T00:00:00.000Z,-43.327527760000,-21.762798310000,"Rua Natalino José de Paula, 310"
412,PARQUE BURNIER.,10072363,11:15:00,2,0,0,0,2025-01-10T00:00:00.000Z,-43.327885630000,-21.762179390000,"Rua Natalino José de Paula, 288"
412,PARQUE BURNIER.,10072358,11:15:00,1,0,0,0,2025-01-10T00:00:00.000Z,-43.328687310000,-21.761675740000,"Rua Natalino José de Paula, 112 - Ponto Final do Parque Burnier"
412,PARQUE BURNIER.,10072382,11:15:00,11,2,0,9,2025-01-10T00:00:00.000Z,-43.332369450000,-21.762522520000,"Rua Olga Burnier, 361"
412,PARQUE BURNIER.,10072302,11:15:00,15,0,2,9,2025-01-10T00:00:00.000Z,-43.338029500000,-21.760323850000,"Avenida Sete de Setembro, 623"
412,PARQUE BURNIER.,10072356,11:35:00,17,0,0,0,2025-01-10T00:00:00.000Z,-43.327793950000,-21.762107030000,"Rua Natalino José de Paula, 271"
412,PARQUE BURNIER.,10072375,11:35:00,16,0,0,0,2025-01-10T00:00:00.000Z,-43.327420830000,-21.762727850000,"Rua Natalino José de Paula, 319"
412,PARQUE BURNIER.,10071503,11:35:00,15,0,0,0,2025-01-10T00:00:00.000Z,-43.326207040000,-21.762717810000,"Rua Natalino José de Paula, 421"
412,PARQUE BURNIER.,10072328,11:35:00,13,0,0,0,2025-01-10T00:00:00.000Z,-43.326450350000,-21.763683320000,"Rua Adelaide Campos de Resende, 669"
412,PARQUE BURNIER.,10072377,11:35:00,12,0,0,0,2025-01-10T00:00:00.000Z,-43.327321890000,-21.764062650000,"Rua José Teodoro dos Santos, 25"
412,PARQUE BURNIER.,10072316,11:35:00,11,0,0,0,2025-01-10T00:00:00.000Z,-43.328204750000,-21.763332370000,"Rua José Teodoro dos Santos, 145"
412,PARQUE BURNIER.,10072296,11:35:00,9,0,3,0,2025-01-10T00:00:00.000Z,-43.329374790000,-21.763440430000,"Rua Adelaide Campos de Resende, 975"
412,PARQUE BURNIER.,10072301,11:35:00,8,0,0,3,2025-01-10T00:00:00.000Z,-43.330138330000,-21.763252970000,"Rua Adelaide Campos de Resende, 1061"
412,PARQUE BURNIER.,10073561,11:35:00,7,0,0,3,2025-01-10T00:00:00.000Z,-43.331552510000,-21.763418910000,"Rua Olga Burnier, 480"
412,PARQUE BURNIER.,10073560,11:35:00,5,0,0,3,2025-01-10T00:00:00.000Z,-43.333589670000,-21.761652280000,"Rua Olga Burnier, 230"
412,PARQUE BURNIER.,10073558,11:35:00,4,0,0,3,2025-01-10T00:00:00.000Z,-43.334645750000,-21.760669710000,"Rua Olga Burnier, 70"
412,PARQUE BURNIER.,10073552,11:35:00,3,0,0,3,2025-01-10T00:00:00.000Z,-43.335479020000,-21.760313550000,"Rua São Geraldo, 84"
412,PARQUE BURNIER.,10072305,11:35:00,2,0,1,3,2025-01-10T00:00:00.000Z,-43.337478970000,-21.760922950000,"Rua Djalma de Carvalho, 37"
412,PARQUE BURNIER.,10071108,11:35:00,1,4,0,4,2025-01-10T00:00:00.000Z,-43.349331860000,-21.758144610000,"Avenida Getúlio Vargas, 835"
412,PARQUE BURNIER.,10073557,11:35:00,6,0,0,3,2025-01-10T00:00:00.000Z,-43.332479840000,-21.762640710000,"Rua Olga Burnier, 356"
412,PARQUE BURNIER.,10072313,11:35:00,10,0,0,0,2025-01-10T00:00:00.000Z,-43.328846690000,-21.762504770000,"Rua José Teodoro dos Santos, 275"
412,PARQUE BURNIER.,10072358,11:35:00,18,5,0,5,2025-01-10T00:00:00.000Z,-43.328687310000,-21.761675740000,"Rua Natalino José de Paula, 112 - Ponto Final do Parque Burnier"
412,PARQUE BURNIER.,10072359,11:35:00,14,0,0,0,2025-01-10T00:00:00.000Z,-43.326282500000,-21.763143540000,"Rua Adelaide Campos de Resende, 651"
412,PARQUE BURNIER.,10071108,12:10:00,17,0,13,0,2025-01-10T00:00:00.000Z,-43.349331860000,-21.758144610000,"Avenida Getúlio Vargas, 835"
412,PARQUE BURNIER.,10072302,12:10:00,15,1,2,9,2025-01-10T00:00:00.000Z,-43.338029500000,-21.760323850000,"Avenida Sete de Setembro, 623"
412,PARQUE BURNIER.,10072332,12:10:00,14,0,0,10,2025-01-10T00:00:00.000Z,-43.335533860000,-21.760131640000,"Rua São Geraldo, 89"
412,PARQUE BURNIER.,10072337,12:10:00,13,0,0,10,2025-01-10T00:00:00.000Z,-43.334540130000,-21.760522960000,"Rua Olga Burnier, 67"
412,PARQUE BURNIER.,10072382,12:10:00,11,0,0,8,2025-01-10T00:00:00.000Z,-43.332369450000,-21.762522520000,"Rua Olga Burnier, 361"
412,PARQUE BURNIER.,10072380,12:10:00,10,0,1,8,2025-01-10T00:00:00.000Z,-43.331466790000,-21.763337580000,"Rua Olga Burnier, 485"
412,PARQUE BURNIER.,10073583,12:10:00,9,0,0,9,2025-01-10T00:00:00.000Z,-43.330207820000,-21.763072230000,"Rua Adelaide Campos de Resende, 1070"
412,PARQUE BURNIER.,10072386,12:10:00,7,1,0,7,2025-01-10T00:00:00.000Z,-43.328850270000,-21.762325320000,"Rua José Teodoro dos Santos, 292"
412,PARQUE BURNIER.,10072384,12:10:00,6,1,0,6,2025-01-10T00:00:00.000Z,-43.327999480000,-21.763301540000,"Rua José Teodoro dos Santos, 126"
412,PARQUE BURNIER.,10072309,12:10:00,5,1,0,5,2025-01-10T00:00:00.000Z,-43.327273730000,-21.763967940000,"Rua José Teodoro dos Santos, 28"
412,PARQUE BURNIER.,10073589,12:10:00,4,2,0,4,2025-01-10T00:00:00.000Z,-43.326568960000,-21.763629600000,"Rua Adelaide Campos de Resende, 706"
412,PARQUE BURNIER.,10072362,12:10:00,3,1,1,2,2025-01-10T00:00:00.000Z,-43.327527760000,-21.762798310000,"Rua Natalino José de Paula, 310"
412,PARQUE BURNIER.,10072363,12:10:00,2,2,0,2,2025-01-10T00:00:00.000Z,-43.327885630000,-21.762179390000,"Rua Natalino José de Paula, 288"
412,PARQUE BURNIER.,10072358,12:10:00,1,0,0,0,2025-01-10T00:00:00.000Z,-43.328687310000,-21.761675740000,"Rua Natalino José de Paula, 112 - Ponto Final do Parque Burnier"
412,PARQUE BURNIER.,10072335,12:10:00,12,2,0,10,2025-01-10T00:00:00.000Z,-43.333453420000,-21.761562350000,"Rua Olga Burnier, 233"
412,PARQUE BURNIER.,10073584,12:10:00,8,2,0,9,2025-01-10T00:00:00.000Z,-43.329363350000,-21.763255450000,"Rua Adelaide Campos de Resende, 984"
412,PARQUE BURNIER.,10074194,12:10:00,16,8,4,13,2025-01-10T00:00:00.000Z,-43.342338620000,-21.760505960000,"Rua Ângelo Falci, 55"
412,PARQUE BURNIER.,10072358,12:30:00,18,3,0,13,2025-01-10T00:00:00.000Z,-43.328687310000,-21.761675740000,"Rua Natalino José de Paula, 112 - Ponto Final do Parque Burnier"
412,PARQUE BURNIER.,10072356,12:30:00,17,0,0,10,2025-01-10T00:00:00.000Z,-43.327793950000,-21.762107030000,"Rua Natalino José de Paula, 271"
412,PARQUE BURNIER.,10072375,12:30:00,16,0,0,10,2025-01-10T00:00:00.000Z,-43.327420830000,-21.762727850000,"Rua Natalino José de Paula, 319"
412,PARQUE BURNIER.,10072359,12:30:00,14,0,0,10,2025-01-10T00:00:00.000Z,-43.326282500000,-21.763143540000,"Rua Adelaide Campos de Resende, 651"
412,PARQUE BURNIER.,10072328,12:30:00,13,0,0,10,2025-01-10T00:00:00.000Z,-43.326450350000,-21.763683320000,"Rua Adelaide Campos de Resende, 669"
412,PARQUE BURNIER.,10072377,12:30:00,12,0,0,10,2025-01-10T00:00:00.000Z,-43.327321890000,-21.764062650000,"Rua José Teodoro dos Santos, 25"
412,PARQUE BURNIER.,10072313,12:30:00,10,0,1,11,2025-01-10T00:00:00.000Z,-43.328846690000,-21.762504770000,"Rua José Teodoro dos Santos, 275"
412,PARQUE BURNIER.,10072296,12:30:00,9,0,2,12,2025-01-10T00:00:00.000Z,-43.329374790000,-21.763440430000,"Rua Adelaide Campos de Resende, 975"
412,PARQUE BURNIER.,10072301,12:30:00,8,0,0,14,2025-01-10T00:00:00.000Z,-43.330138330000,-21.763252970000,"Rua Adelaide Campos de Resende, 1061"
412,PARQUE BURNIER.,10073557,12:30:00,6,0,0,14,2025-01-10T00:00:00.000Z,-43.332479840000,-21.762640710000,"Rua Olga Burnier, 356"
412,PARQUE BURNIER.,10073560,12:30:00,5,0,0,14,2025-01-10T00:00:00.000Z,-43.333589670000,-21.761652280000,"Rua Olga Burnier, 230"
412,PARQUE BURNIER.,10073558,12:30:00,4,0,0,14,2025-01-10T00:00:00.000Z,-43.334645750000,-21.760669710000,"Rua Olga Burnier, 70"
412,PARQUE BURNIER.,10073552,12:30:00,3,0,1,14,2025-01-10T00:00:00.000Z,-43.335479020000,-21.760313550000,"Rua São Geraldo, 84"
412,PARQUE BURNIER.,10072305,12:30:00,2,1,0,15,2025-01-10T00:00:00.000Z,-43.337478970000,-21.760922950000,"Rua Djalma de Carvalho, 37"
412,PARQUE BURNIER.,10071108,12:30:00,1,14,0,14,2025-01-10T00:00:00.000Z,-43.349331860000,-21.758144610000,"Avenida Getúlio Vargas, 835"
412,PARQUE BURNIER.,10073561,12:30:00,7,0,0,14,2025-01-10T00:00:00.000Z,-43.331552510000,-21.763418910000,"Rua Olga Burnier, 480"
412,PARQUE BURNIER.,10071503,12:30:00,15,0,0,10,2025-01-10T00:00:00.000Z,-43.326207040000,-21.762717810000,"Rua Natalino José de Paula, 421"
412,PARQUE BURNIER.,10072316,12:30:00,11,0,1,10,2025-01-10T00:00:00.000Z,-43.328204750000,-21.763332370000,"Rua José Teodoro dos Santos, 145"
412,PARQUE BURNIER.,10071108,13:05:00,17,0,30,0,2025-01-10T00:00:00.000Z,-43.349331860000,-21.758144610000,"Avenida Getúlio Vargas, 835"
412,PARQUE BURNIER.,10074194,13:05:00,16,11,1,30,2025-01-10T00:00:00.000Z,-43.342338620000,-21.760505960000,"Rua Ângelo Falci, 55"
412,PARQUE BURNIER.,10072302,13:05:00,15,0,0,20,2025-01-10T00:00:00.000Z,-43.338029500000,-21.760323850000,"Avenida Sete de Setembro, 623"
412,PARQUE BURNIER.,10072332,13:05:00,14,0,0,20,2025-01-10T00:00:00.000Z,-43.335533860000,-21.760131640000,"Rua São Geraldo, 89"
412,PARQUE BURNIER.,10072335,13:05:00,12,0,0,20,2025-01-10T00:00:00.000Z,-43.333453420000,-21.761562350000,"Rua Olga Burnier, 233"
412,PARQUE BURNIER.,10072382,13:05:00,11,3,0,20,2025-01-10T00:00:00.000Z,-43.332369450000,-21.762522520000,"Rua Olga Burnier, 361"
412,PARQUE BURNIER.,10072380,13:05:00,10,0,0,17,2025-01-10T00:00:00.000Z,-43.331466790000,-21.763337580000,"Rua Olga Burnier, 485"
412,PARQUE BURNIER.,10073584,13:05:00,8,3,1,17,2025-01-10T00:00:00.000Z,-43.329363350000,-21.763255450000,"Rua Adelaide Campos de Resende, 984"
412,PARQUE BURNIER.,10072386,13:05:00,7,2,0,15,2025-01-10T00:00:00.000Z,-43.328850270000,-21.762325320000,"Rua José Teodoro dos Santos, 292"
412,PARQUE BURNIER.,10072384,13:05:00,6,1,0,13,2025-01-10T00:00:00.000Z,-43.327999480000,-21.763301540000,"Rua José Teodoro dos Santos, 126"
412,PARQUE BURNIER.,10072309,13:05:00,5,1,0,12,2025-01-10T00:00:00.000Z,-43.327273730000,-21.763967940000,"Rua José Teodoro dos Santos, 28"
412,PARQUE BURNIER.,10073589,13:05:00,4,3,0,11,2025-01-10T00:00:00.000Z,-43.326568960000,-21.763629600000,"Rua Adelaide Campos de Resende, 706"
412,PARQUE BURNIER.,10072362,13:05:00,3,5,0,8,2025-01-10T00:00:00.000Z,-43.327527760000,-21.762798310000,"Rua Natalino José de Paula, 310"
412,PARQUE BURNIER.,10072363,13:05:00,2,3,0,3,2025-01-10T00:00:00.000Z,-43.327885630000,-21.762179390000,"Rua Natalino José de Paula, 288"
412,PARQUE BURNIER.,10072358,13:05:00,1,0,0,0,2025-01-10T00:00:00.000Z,-43.328687310000,-21.761675740000,"Rua Natalino José de Paula, 112 - Ponto Final do Parque Burnier"
412,PARQUE BURNIER.,10073583,13:05:00,9,0,0,17,2025-01-10T00:00:00.000Z,-43.330207820000,-21.763072230000,"Rua Adelaide Campos de Resende, 1070"
412,PARQUE BURNIER.,10072337,13:05:00,13,0,0,20,2025-01-10T00:00:00.000Z,-43.334540130000,-21.760522960000,"Rua Olga Burnier, 67"
412,PARQUE BURNIER.,10072301,13:25:00,8,0,0,14,2025-01-10T00:00:00.000Z,-43.330138330000,-21.763252970000,"Rua Adelaide Campos de Resende, 1061"
412,PARQUE BURNIER.,10072377,13:25:00,12,1,2,16,2025-01-10T00:00:00.000Z,-43.327321890000,-21.764062650000,"Rua José Teodoro dos Santos, 25"
412,PARQUE BURNIER.,10072375,13:25:00,16,2,0,2,2025-01-10T00:00:00.000Z,-43.327420830000,-21.762727850000,"Rua Natalino José de Paula, 319"
412,PARQUE BURNIER.,10072358,13:25:00,18,1,0,3,2025-01-10T00:00:00.000Z,-43.328687310000,-21.761675740000,"Rua Natalino José de Paula, 112 - Ponto Final do Parque Burnier"
412,PARQUE BURNIER.,10072356,13:25:00,17,2,2,2,2025-01-10T00:00:00.000Z,-43.327793950000,-21.762107030000,"Rua Natalino José de Paula, 271"
412,PARQUE BURNIER.,10071503,13:25:00,15,0,0,0,2025-01-10T00:00:00.000Z,-43.326207040000,-21.762717810000,"Rua Natalino José de Paula, 421"
412,PARQUE BURNIER.,10072359,13:25:00,14,0,6,0,2025-01-10T00:00:00.000Z,-43.326282500000,-21.763143540000,"Rua Adelaide Campos de Resende, 651"
412,PARQUE BURNIER.,10072328,13:25:00,13,2,12,6,2025-01-10T00:00:00.000Z,-43.326450350000,-21.763683320000,"Rua Adelaide Campos de Resende, 669"
412,PARQUE BURNIER.,10072316,13:25:00,11,2,1,17,2025-01-10T00:00:00.000Z,-43.328204750000,-21.763332370000,"Rua José Teodoro dos Santos, 145"
412,PARQUE BURNIER.,10072313,13:25:00,10,2,2,16,2025-01-10T00:00:00.000Z,-43.328846690000,-21.762504770000,"Rua José Teodoro dos Santos, 275"
412,PARQUE BURNIER.,10072296,13:25:00,9,5,3,16,2025-01-10T00:00:00.000Z,-43.329374790000,-21.763440430000,"Rua Adelaide Campos de Resende, 975"
412,PARQUE BURNIER.,10073561,13:25:00,7,0,0,14,2025-01-10T00:00:00.000Z,-43.331552510000,-21.763418910000,"Rua Olga Burnier, 480"
412,PARQUE BURNIER.,10073557,13:25:00,6,1,1,14,2025-01-10T00:00:00.000Z,-43.332479840000,-21.762640710000,"Rua Olga Burnier, 356"
412,PARQUE BURNIER.,10073560,13:25:00,5,0,0,14,2025-01-10T00:00:00.000Z,-43.333589670000,-21.761652280000,"Rua Olga Burnier, 230"
412,PARQUE BURNIER.,10073558,13:25:00,4,0,0,14,2025-01-10T00:00:00.000Z,-43.334645750000,-21.760669710000,"Rua Olga Burnier, 70"
412,PARQUE BURNIER.,10073552,13:25:00,3,0,1,14,2025-01-10T00:00:00.000Z,-43.335479020000,-21.760313550000,"Rua São Geraldo, 84"
412,PARQUE BURNIER.,10072305,13:25:00,2,3,2,15,2025-01-10T00:00:00.000Z,-43.337478970000,-21.760922950000,"Rua Djalma de Carvalho, 37"
412,PARQUE BURNIER.,10071108,13:25:00,1,14,0,14,2025-01-10T00:00:00.000Z,-43.349331860000,-21.758144610000,"Avenida Getúlio Vargas, 835"
412,PARQUE BURNIER.,10072359,15:15:00,14,0,0,42,2025-01-10T00:00:00.000Z,-43.326282500000,-21.763143540000,"Rua Adelaide Campos de Resende, 651"
412,PARQUE BURNIER.,10072313,15:15:00,10,0,0,43,2025-01-10T00:00:00.000Z,-43.328846690000,-21.762504770000,"Rua José Teodoro dos Santos, 275"
412,PARQUE BURNIER.,10072358,15:15:00,18,1,0,40,2025-01-10T00:00:00.000Z,-43.328687310000,-21.761675740000,"Rua Natalino José de Paula, 112 - Ponto Final do Parque Burnier"
412,PARQUE BURNIER.,10072356,15:15:00,17,0,0,39,2025-01-10T00:00:00.000Z,-43.327793950000,-21.762107030000,"Rua Natalino José de Paula, 271"
412,PARQUE BURNIER.,10072375,15:15:00,16,0,0,39,2025-01-10T00:00:00.000Z,-43.327420830000,-21.762727850000,"Rua Natalino José de Paula, 319"
412,PARQUE BURNIER.,10071503,15:15:00,15,1,4,39,2025-01-10T00:00:00.000Z,-43.326207040000,-21.762717810000,"Rua Natalino José de Paula, 421"
412,PARQUE BURNIER.,10072328,15:15:00,13,0,0,42,2025-01-10T00:00:00.000Z,-43.326450350000,-21.763683320000,"Rua Adelaide Campos de Resende, 669"
412,PARQUE BURNIER.,10072377,15:15:00,12,0,1,42,2025-01-10T00:00:00.000Z,-43.327321890000,-21.764062650000,"Rua José Teodoro dos Santos, 25"
412,PARQUE BURNIER.,10072316,15:15:00,11,0,0,43,2025-01-10T00:00:00.000Z,-43.328204750000,-21.763332370000,"Rua José Teodoro dos Santos, 145"
412,PARQUE BURNIER.,10072296,15:15:00,9,0,4,43,2025-01-10T00:00:00.000Z,-43.329374790000,-21.763440430000,"Rua Adelaide Campos de Resende, 975"
412,PARQUE BURNIER.,10072301,15:15:00,8,0,2,47,2025-01-10T00:00:00.000Z,-43.330138330000,-21.763252970000,"Rua Adelaide Campos de Resende, 1061"
412,PARQUE BURNIER.,10073561,15:15:00,7,1,1,49,2025-01-10T00:00:00.000Z,-43.331552510000,-21.763418910000,"Rua Olga Burnier, 480"
412,PARQUE BURNIER.,10073557,15:15:00,6,0,0,49,2025-01-10T00:00:00.000Z,-43.332479840000,-21.762640710000,"Rua Olga Burnier, 356"
412,PARQUE BURNIER.,10073560,15:15:00,5,0,2,49,2025-01-10T00:00:00.000Z,-43.333589670000,-21.761652280000,"Rua Olga Burnier, 230"
412,PARQUE BURNIER.,10073558,15:15:00,4,0,1,51,2025-01-10T00:00:00.000Z,-43.334645750000,-21.760669710000,"Rua Olga Burnier, 70"
412,PARQUE BURNIER.,10073552,15:15:00,3,0,3,52,2025-01-10T00:00:00.000Z,-43.335479020000,-21.760313550000,"Rua São Geraldo, 84"
412,PARQUE BURNIER.,10072305,15:15:00,2,12,1,55,2025-01-10T00:00:00.000Z,-43.337478970000,-21.760922950000,"Rua Djalma de Carvalho, 37"
412,PARQUE BURNIER.,10071108,15:15:00,1,44,0,44,2025-01-10T00:00:00.000Z,-43.349331860000,-21.758144610000,"Avenida Getúlio Vargas, 835"
412,PARQUE BURNIER.,10072335,15:50:00,12,0,0,8,2025-01-10T00:00:00.000Z,-43.333453420000,-21.761562350000,"Rua Olga Burnier, 233"
412,PARQUE BURNIER.,10074194,15:50:00,16,14,0,22,2025-01-10T00:00:00.000Z,-43.342338620000,-21.760505960000,"Rua Ângelo Falci, 55"
412,PARQUE BURNIER.,10071108,15:50:00,17,0,1,21,2025-01-10T00:00:00.000Z,-43.349331860000,-21.758144610000,"Avenida Getúlio Vargas, 835"
412,PARQUE BURNIER.,10072302,15:50:00,15,1,1,8,2025-01-10T00:00:00.000Z,-43.338029500000,-21.760323850000,"Avenida Sete de Setembro, 623"
412,PARQUE BURNIER.,10072332,15:50:00,14,0,0,8,2025-01-10T00:00:00.000Z,-43.335533860000,-21.760131640000,"Rua São Geraldo, 89"
412,PARQUE BURNIER.,10072337,15:50:00,13,0,0,8,2025-01-10T00:00:00.000Z,-43.334540130000,-21.760522960000,"Rua Olga Burnier, 67"
412,PARQUE BURNIER.,10072382,15:50:00,11,0,0,8,2025-01-10T00:00:00.000Z,-43.332369450000,-21.762522520000,"Rua Olga Burnier, 361"
412,PARQUE BURNIER.,10072380,15:50:00,10,0,0,8,2025-01-10T00:00:00.000Z,-43.331466790000,-21.763337580000,"Rua Olga Burnier, 485"
412,PARQUE BURNIER.,10073583,15:50:00,9,0,0,8,2025-01-10T00:00:00.000Z,-43.330207820000,-21.763072230000,"Rua Adelaide Campos de Resende, 1070"
412,PARQUE BURNIER.,10073584,15:50:00,8,1,0,8,2025-01-10T00:00:00.000Z,-43.329363350000,-21.763255450000,"Rua Adelaide Campos de Resende, 984"
412,PARQUE BURNIER.,10072386,15:50:00,7,0,0,7,2025-01-10T00:00:00.000Z,-43.328850270000,-21.762325320000,"Rua José Teodoro dos Santos, 292"
412,PARQUE BURNIER.,10072384,15:50:00,6,0,0,7,2025-01-10T00:00:00.000Z,-43.327999480000,-21.763301540000,"Rua José Teodoro dos Santos, 126"
412,PARQUE BURNIER.,10072309,15:50:00,5,0,0,7,2025-01-10T00:00:00.000Z,-43.327273730000,-21.763967940000,"Rua José Teodoro dos Santos, 28"
412,PARQUE BURNIER.,10073589,15:50:00,4,6,0,7,2025-01-10T00:00:00.000Z,-43.326568960000,-21.763629600000,"Rua Adelaide Campos de Resende, 706"
412,PARQUE BURNIER.,10072362,15:50:00,3,0,0,1,2025-01-10T00:00:00.000Z,-43.327527760000,-21.762798310000,"Rua Natalino José de Paula, 310"
412,PARQUE BURNIER.,10072363,15:50:00,2,1,0,1,2025-01-10T00:00:00.000Z,-43.327885630000,-21.762179390000,"Rua Natalino José de Paula, 288"
412,PARQUE BURNIER.,10072358,15:50:00,1,0,0,0,2025-01-10T00:00:00.000Z,-43.328687310000,-21.761675740000,"Rua Natalino José de Paula, 112 - Ponto Final do Parque Burnier"
412,PARQUE BURNIER.,10073561,16:10:00,7,1,0,19,2025-01-10T00:00:00.000Z,-43.331552510000,-21.763418910000,"Rua Olga Burnier, 480"
412,PARQUE BURNIER.,10072316,16:10:00,11,0,0,15,2025-01-10T00:00:00.000Z,-43.328204750000,-21.763332370000,"Rua José Teodoro dos Santos, 145"
412,PARQUE BURNIER.,10071503,16:10:00,15,0,2,8,2025-01-10T00:00:00.000Z,-43.326207040000,-21.762717810000,"Rua Natalino José de Paula, 421"
412,PARQUE BURNIER.,10072358,16:10:00,18,1,0,9,2025-01-10T00:00:00.000Z,-43.328687310000,-21.761675740000,"Rua Natalino José de Paula, 112 - Ponto Final do Parque Burnier"
412,PARQUE BURNIER.,10072356,16:10:00,17,1,0,8,2025-01-10T00:00:00.000Z,-43.327793950000,-21.762107030000,"Rua Natalino José de Paula, 271"
412,PARQUE BURNIER.,10072375,16:10:00,16,0,1,7,2025-01-10T00:00:00.000Z,-43.327420830000,-21.762727850000,"Rua Natalino José de Paula, 319"
412,PARQUE BURNIER.,10072359,16:10:00,14,0,2,10,2025-01-10T00:00:00.000Z,-43.326282500000,-21.763143540000,"Rua Adelaide Campos de Resende, 651"
412,PARQUE BURNIER.,10072328,16:10:00,13,0,2,12,2025-01-10T00:00:00.000Z,-43.326450350000,-21.763683320000,"Rua Adelaide Campos de Resende, 669"
412,PARQUE BURNIER.,10072377,16:10:00,12,0,1,14,2025-01-10T00:00:00.000Z,-43.327321890000,-21.764062650000,"Rua José Teodoro dos Santos, 25"
412,PARQUE BURNIER.,10072313,16:10:00,10,0,1,15,2025-01-10T00:00:00.000Z,-43.328846690000,-21.762504770000,"Rua José Teodoro dos Santos, 275"
412,PARQUE BURNIER.,10072296,16:10:00,9,0,2,16,2025-01-10T00:00:00.000Z,-43.329374790000,-21.763440430000,"Rua Adelaide Campos de Resende, 975"
412,PARQUE BURNIER.,10072301,16:10:00,8,0,1,18,2025-01-10T00:00:00.000Z,-43.330138330000,-21.763252970000,"Rua Adelaide Campos de Resende, 1061"
412,PARQUE BURNIER.,10073557,16:10:00,6,0,2,18,2025-01-10T00:00:00.000Z,-43.332479840000,-21.762640710000,"Rua Olga Burnier, 356"
412,PARQUE BURNIER.,10073560,16:10:00,5,0,1,20,2025-01-10T00:00:00.000Z,-43.333589670000,-21.761652280000,"Rua Olga Burnier, 230"
412,PARQUE BURNIER.,10073558,16:10:00,4,0,1,21,2025-01-10T00:00:00.000Z,-43.334645750000,-21.760669710000,"Rua Olga Burnier, 70"
412,PARQUE BURNIER.,10073552,16:10:00,3,0,1,22,2025-01-10T00:00:00.000Z,-43.335479020000,-21.760313550000,"Rua São Geraldo, 84"
412,PARQUE BURNIER.,10072305,16:10:00,2,2,0,23,2025-01-10T00:00:00.000Z,-43.337478970000,-21.760922950000,"Rua Djalma de Carvalho, 37"
412,PARQUE BURNIER.,10071108,16:10:00,1,21,0,21,2025-01-10T00:00:00.000Z,-43.349331860000,-21.758144610000,"Avenida Getúlio Vargas, 835"
412,PARQUE BURNIER.,10073583,16:45:00,9,0,0,10,2025-01-10T00:00:00.000Z,-43.330207820000,-21.763072230000,"Rua Adelaide Campos de Resende, 1070"
412,PARQUE BURNIER.,10074194,16:45:00,16,10,2,19,2025-01-10T00:00:00.000Z,-43.342338620000,-21.760505960000,"Rua Ângelo Falci, 55"
412,PARQUE BURNIER.,10072302,16:45:00,15,1,1,11,2025-01-10T00:00:00.000Z,-43.338029500000,-21.760323850000,"Avenida Sete de Setembro, 623"
412,PARQUE BURNIER.,10072332,16:45:00,14,0,0,11,2025-01-10T00:00:00.000Z,-43.335533860000,-21.760131640000,"Rua São Geraldo, 89"
412,PARQUE BURNIER.,10072335,16:45:00,12,0,0,11,2025-01-10T00:00:00.000Z,-43.333453420000,-21.761562350000,"Rua Olga Burnier, 233"
412,PARQUE BURNIER.,10072382,16:45:00,11,1,0,11,2025-01-10T00:00:00.000Z,-43.332369450000,-21.762522520000,"Rua Olga Burnier, 361"
412,PARQUE BURNIER.,10072380,16:45:00,10,0,0,10,2025-01-10T00:00:00.000Z,-43.331466790000,-21.763337580000,"Rua Olga Burnier, 485"
412,PARQUE BURNIER.,10073584,16:45:00,8,1,0,10,2025-01-10T00:00:00.000Z,-43.329363350000,-21.763255450000,"Rua Adelaide Campos de Resende, 984"
412,PARQUE BURNIER.,10072386,16:45:00,7,2,0,9,2025-01-10T00:00:00.000Z,-43.328850270000,-21.762325320000,"Rua José Teodoro dos Santos, 292"
412,PARQUE BURNIER.,10072384,16:45:00,6,0,0,7,2025-01-10T00:00:00.000Z,-43.327999480000,-21.763301540000,"Rua José Teodoro dos Santos, 126"
412,PARQUE BURNIER.,10072309,16:45:00,5,3,0,7,2025-01-10T00:00:00.000Z,-43.327273730000,-21.763967940000,"Rua José Teodoro dos Santos, 28"
412,PARQUE BURNIER.,10073589,16:45:00,4,2,0,4,2025-01-10T00:00:00.000Z,-43.326568960000,-21.763629600000,"Rua Adelaide Campos de Resende, 706"
412,PARQUE BURNIER.,10072362,16:45:00,3,2,0,2,2025-01-10T00:00:00.000Z,-43.327527760000,-21.762798310000,"Rua Natalino José de Paula, 310"
412,PARQUE BURNIER.,10072363,16:45:00,2,0,0,0,2025-01-10T00:00:00.000Z,-43.327885630000,-21.762179390000,"Rua Natalino José de Paula, 288"
412,PARQUE BURNIER.,10072358,16:45:00,1,0,0,0,2025-01-10T00:00:00.000Z,-43.328687310000,-21.761675740000,"Rua Natalino José de Paula, 112 - Ponto Final do Parque Burnier"
412,PARQUE BURNIER.,10072337,16:45:00,13,0,0,11,2025-01-10T00:00:00.000Z,-43.334540130000,-21.760522960000,"Rua Olga Burnier, 67"
412,PARQUE BURNIER.,10071108,16:45:00,17,0,1,18,2025-01-10T00:00:00.000Z,-43.349331860000,-21.758144610000,"Avenida Getúlio Vargas, 835"
412,PARQUE BURNIER.,10072358,17:05:00,18,3,0,12,2025-01-10T00:00:00.000Z,-43.328687310000,-21.761675740000,"Rua Natalino José de Paula, 112 - Ponto Final do Parque Burnier"
412,PARQUE BURNIER.,10072356,17:05:00,17,1,0,9,2025-01-10T00:00:00.000Z,-43.327793950000,-21.762107030000,"Rua Natalino José de Paula, 271"
412,PARQUE BURNIER.,10071503,17:05:00,15,0,1,9,2025-01-10T00:00:00.000Z,-43.326207040000,-21.762717810000,"Rua Natalino José de Paula, 421"
412,PARQUE BURNIER.,10072359,17:05:00,14,0,1,10,2025-01-10T00:00:00.000Z,-43.326282500000,-21.763143540000,"Rua Adelaide Campos de Resende, 651"
412,PARQUE BURNIER.,10072328,17:05:00,13,0,1,11,2025-01-10T00:00:00.000Z,-43.326450350000,-21.763683320000,"Rua Adelaide Campos de Resende, 669"
412,PARQUE BURNIER.,10072316,17:05:00,11,0,1,12,2025-01-10T00:00:00.000Z,-43.328204750000,-21.763332370000,"Rua José Teodoro dos Santos, 145"
412,PARQUE BURNIER.,10072313,17:05:00,10,0,1,13,2025-01-10T00:00:00.000Z,-43.328846690000,-21.762504770000,"Rua José Teodoro dos Santos, 275"
412,PARQUE BURNIER.,10072296,17:05:00,9,0,3,14,2025-01-10T00:00:00.000Z,-43.329374790000,-21.763440430000,"Rua Adelaide Campos de Resende, 975"
412,PARQUE BURNIER.,10073561,17:05:00,7,0,0,17,2025-01-10T00:00:00.000Z,-43.331552510000,-21.763418910000,"Rua Olga Burnier, 480"
412,PARQUE BURNIER.,10073557,17:05:00,6,0,0,17,2025-01-10T00:00:00.000Z,-43.332479840000,-21.762640710000,"Rua Olga Burnier, 356"
412,PARQUE BURNIER.,10073560,17:05:00,5,0,0,17,2025-01-10T00:00:00.000Z,-43.333589670000,-21.761652280000,"Rua Olga Burnier, 230"
412,PARQUE BURNIER.,10073558,17:05:00,4,0,0,17,2025-01-10T00:00:00.000Z,-43.334645750000,-21.760669710000,"Rua Olga Burnier, 70"
412,PARQUE BURNIER.,10073552,17:05:00,3,0,0,17,2025-01-10T00:00:00.000Z,-43.335479020000,-21.760313550000,"Rua São Geraldo, 84"
412,PARQUE BURNIER.,10072305,17:05:00,2,3,2,17,2025-01-10T00:00:00.000Z,-43.337478970000,-21.760922950000,"Rua Djalma de Carvalho, 37"
412,PARQUE BURNIER.,10071108,17:05:00,1,16,0,16,2025-01-10T00:00:00.000Z,-43.349331860000,-21.758144610000,"Avenida Getúlio Vargas, 835"
412,PARQUE BURNIER.,10072377,17:05:00,12,0,0,12,2025-01-10T00:00:00.000Z,-43.327321890000,-21.764062650000,"Rua José Teodoro dos Santos, 25"
412,PARQUE BURNIER.,10072375,17:05:00,16,0,1,8,2025-01-10T00:00:00.000Z,-43.327420830000,-21.762727850000,"Rua Natalino José de Paula, 319"
412,PARQUE BURNIER.,10072301,17:05:00,8,0,0,17,2025-01-10T00:00:00.000Z,-43.330138330000,-21.763252970000,"Rua Adelaide Campos de Resende, 1061"
412,PARQUE BURNIER.,10071108,17:40:00,17,0,12,0,2025-01-10T00:00:00.000Z,-43.349331860000,-21.758144610000,"Avenida Getúlio Vargas, 835"
412,PARQUE BURNIER.,10074194,17:40:00,16,11,1,12,2025-01-10T00:00:00.000Z,-43.342338620000,-21.760505960000,"Rua Ângelo Falci, 55"
412,PARQUE BURNIER.,10072302,17:40:00,15,0,1,2,2025-01-10T00:00:00.000Z,-43.338029500000,-21.760323850000,"Avenida Sete de Setembro, 623"
412,PARQUE BURNIER.,10072337,17:40:00,13,0,0,3,2025-01-10T00:00:00.000Z,-43.334540130000,-21.760522960000,"Rua Olga Burnier, 67"
412,PARQUE BURNIER.,10072335,17:40:00,12,0,0,3,2025-01-10T00:00:00.000Z,-43.333453420000,-21.761562350000,"Rua Olga Burnier, 233"
412,PARQUE BURNIER.,10072382,17:40:00,11,0,0,3,2025-01-10T00:00:00.000Z,-43.332369450000,-21.762522520000,"Rua Olga Burnier, 361"
412,PARQUE BURNIER.,10073583,17:40:00,9,0,1,3,2025-01-10T00:00:00.000Z,-43.330207820000,-21.763072230000,"Rua Adelaide Campos de Resende, 1070"
412,PARQUE BURNIER.,10073584,17:40:00,8,0,0,4,2025-01-10T00:00:00.000Z,-43.329363350000,-21.763255450000,"Rua Adelaide Campos de Resende, 984"
412,PARQUE BURNIER.,10072386,17:40:00,7,3,0,4,2025-01-10T00:00:00.000Z,-43.328850270000,-21.762325320000,"Rua José Teodoro dos Santos, 292"
412,PARQUE BURNIER.,10072384,17:40:00,6,0,0,1,2025-01-10T00:00:00.000Z,-43.327999480000,-21.763301540000,"Rua José Teodoro dos Santos, 126"
412,PARQUE BURNIER.,10072309,17:40:00,5,0,0,1,2025-01-10T00:00:00.000Z,-43.327273730000,-21.763967940000,"Rua José Teodoro dos Santos, 28"
412,PARQUE BURNIER.,10073589,17:40:00,4,1,0,1,2025-01-10T00:00:00.000Z,-43.326568960000,-21.763629600000,"Rua Adelaide Campos de Resende, 706"
412,PARQUE BURNIER.,10072362,17:40:00,3,0,0,0,2025-01-10T00:00:00.000Z,-43.327527760000,-21.762798310000,"Rua Natalino José de Paula, 310"
412,PARQUE BURNIER.,10072363,17:40:00,2,0,0,0,2025-01-10T00:00:00.000Z,-43.327885630000,-21.762179390000,"Rua Natalino José de Paula, 288"
412,PARQUE BURNIER.,10072358,17:40:00,1,0,0,0,2025-01-10T00:00:00.000Z,-43.328687310000,-21.761675740000,"Rua Natalino José de Paula, 112 - Ponto Final do Parque Burnier"
412,PARQUE BURNIER.,10072332,17:40:00,14,0,0,3,2025-01-10T00:00:00.000Z,-43.335533860000,-21.760131640000,"Rua São Geraldo, 89"
412,PARQUE BURNIER.,10072380,17:40:00,10,0,0,3,2025-01-10T00:00:00.000Z,-43.331466790000,-21.763337580000,"Rua Olga Burnier, 485"
412,PARQUE BURNIER.,10074194,18:35:00,16,17,0,20,2025-01-10T00:00:00.000Z,-43.342338620000,-21.760505960000,"Rua Ângelo Falci, 55"
412,PARQUE BURNIER.,10072302,18:35:00,15,0,1,3,2025-01-10T00:00:00.000Z,-43.338029500000,-21.760323850000,"Avenida Sete de Setembro, 623"
412,PARQUE BURNIER.,10072332,18:35:00,14,0,0,4,2025-01-10T00:00:00.000Z,-43.335533860000,-21.760131640000,"Rua São Geraldo, 89"
412,PARQUE BURNIER.,10072335,18:35:00,12,0,0,4,2025-01-10T00:00:00.000Z,-43.333453420000,-21.761562350000,"Rua Olga Burnier, 233"
412,PARQUE BURNIER.,10072382,18:35:00,11,0,0,4,2025-01-10T00:00:00.000Z,-43.332369450000,-21.762522520000,"Rua Olga Burnier, 361"
412,PARQUE BURNIER.,10072380,18:35:00,10,0,0,4,2025-01-10T00:00:00.000Z,-43.331466790000,-21.763337580000,"Rua Olga Burnier, 485"
412,PARQUE BURNIER.,10073584,18:35:00,8,2,0,4,2025-01-10T00:00:00.000Z,-43.329363350000,-21.763255450000,"Rua Adelaide Campos de Resende, 984"
412,PARQUE BURNIER.,10072386,18:35:00,7,1,0,2,2025-01-10T00:00:00.000Z,-43.328850270000,-21.762325320000,"Rua José Teodoro dos Santos, 292"
412,PARQUE BURNIER.,10072384,18:35:00,6,1,0,1,2025-01-10T00:00:00.000Z,-43.327999480000,-21.763301540000,"Rua José Teodoro dos Santos, 126"
412,PARQUE BURNIER.,10073589,18:35:00,4,0,0,0,2025-01-10T00:00:00.000Z,-43.326568960000,-21.763629600000,"Rua Adelaide Campos de Resende, 706"
412,PARQUE BURNIER.,10072362,18:35:00,3,0,0,0,2025-01-10T00:00:00.000Z,-43.327527760000,-21.762798310000,"Rua Natalino José de Paula, 310"
412,PARQUE BURNIER.,10072363,18:35:00,2,0,0,0,2025-01-10T00:00:00.000Z,-43.327885630000,-21.762179390000,"Rua Natalino José de Paula, 288"
412,PARQUE BURNIER.,10072358,18:35:00,1,0,0,0,2025-01-10T00:00:00.000Z,-43.328687310000,-21.761675740000,"Rua Natalino José de Paula, 112 - Ponto Final do Parque Burnier"
412,PARQUE BURNIER.,10073583,18:35:00,9,0,0,4,2025-01-10T00:00:00.000Z,-43.330207820000,-21.763072230000,"Rua Adelaide Campos de Resende, 1070"
412,PARQUE BURNIER.,10072309,18:35:00,5,0,0,0,2025-01-10T00:00:00.000Z,-43.327273730000,-21.763967940000,"Rua José Teodoro dos Santos, 28"
412,PARQUE BURNIER.,10072337,18:35:00,13,0,0,4,2025-01-10T00:00:00.000Z,-43.334540130000,-21.760522960000,"Rua Olga Burnier, 67"
412,PARQUE BURNIER.,10071108,18:35:00,17,0,14,6,2025-01-10T00:00:00.000Z,-43.349331860000,-21.758144610000,"Avenida Getúlio Vargas, 835"
412,PARQUE BURNIER.,10072358,18:55:00,18,1,0,8,2025-01-10T00:00:00.000Z,-43.328687310000,-21.761675740000,"Rua Natalino José de Paula, 112 - Ponto Final do Parque Burnier"
412,PARQUE BURNIER.,10072356,18:55:00,17,0,0,7,2025-01-10T00:00:00.000Z,-43.327793950000,-21.762107030000,"Rua Natalino José de Paula, 271"
412,PARQUE BURNIER.,10071503,18:55:00,15,0,0,7,2025-01-10T00:00:00.000Z,-43.326207040000,-21.762717810000,"Rua Natalino José de Paula, 421"
412,PARQUE BURNIER.,10072359,18:55:00,14,0,0,7,2025-01-10T00:00:00.000Z,-43.326282500000,-21.763143540000,"Rua Adelaide Campos de Resende, 651"
412,PARQUE BURNIER.,10072328,18:55:00,13,0,0,7,2025-01-10T00:00:00.000Z,-43.326450350000,-21.763683320000,"Rua Adelaide Campos de Resende, 669"
412,PARQUE BURNIER.,10072316,18:55:00,11,0,0,7,2025-01-10T00:00:00.000Z,-43.328204750000,-21.763332370000,"Rua José Teodoro dos Santos, 145"
412,PARQUE BURNIER.,10072313,18:55:00,10,0,1,7,2025-01-10T00:00:00.000Z,-43.328846690000,-21.762504770000,"Rua José Teodoro dos Santos, 275"
412,PARQUE BURNIER.,10072296,18:55:00,9,0,0,8,2025-01-10T00:00:00.000Z,-43.329374790000,-21.763440430000,"Rua Adelaide Campos de Resende, 975"
412,PARQUE BURNIER.,10073561,18:55:00,7,0,0,8,2025-01-10T00:00:00.000Z,-43.331552510000,-21.763418910000,"Rua Olga Burnier, 480"
412,PARQUE BURNIER.,10073557,18:55:00,6,0,0,8,2025-01-10T00:00:00.000Z,-43.332479840000,-21.762640710000,"Rua Olga Burnier, 356"
412,PARQUE BURNIER.,10073560,18:55:00,5,0,0,8,2025-01-10T00:00:00.000Z,-43.333589670000,-21.761652280000,"Rua Olga Burnier, 230"
412,PARQUE BURNIER.,10073558,18:55:00,4,0,0,8,2025-01-10T00:00:00.000Z,-43.334645750000,-21.760669710000,"Rua Olga Burnier, 70"
412,PARQUE BURNIER.,10073552,18:55:00,3,0,1,8,2025-01-10T00:00:00.000Z,-43.335479020000,-21.760313550000,"Rua São Geraldo, 84"
412,PARQUE BURNIER.,10072305,18:55:00,2,0,1,9,2025-01-10T00:00:00.000Z,-43.337478970000,-21.760922950000,"Rua Djalma de Carvalho, 37"
412,PARQUE BURNIER.,10071108,18:55:00,1,10,0,10,2025-01-10T00:00:00.000Z,-43.349331860000,-21.758144610000,"Avenida Getúlio Vargas, 835"
412,PARQUE BURNIER.,10072301,18:55:00,8,0,0,8,2025-01-10T00:00:00.000Z,-43.330138330000,-21.763252970000,"Rua Adelaide Campos de Resende, 1061"
412,PARQUE BURNIER.,10072375,18:55:00,16,0,0,7,2025-01-10T00:00:00.000Z,-43.327420830000,-21.762727850000,"Rua Natalino José de Paula, 319"
412,PARQUE BURNIER.,10072377,18:55:00,12,0,0,7,2025-01-10T00:00:00.000Z,-43.327321890000,-21.764062650000,"Rua José Teodoro dos Santos, 25"
412,PARQUE BURNIER.,10071108,19:30:00,17,0,16,0,2025-01-10T00:00:00.000Z,-43.349331860000,-21.758144610000,"Avenida Getúlio Vargas, 835"
412,PARQUE BURNIER.,10074194,19:30:00,16,15,2,16,2025-01-10T00:00:00.000Z,-43.342338620000,-21.760505960000,"Rua Ângelo Falci, 55"
412,PARQUE BURNIER.,10072302,19:30:00,15,2,2,3,2025-01-10T00:00:00.000Z,-43.338029500000,-21.760323850000,"Avenida Sete de Setembro, 623"
412,PARQUE BURNIER.,10072337,19:30:00,13,0,0,3,2025-01-10T00:00:00.000Z,-43.334540130000,-21.760522960000,"Rua Olga Burnier, 67"
412,PARQUE BURNIER.,10072335,19:30:00,12,0,0,3,2025-01-10T00:00:00.000Z,-43.333453420000,-21.761562350000,"Rua Olga Burnier, 233"
412,PARQUE BURNIER.,10072382,19:30:00,11,0,0,3,2025-01-10T00:00:00.000Z,-43.332369450000,-21.762522520000,"Rua Olga Burnier, 361"
412,PARQUE BURNIER.,10073583,19:30:00,9,0,0,4,2025-01-10T00:00:00.000Z,-43.330207820000,-21.763072230000,"Rua Adelaide Campos de Resende, 1070"
412,PARQUE BURNIER.,10073584,19:30:00,8,0,0,4,2025-01-10T00:00:00.000Z,-43.329363350000,-21.763255450000,"Rua Adelaide Campos de Resende, 984"
412,PARQUE BURNIER.,10072386,19:30:00,7,1,0,4,2025-01-10T00:00:00.000Z,-43.328850270000,-21.762325320000,"Rua José Teodoro dos Santos, 292"
412,PARQUE BURNIER.,10072309,19:30:00,5,0,0,2,2025-01-10T00:00:00.000Z,-43.327273730000,-21.763967940000,"Rua José Teodoro dos Santos, 28"
412,PARQUE BURNIER.,10073589,19:30:00,4,1,0,2,2025-01-10T00:00:00.000Z,-43.326568960000,-21.763629600000,"Rua Adelaide Campos de Resende, 706"
412,PARQUE BURNIER.,10072362,19:30:00,3,1,0,1,2025-01-10T00:00:00.000Z,-43.327527760000,-21.762798310000,"Rua Natalino José de Paula, 310"
412,PARQUE BURNIER.,10072363,19:30:00,2,0,0,0,2025-01-10T00:00:00.000Z,-43.327885630000,-21.762179390000,"Rua Natalino José de Paula, 288"
412,PARQUE BURNIER.,10072358,19:30:00,1,0,0,0,2025-01-10T00:00:00.000Z,-43.328687310000,-21.761675740000,"Rua Natalino José de Paula, 112 - Ponto Final do Parque Burnier"
412,PARQUE BURNIER.,10072384,19:30:00,6,1,0,3,2025-01-10T00:00:00.000Z,-43.327999480000,-21.763301540000,"Rua José Teodoro dos Santos, 126"
412,PARQUE BURNIER.,10072380,19:30:00,10,0,1,3,2025-01-10T00:00:00.000Z,-43.331466790000,-21.763337580000,"Rua Olga Burnier, 485"
412,PARQUE BURNIER.,10072332,19:30:00,14,0,0,3,2025-01-10T00:00:00.000Z,-43.335533860000,-21.760131640000,"Rua São Geraldo, 89"
412,PARQUE BURNIER.,10072358,19:50:00,18,0,0,9,2025-01-10T00:00:00.000Z,-43.328687310000,-21.761675740000,"Rua Natalino José de Paula, 112 - Ponto Final do Parque Burnier"
412,PARQUE BURNIER.,10072375,19:50:00,16,1,0,9,2025-01-10T00:00:00.000Z,-43.327420830000,-21.762727850000,"Rua Natalino José de Paula, 319"
412,PARQUE BURNIER.,10071503,19:50:00,15,0,1,8,2025-01-10T00:00:00.000Z,-43.326207040000,-21.762717810000,"Rua Natalino José de Paula, 421"
412,PARQUE BURNIER.,10072359,19:50:00,14,0,1,9,2025-01-10T00:00:00.000Z,-43.326282500000,-21.763143540000,"Rua Adelaide Campos de Resende, 651"
412,PARQUE BURNIER.,10072377,19:50:00,12,0,0,11,2025-01-10T00:00:00.000Z,-43.327321890000,-21.764062650000,"Rua José Teodoro dos Santos, 25"
412,PARQUE BURNIER.,10072316,19:50:00,11,0,0,11,2025-01-10T00:00:00.000Z,-43.328204750000,-21.763332370000,"Rua José Teodoro dos Santos, 145"
412,PARQUE BURNIER.,10072313,19:50:00,10,0,3,11,2025-01-10T00:00:00.000Z,-43.328846690000,-21.762504770000,"Rua José Teodoro dos Santos, 275"
412,PARQUE BURNIER.,10072301,19:50:00,8,0,0,14,2025-01-10T00:00:00.000Z,-43.330138330000,-21.763252970000,"Rua Adelaide Campos de Resende, 1061"
412,PARQUE BURNIER.,10073561,19:50:00,7,0,0,14,2025-01-10T00:00:00.000Z,-43.331552510000,-21.763418910000,"Rua Olga Burnier, 480"
412,PARQUE BURNIER.,10073557,19:50:00,6,0,0,14,2025-01-10T00:00:00.000Z,-43.332479840000,-21.762640710000,"Rua Olga Burnier, 356"
412,PARQUE BURNIER.,10073560,19:50:00,5,0,0,14,2025-01-10T00:00:00.000Z,-43.333589670000,-21.761652280000,"Rua Olga Burnier, 230"
412,PARQUE BURNIER.,10073558,19:50:00,4,0,0,14,2025-01-10T00:00:00.000Z,-43.334645750000,-21.760669710000,"Rua Olga Burnier, 70"
412,PARQUE BURNIER.,10073552,19:50:00,3,0,0,14,2025-01-10T00:00:00.000Z,-43.335479020000,-21.760313550000,"Rua São Geraldo, 84"
412,PARQUE BURNIER.,10072305,19:50:00,2,0,0,14,2025-01-10T00:00:00.000Z,-43.337478970000,-21.760922950000,"Rua Djalma de Carvalho, 37"
412,PARQUE BURNIER.,10071108,19:50:00,1,14,0,14,2025-01-10T00:00:00.000Z,-43.349331860000,-21.758144610000,"Avenida Getúlio Vargas, 835"
412,PARQUE BURNIER.,10072328,19:50:00,13,0,1,10,2025-01-10T00:00:00.000Z,-43.326450350000,-21.763683320000,"Rua Adelaide Campos de Resende, 669"
412,PARQUE BURNIER.,10072296,19:50:00,9,0,0,14,2025-01-10T00:00:00.000Z,-43.329374790000,-21.763440430000,"Rua Adelaide Campos de Resende, 975"
412,PARQUE BURNIER.,10072356,19:50:00,17,0,0,9,2025-01-10T00:00:00.000Z,-43.327793950000,-21.762107030000,"Rua Natalino José de Paula, 271"
412,PARQUE BURNIER.,10071108,20:25:00,17,0,9,2,2025-01-10T00:00:00.000Z,-43.349331860000,-21.758144610000,"Avenida Getúlio Vargas, 835"
412,PARQUE BURNIER.,10074194,20:25:00,16,9,0,11,2025-01-10T00:00:00.000Z,-43.342338620000,-21.760505960000,"Rua Ângelo Falci, 55"
412,PARQUE BURNIER.,10072332,20:25:00,14,1,0,1,2025-01-10T00:00:00.000Z,-43.335533860000,-21.760131640000,"Rua São Geraldo, 89"
412,PARQUE BURNIER.,10072337,20:25:00,13,0,0,0,2025-01-10T00:00:00.000Z,-43.334540130000,-21.760522960000,"Rua Olga Burnier, 67"
412,PARQUE BURNIER.,10072335,20:25:00,12,0,1,0,2025-01-10T00:00:00.000Z,-43.333453420000,-21.761562350000,"Rua Olga Burnier, 233"
412,PARQUE BURNIER.,10072380,20:25:00,10,0,0,1,2025-01-10T00:00:00.000Z,-43.331466790000,-21.763337580000,"Rua Olga Burnier, 485"
412,PARQUE BURNIER.,10073583,20:25:00,9,0,0,1,2025-01-10T00:00:00.000Z,-43.330207820000,-21.763072230000,"Rua Adelaide Campos de Resende, 1070"
412,PARQUE BURNIER.,10073584,20:25:00,8,0,0,1,2025-01-10T00:00:00.000Z,-43.329363350000,-21.763255450000,"Rua Adelaide Campos de Resende, 984"
412,PARQUE BURNIER.,10072384,20:25:00,6,0,0,0,2025-01-10T00:00:00.000Z,-43.327999480000,-21.763301540000,"Rua José Teodoro dos Santos, 126"
412,PARQUE BURNIER.,10072309,20:25:00,5,0,0,0,2025-01-10T00:00:00.000Z,-43.327273730000,-21.763967940000,"Rua José Teodoro dos Santos, 28"
412,PARQUE BURNIER.,10073589,20:25:00,4,0,0,0,2025-01-10T00:00:00.000Z,-43.326568960000,-21.763629600000,"Rua Adelaide Campos de Resende, 706"
412,PARQUE BURNIER.,10072362,20:25:00,3,0,0,0,2025-01-10T00:00:00.000Z,-43.327527760000,-21.762798310000,"Rua Natalino José de Paula, 310"
412,PARQUE BURNIER.,10072363,20:25:00,2,0,0,0,2025-01-10T00:00:00.000Z,-43.327885630000,-21.762179390000,"Rua Natalino José de Paula, 288"
412,PARQUE BURNIER.,10072358,20:25:00,1,0,0,0,2025-01-10T00:00:00.000Z,-43.328687310000,-21.761675740000,"Rua Natalino José de Paula, 112 - Ponto Final do Parque Burnier"
412,PARQUE BURNIER.,10072386,20:25:00,7,1,0,1,2025-01-10T00:00:00.000Z,-43.328850270000,-21.762325320000,"Rua José Teodoro dos Santos, 292"
412,PARQUE BURNIER.,10072382,20:25:00,11,0,0,1,2025-01-10T00:00:00.000Z,-43.332369450000,-21.762522520000,"Rua Olga Burnier, 361"
412,PARQUE BURNIER.,10072302,20:25:00,15,1,0,2,2025-01-10T00:00:00.000Z,-43.338029500000,-21.760323850000,"Avenida Sete de Setembro, 623"
412,PARQUE BURNIER.,10072356,20:45:00,17,0,0,7,2025-01-10T00:00:00.000Z,-43.327793950000,-21.762107030000,"Rua Natalino José de Paula, 271"
412,PARQUE BURNIER.,10072375,20:45:00,16,0,2,7,2025-01-10T00:00:00.000Z,-43.327420830000,-21.762727850000,"Rua Natalino José de Paula, 319"
412,PARQUE BURNIER.,10071503,20:45:00,15,0,0,9,2025-01-10T00:00:00.000Z,-43.326207040000,-21.762717810000,"Rua Natalino José de Paula, 421"
412,PARQUE BURNIER.,10072328,20:45:00,13,0,0,9,2025-01-10T00:00:00.000Z,-43.326450350000,-21.763683320000,"Rua Adelaide Campos de Resende, 669"
412,PARQUE BURNIER.,10072377,20:45:00,12,0,0,9,2025-01-10T00:00:00.000Z,-43.327321890000,-21.764062650000,"Rua José Teodoro dos Santos, 25"
412,PARQUE BURNIER.,10072316,20:45:00,11,0,0,9,2025-01-10T00:00:00.000Z,-43.328204750000,-21.763332370000,"Rua José Teodoro dos Santos, 145"
412,PARQUE BURNIER.,10072296,20:45:00,9,0,0,10,2025-01-10T00:00:00.000Z,-43.329374790000,-21.763440430000,"Rua Adelaide Campos de Resende, 975"
412,PARQUE BURNIER.,10072301,20:45:00,8,0,0,10,2025-01-10T00:00:00.000Z,-43.330138330000,-21.763252970000,"Rua Adelaide Campos de Resende, 1061"
412,PARQUE BURNIER.,10073561,20:45:00,7,0,0,10,2025-01-10T00:00:00.000Z,-43.331552510000,-21.763418910000,"Rua Olga Burnier, 480"
412,PARQUE BURNIER.,10073557,20:45:00,6,0,1,10,2025-01-10T00:00:00.000Z,-43.332479840000,-21.762640710000,"Rua Olga Burnier, 356"
412,PARQUE BURNIER.,10073560,20:45:00,5,0,0,11,2025-01-10T00:00:00.000Z,-43.333589670000,-21.761652280000,"Rua Olga Burnier, 230"
412,PARQUE BURNIER.,10073558,20:45:00,4,0,0,11,2025-01-10T00:00:00.000Z,-43.334645750000,-21.760669710000,"Rua Olga Burnier, 70"
412,PARQUE BURNIER.,10073552,20:45:00,3,0,0,11,2025-01-10T00:00:00.000Z,-43.335479020000,-21.760313550000,"Rua São Geraldo, 84"
412,PARQUE BURNIER.,10072305,20:45:00,2,0,0,11,2025-01-10T00:00:00.000Z,-43.337478970000,-21.760922950000,"Rua Djalma de Carvalho, 37"
412,PARQUE BURNIER.,10071108,20:45:00,1,11,0,11,2025-01-10T00:00:00.000Z,-43.349331860000,-21.758144610000,"Avenida Getúlio Vargas, 835"
412,PARQUE BURNIER.,10072313,20:45:00,10,0,1,9,2025-01-10T00:00:00.000Z,-43.328846690000,-21.762504770000,"Rua José Teodoro dos Santos, 275"
412,PARQUE BURNIER.,10072359,20:45:00,14,0,0,9,2025-01-10T00:00:00.000Z,-43.326282500000,-21.763143540000,"Rua Adelaide Campos de Resende, 651"
412,PARQUE BURNIER.,10072358,20:45:00,18,0,0,7,2025-01-10T00:00:00.000Z,-43.328687310000,-21.761675740000,"Rua Natalino José de Paula, 112 - Ponto Final do Parque Burnier"
412,PARQUE BURNIER.,10072358,22:30:00,18,0,0,9,2025-01-10T00:00:00.000Z,-43.328687310000,-21.761675740000,"Rua Natalino José de Paula, 112 - Ponto Final do Parque Burnier"
412,PARQUE BURNIER.,10072356,22:30:00,17,1,0,9,2025-01-10T00:00:00.000Z,-43.327793950000,-21.762107030000,"Rua Natalino José de Paula, 271"
412,PARQUE BURNIER.,10071503,22:30:00,15,0,0,8,2025-01-10T00:00:00.000Z,-43.326207040000,-21.762717810000,"Rua Natalino José de Paula, 421"
412,PARQUE BURNIER.,10072359,22:30:00,14,0,0,8,2025-01-10T00:00:00.000Z,-43.326282500000,-21.763143540000,"Rua Adelaide Campos de Resende, 651"
412,PARQUE BURNIER.,10072328,22:30:00,13,0,0,8,2025-01-10T00:00:00.000Z,-43.326450350000,-21.763683320000,"Rua Adelaide Campos de Resende, 669"
412,PARQUE BURNIER.,10072316,22:30:00,11,0,0,8,2025-01-10T00:00:00.000Z,-43.328204750000,-21.763332370000,"Rua José Teodoro dos Santos, 145"
412,PARQUE BURNIER.,10072313,22:30:00,10,0,1,8,2025-01-10T00:00:00.000Z,-43.328846690000,-21.762504770000,"Rua José Teodoro dos Santos, 275"
412,PARQUE BURNIER.,10072296,22:30:00,9,0,1,9,2025-01-10T00:00:00.000Z,-43.329374790000,-21.763440430000,"Rua Adelaide Campos de Resende, 975"
412,PARQUE BURNIER.,10072301,22:30:00,8,0,0,10,2025-01-10T00:00:00.000Z,-43.330138330000,-21.763252970000,"Rua Adelaide Campos de Resende, 1061"
412,PARQUE BURNIER.,10073561,22:30:00,7,0,0,10,2025-01-10T00:00:00.000Z,-43.331552510000,-21.763418910000,"Rua Olga Burnier, 480"
412,PARQUE BURNIER.,10073557,22:30:00,6,0,0,10,2025-01-10T00:00:00.000Z,-43.332479840000,-21.762640710000,"Rua Olga Burnier, 356"
412,PARQUE BURNIER.,10073560,22:30:00,5,1,0,10,2025-01-10T00:00:00.000Z,-43.333589670000,-21.761652280000,"Rua Olga Burnier, 230"
412,PARQUE BURNIER.,10073558,22:30:00,4,0,0,9,2025-01-10T00:00:00.000Z,-43.334645750000,-21.760669710000,"Rua Olga Burnier, 70"
412,PARQUE BURNIER.,10073552,22:30:00,3,0,1,9,2025-01-10T00:00:00.000Z,-43.335479020000,-21.760313550000,"Rua São Geraldo, 84"
412,PARQUE BURNIER.,10072305,22:30:00,2,0,1,10,2025-01-10T00:00:00.000Z,-43.337478970000,-21.760922950000,"Rua Djalma de Carvalho, 37"
412,PARQUE BURNIER.,10071108,22:30:00,1,11,0,11,2025-01-10T00:00:00.000Z,-43.349331860000,-21.758144610000,"Avenida Getúlio Vargas, 835"
412,PARQUE BURNIER.,10072377,22:30:00,12,0,0,8,2025-01-10T00:00:00.000Z,-43.327321890000,-21.764062650000,"Rua José Teodoro dos Santos, 25"
412,PARQUE BURNIER.,10072375,22:30:00,16,0,0,8,2025-01-10T00:00:00.000Z,-43.327420830000,-21.762727850000,"Rua Natalino José de Paula, 319"
412,PARQUE BURNIER.,10072356,05:51:00,17,0,0,0,2025-01-11T00:00:00.000Z,-43.327793950000,-21.762107030000,"Rua Natalino José de Paula, 271"
412,PARQUE BURNIER.,10071503,05:51:00,15,0,0,0,2025-01-11T00:00:00.000Z,-43.326207040000,-21.762717810000,"Rua Natalino José de Paula, 421"
412,PARQUE BURNIER.,10072328,05:51:00,13,0,0,0,2025-01-11T00:00:00.000Z,-43.326450350000,-21.763683320000,"Rua Adelaide Campos de Resende, 669"
412,PARQUE BURNIER.,10072296,05:51:00,9,0,1,0,2025-01-11T00:00:00.000Z,-43.329374790000,-21.763440430000,"Rua Adelaide Campos de Resende, 975"
412,PARQUE BURNIER.,10073560,05:51:00,5,0,0,1,2025-01-11T00:00:00.000Z,-43.333589670000,-21.761652280000,"Rua Olga Burnier, 230"
412,PARQUE BURNIER.,10072316,05:51:00,11,0,0,0,2025-01-11T00:00:00.000Z,-43.328204750000,-21.763332370000,"Rua José Teodoro dos Santos, 145"
412,PARQUE BURNIER.,10073561,05:51:00,7,0,0,1,2025-01-11T00:00:00.000Z,-43.331552510000,-21.763418910000,"Rua Olga Burnier, 480"
412,PARQUE BURNIER.,10073552,05:51:00,3,0,1,1,2025-01-11T00:00:00.000Z,-43.335479020000,-21.760313550000,"Rua São Geraldo, 84"
412,PARQUE BURNIER.,10071108,05:51:00,1,2,0,2,2025-01-11T00:00:00.000Z,-43.349331860000,-21.758144610000,"Avenida Getúlio Vargas, 835"
412,PARQUE BURNIER.,10072313,05:51:00,10,0,0,0,2025-01-11T00:00:00.000Z,-43.328846690000,-21.762504770000,"Rua José Teodoro dos Santos, 275"
412,PARQUE BURNIER.,10072301,05:51:00,8,0,0,1,2025-01-11T00:00:00.000Z,-43.330138330000,-21.763252970000,"Rua Adelaide Campos de Resende, 1061"
412,PARQUE BURNIER.,10073557,05:51:00,6,0,0,1,2025-01-11T00:00:00.000Z,-43.332479840000,-21.762640710000,"Rua Olga Burnier, 356"
412,PARQUE BURNIER.,10072375,05:51:00,16,0,0,0,2025-01-11T00:00:00.000Z,-43.327420830000,-21.762727850000,"Rua Natalino José de Paula, 319"
412,PARQUE BURNIER.,10072358,05:51:00,18,11,0,11,2025-01-11T00:00:00.000Z,-43.328687310000,-21.761675740000,"Rua Natalino José de Paula, 112 - Ponto Final do Parque Burnier"
412,PARQUE BURNIER.,10072359,05:51:00,14,0,0,0,2025-01-11T00:00:00.000Z,-43.326282500000,-21.763143540000,"Rua Adelaide Campos de Resende, 651"
412,PARQUE BURNIER.,10073558,05:51:00,4,0,0,1,2025-01-11T00:00:00.000Z,-43.334645750000,-21.760669710000,"Rua Olga Burnier, 70"
412,PARQUE BURNIER.,10072305,05:51:00,2,0,0,2,2025-01-11T00:00:00.000Z,-43.337478970000,-21.760922950000,"Rua Djalma de Carvalho, 37"
412,PARQUE BURNIER.,10072377,05:51:00,12,0,0,0,2025-01-11T00:00:00.000Z,-43.327321890000,-21.764062650000,"Rua José Teodoro dos Santos, 25"
412,PARQUE BURNIER.,10072302,06:17:00,15,1,2,6,2025-01-11T00:00:00.000Z,-43.338029500000,-21.760323850000,"Avenida Sete de Setembro, 623"
412,PARQUE BURNIER.,10072382,06:17:00,11,1,0,7,2025-01-11T00:00:00.000Z,-43.332369450000,-21.762522520000,"Rua Olga Burnier, 361"
412,PARQUE BURNIER.,10072386,06:17:00,7,0,0,4,2025-01-11T00:00:00.000Z,-43.328850270000,-21.762325320000,"Rua José Teodoro dos Santos, 292"
412,PARQUE BURNIER.,10072309,06:17:00,5,0,1,4,2025-01-11T00:00:00.000Z,-43.327273730000,-21.763967940000,"Rua José Teodoro dos Santos, 28"
412,PARQUE BURNIER.,10072362,06:17:00,3,0,0,2,2025-01-11T00:00:00.000Z,-43.327527760000,-21.762798310000,"Rua Natalino José de Paula, 310"
412,PARQUE BURNIER.,10072358,06:17:00,1,0,0,0,2025-01-11T00:00:00.000Z,-43.328687310000,-21.761675740000,"Rua Natalino José de Paula, 112 - Ponto Final do Parque Burnier"
412,PARQUE BURNIER.,10072337,06:17:00,13,0,0,7,2025-01-11T00:00:00.000Z,-43.334540130000,-21.760522960000,"Rua Olga Burnier, 67"
412,PARQUE BURNIER.,10073583,06:17:00,9,0,0,6,2025-01-11T00:00:00.000Z,-43.330207820000,-21.763072230000,"Rua Adelaide Campos de Resende, 1070"
412,PARQUE BURNIER.,10072335,06:17:00,12,0,0,7,2025-01-11T00:00:00.000Z,-43.333453420000,-21.761562350000,"Rua Olga Burnier, 233"
412,PARQUE BURNIER.,10072332,06:17:00,14,0,0,7,2025-01-11T00:00:00.000Z,-43.335533860000,-21.760131640000,"Rua São Geraldo, 89"
412,PARQUE BURNIER.,10072380,06:17:00,10,0,0,6,2025-01-11T00:00:00.000Z,-43.331466790000,-21.763337580000,"Rua Olga Burnier, 485"
412,PARQUE BURNIER.,10073584,06:17:00,8,2,0,6,2025-01-11T00:00:00.000Z,-43.329363350000,-21.763255450000,"Rua Adelaide Campos de Resende, 984"
412,PARQUE BURNIER.,10071108,06:17:00,17,0,3,0,2025-01-11T00:00:00.000Z,-43.349331860000,-21.758144610000,"Avenida Getúlio Vargas, 835"
412,PARQUE BURNIER.,10072384,06:17:00,6,0,0,4,2025-01-11T00:00:00.000Z,-43.327999480000,-21.763301540000,"Rua José Teodoro dos Santos, 126"
412,PARQUE BURNIER.,10074194,06:17:00,16,0,3,3,2025-01-11T00:00:00.000Z,-43.342338620000,-21.760505960000,"Rua Ângelo Falci, 55"
412,PARQUE BURNIER.,10072363,06:17:00,2,2,0,2,2025-01-11T00:00:00.000Z,-43.327885630000,-21.762179390000,"Rua Natalino José de Paula, 288"
412,PARQUE BURNIER.,10073589,06:17:00,4,3,0,5,2025-01-11T00:00:00.000Z,-43.326568960000,-21.763629600000,"Rua Adelaide Campos de Resende, 706"
412,PARQUE BURNIER.,10072359,06:38:00,14,0,0,0,2025-01-11T00:00:00.000Z,-43.326282500000,-21.763143540000,"Rua Adelaide Campos de Resende, 651"
412,PARQUE BURNIER.,10072377,06:38:00,12,0,0,1,2025-01-11T00:00:00.000Z,-43.327321890000,-21.764062650000,"Rua José Teodoro dos Santos, 25"
412,PARQUE BURNIER.,10072313,06:38:00,10,0,2,3,2025-01-11T00:00:00.000Z,-43.328846690000,-21.762504770000,"Rua José Teodoro dos Santos, 275"
412,PARQUE BURNIER.,10073557,06:38:00,6,0,1,4,2025-01-11T00:00:00.000Z,-43.332479840000,-21.762640710000,"Rua Olga Burnier, 356"
412,PARQUE BURNIER.,10072305,06:38:00,2,2,1,7,2025-01-11T00:00:00.000Z,-43.337478970000,-21.760922950000,"Rua Djalma de Carvalho, 37"
412,PARQUE BURNIER.,10071108,06:38:00,1,6,0,6,2025-01-11T00:00:00.000Z,-43.349331860000,-21.758144610000,"Avenida Getúlio Vargas, 835"
412,PARQUE BURNIER.,10072301,06:38:00,8,2,1,5,2025-01-11T00:00:00.000Z,-43.330138330000,-21.763252970000,"Rua Adelaide Campos de Resende, 1061"
412,PARQUE BURNIER.,10073558,06:38:00,4,0,0,6,2025-01-11T00:00:00.000Z,-43.334645750000,-21.760669710000,"Rua Olga Burnier, 70"
412,PARQUE BURNIER.,10072375,06:38:00,16,0,0,0,2025-01-11T00:00:00.000Z,-43.327420830000,-21.762727850000,"Rua Natalino José de Paula, 319"
412,PARQUE BURNIER.,10072316,06:38:00,11,0,2,1,2025-01-11T00:00:00.000Z,-43.328204750000,-21.763332370000,"Rua José Teodoro dos Santos, 145"
412,PARQUE BURNIER.,10072296,06:38:00,9,1,1,5,2025-01-11T00:00:00.000Z,-43.329374790000,-21.763440430000,"Rua Adelaide Campos de Resende, 975"
412,PARQUE BURNIER.,10071503,06:38:00,15,0,0,0,2025-01-11T00:00:00.000Z,-43.326207040000,-21.762717810000,"Rua Natalino José de Paula, 421"
412,PARQUE BURNIER.,10072328,06:38:00,13,0,1,0,2025-01-11T00:00:00.000Z,-43.326450350000,-21.763683320000,"Rua Adelaide Campos de Resende, 669"
412,PARQUE BURNIER.,10073561,06:38:00,7,0,0,4,2025-01-11T00:00:00.000Z,-43.331552510000,-21.763418910000,"Rua Olga Burnier, 480"
412,PARQUE BURNIER.,10072358,06:38:00,18,6,0,6,2025-01-11T00:00:00.000Z,-43.328687310000,-21.761675740000,"Rua Natalino José de Paula, 112 - Ponto Final do Parque Burnier"
412,PARQUE BURNIER.,10072356,06:38:00,17,0,0,0,2025-01-11T00:00:00.000Z,-43.327793950000,-21.762107030000,"Rua Natalino José de Paula, 271"
412,PARQUE BURNIER.,10073552,06:38:00,3,0,1,6,2025-01-11T00:00:00.000Z,-43.335479020000,-21.760313550000,"Rua São Geraldo, 84"
412,PARQUE BURNIER.,10073560,06:38:00,5,0,1,5,2025-01-11T00:00:00.000Z,-43.333589670000,-21.761652280000,"Rua Olga Burnier, 230"
412,PARQUE BURNIER.,10072335,07:04:00,12,1,0,12,2025-01-11T00:00:00.000Z,-43.333453420000,-21.761562350000,"Rua Olga Burnier, 233"
412,PARQUE BURNIER.,10072380,07:04:00,10,0,0,11,2025-01-11T00:00:00.000Z,-43.331466790000,-21.763337580000,"Rua Olga Burnier, 485"
412,PARQUE BURNIER.,10073584,07:04:00,8,1,0,11,2025-01-11T00:00:00.000Z,-43.329363350000,-21.763255450000,"Rua Adelaide Campos de Resende, 984"
412,PARQUE BURNIER.,10073589,07:04:00,4,4,0,7,2025-01-11T00:00:00.000Z,-43.326568960000,-21.763629600000,"Rua Adelaide Campos de Resende, 706"
412,PARQUE BURNIER.,10072363,07:04:00,2,2,0,2,2025-01-11T00:00:00.000Z,-43.327885630000,-21.762179390000,"Rua Natalino José de Paula, 288"
412,PARQUE BURNIER.,10072358,07:04:00,1,0,0,0,2025-01-11T00:00:00.000Z,-43.328687310000,-21.761675740000,"Rua Natalino José de Paula, 112 - Ponto Final do Parque Burnier"
412,PARQUE BURNIER.,10072384,07:04:00,6,0,0,7,2025-01-11T00:00:00.000Z,-43.327999480000,-21.763301540000,"Rua José Teodoro dos Santos, 126"
412,PARQUE BURNIER.,10074194,07:04:00,16,0,1,9,2025-01-11T00:00:00.000Z,-43.342338620000,-21.760505960000,"Rua Ângelo Falci, 55"
412,PARQUE BURNIER.,10072332,07:04:00,14,0,0,12,2025-01-11T00:00:00.000Z,-43.335533860000,-21.760131640000,"Rua São Geraldo, 89"
412,PARQUE BURNIER.,10072382,07:04:00,11,0,0,11,2025-01-11T00:00:00.000Z,-43.332369450000,-21.762522520000,"Rua Olga Burnier, 361"
412,PARQUE BURNIER.,10073583,07:04:00,9,0,0,11,2025-01-11T00:00:00.000Z,-43.330207820000,-21.763072230000,"Rua Adelaide Campos de Resende, 1070"
412,PARQUE BURNIER.,10072302,07:04:00,15,0,2,10,2025-01-11T00:00:00.000Z,-43.338029500000,-21.760323850000,"Avenida Sete de Setembro, 623"
412,PARQUE BURNIER.,10071108,07:04:00,17,0,0,9,2025-01-11T00:00:00.000Z,-43.349331860000,-21.758144610000,"Avenida Getúlio Vargas, 835"
412,PARQUE BURNIER.,10072337,07:04:00,13,0,0,12,2025-01-11T00:00:00.000Z,-43.334540130000,-21.760522960000,"Rua Olga Burnier, 67"
412,PARQUE BURNIER.,10072386,07:04:00,7,3,0,10,2025-01-11T00:00:00.000Z,-43.328850270000,-21.762325320000,"Rua José Teodoro dos Santos, 292"
412,PARQUE BURNIER.,10072362,07:04:00,3,1,0,3,2025-01-11T00:00:00.000Z,-43.327527760000,-21.762798310000,"Rua Natalino José de Paula, 310"
412,PARQUE BURNIER.,10072309,07:04:00,5,0,0,7,2025-01-11T00:00:00.000Z,-43.327273730000,-21.763967940000,"Rua José Teodoro dos Santos, 28"
412,PARQUE BURNIER.,10073552,07:25:00,3,0,0,2,2025-01-11T00:00:00.000Z,-43.335479020000,-21.760313550000,"Rua São Geraldo, 84"
412,PARQUE BURNIER.,10071108,07:25:00,1,1,0,1,2025-01-11T00:00:00.000Z,-43.349331860000,-21.758144610000,"Avenida Getúlio Vargas, 835"
412,PARQUE BURNIER.,10072356,07:25:00,17,0,0,2,2025-01-11T00:00:00.000Z,-43.327793950000,-21.762107030000,"Rua Natalino José de Paula, 271"
412,PARQUE BURNIER.,10072328,07:25:00,13,1,1,3,2025-01-11T00:00:00.000Z,-43.326450350000,-21.763683320000,"Rua Adelaide Campos de Resende, 669"
412,PARQUE BURNIER.,10073560,07:25:00,5,0,0,2,2025-01-11T00:00:00.000Z,-43.333589670000,-21.761652280000,"Rua Olga Burnier, 230"
412,PARQUE BURNIER.,10072377,07:25:00,12,0,0,3,2025-01-11T00:00:00.000Z,-43.327321890000,-21.764062650000,"Rua José Teodoro dos Santos, 25"
412,PARQUE BURNIER.,10072313,07:25:00,10,0,0,4,2025-01-11T00:00:00.000Z,-43.328846690000,-21.762504770000,"Rua José Teodoro dos Santos, 275"
412,PARQUE BURNIER.,10072301,07:25:00,8,2,0,4,2025-01-11T00:00:00.000Z,-43.330138330000,-21.763252970000,"Rua Adelaide Campos de Resende, 1061"
412,PARQUE BURNIER.,10073557,07:25:00,6,0,0,2,2025-01-11T00:00:00.000Z,-43.332479840000,-21.762640710000,"Rua Olga Burnier, 356"
412,PARQUE BURNIER.,10073558,07:25:00,4,0,0,2,2025-01-11T00:00:00.000Z,-43.334645750000,-21.760669710000,"Rua Olga Burnier, 70"
412,PARQUE BURNIER.,10072358,07:25:00,18,3,0,5,2025-01-11T00:00:00.000Z,-43.328687310000,-21.761675740000,"Rua Natalino José de Paula, 112 - Ponto Final do Parque Burnier"
412,PARQUE BURNIER.,10072359,07:25:00,14,0,1,2,2025-01-11T00:00:00.000Z,-43.326282500000,-21.763143540000,"Rua Adelaide Campos de Resende, 651"
412,PARQUE BURNIER.,10072375,07:25:00,16,0,0,2,2025-01-11T00:00:00.000Z,-43.327420830000,-21.762727850000,"Rua Natalino José de Paula, 319"
412,PARQUE BURNIER.,10072305,07:25:00,2,1,0,2,2025-01-11T00:00:00.000Z,-43.337478970000,-21.760922950000,"Rua Djalma de Carvalho, 37"
412,PARQUE BURNIER.,10071503,07:25:00,15,0,0,2,2025-01-11T00:00:00.000Z,-43.326207040000,-21.762717810000,"Rua Natalino José de Paula, 421"
412,PARQUE BURNIER.,10072316,07:25:00,11,0,1,3,2025-01-11T00:00:00.000Z,-43.328204750000,-21.763332370000,"Rua José Teodoro dos Santos, 145"
412,PARQUE BURNIER.,10072296,07:25:00,9,0,0,4,2025-01-11T00:00:00.000Z,-43.329374790000,-21.763440430000,"Rua Adelaide Campos de Resende, 975"
412,PARQUE BURNIER.,10073561,07:25:00,7,0,0,2,2025-01-11T00:00:00.000Z,-43.331552510000,-21.763418910000,"Rua Olga Burnier, 480"
412,PARQUE BURNIER.,10072362,07:51:00,3,4,0,9,2025-01-11T00:00:00.000Z,-43.327527760000,-21.762798310000,"Rua Natalino José de Paula, 310"
412,PARQUE BURNIER.,10072382,07:51:00,11,0,0,21,2025-01-11T00:00:00.000Z,-43.332369450000,-21.762522520000,"Rua Olga Burnier, 361"
412,PARQUE BURNIER.,10072302,07:51:00,15,0,2,19,2025-01-11T00:00:00.000Z,-43.338029500000,-21.760323850000,"Avenida Sete de Setembro, 623"
412,PARQUE BURNIER.,10072335,07:51:00,12,0,0,21,2025-01-11T00:00:00.000Z,-43.333453420000,-21.761562350000,"Rua Olga Burnier, 233"
412,PARQUE BURNIER.,10072380,07:51:00,10,0,0,21,2025-01-11T00:00:00.000Z,-43.331466790000,-21.763337580000,"Rua Olga Burnier, 485"
412,PARQUE BURNIER.,10072332,07:51:00,14,0,0,21,2025-01-11T00:00:00.000Z,-43.335533860000,-21.760131640000,"Rua São Geraldo, 89"
412,PARQUE BURNIER.,10071108,07:51:00,17,0,12,5,2025-01-11T00:00:00.000Z,-43.349331860000,-21.758144610000,"Avenida Getúlio Vargas, 835"
412,PARQUE BURNIER.,10074194,07:51:00,16,1,3,17,2025-01-11T00:00:00.000Z,-43.342338620000,-21.760505960000,"Rua Ângelo Falci, 55"
412,PARQUE BURNIER.,10073584,07:51:00,8,0,0,22,2025-01-11T00:00:00.000Z,-43.329363350000,-21.763255450000,"Rua Adelaide Campos de Resende, 984"
412,PARQUE BURNIER.,10073589,07:51:00,4,9,0,18,2025-01-11T00:00:00.000Z,-43.326568960000,-21.763629600000,"Rua Adelaide Campos de Resende, 706"
412,PARQUE BURNIER.,10072384,07:51:00,6,0,0,19,2025-01-11T00:00:00.000Z,-43.327999480000,-21.763301540000,"Rua José Teodoro dos Santos, 126"
412,PARQUE BURNIER.,10072363,07:51:00,2,5,0,5,2025-01-11T00:00:00.000Z,-43.327885630000,-21.762179390000,"Rua Natalino José de Paula, 288"
412,PARQUE BURNIER.,10072337,07:51:00,13,0,0,21,2025-01-11T00:00:00.000Z,-43.334540130000,-21.760522960000,"Rua Olga Burnier, 67"
412,PARQUE BURNIER.,10073583,07:51:00,9,0,1,21,2025-01-11T00:00:00.000Z,-43.330207820000,-21.763072230000,"Rua Adelaide Campos de Resende, 1070"
412,PARQUE BURNIER.,10072386,07:51:00,7,3,0,22,2025-01-11T00:00:00.000Z,-43.328850270000,-21.762325320000,"Rua José Teodoro dos Santos, 292"
412,PARQUE BURNIER.,10072309,07:51:00,5,1,0,19,2025-01-11T00:00:00.000Z,-43.327273730000,-21.763967940000,"Rua José Teodoro dos Santos, 28"
412,PARQUE BURNIER.,10072358,07:51:00,1,0,0,0,2025-01-11T00:00:00.000Z,-43.328687310000,-21.761675740000,"Rua Natalino José de Paula, 112 - Ponto Final do Parque Burnier"
412,PARQUE BURNIER.,10072313,08:12:00,10,0,3,8,2025-01-11T00:00:00.000Z,-43.328846690000,-21.762504770000,"Rua José Teodoro dos Santos, 275"
412,PARQUE BURNIER.,10072359,08:12:00,14,0,2,3,2025-01-11T00:00:00.000Z,-43.326282500000,-21.763143540000,"Rua Adelaide Campos de Resende, 651"
412,PARQUE BURNIER.,10072316,08:12:00,11,0,1,7,2025-01-11T00:00:00.000Z,-43.328204750000,-21.763332370000,"Rua José Teodoro dos Santos, 145"
412,PARQUE BURNIER.,10072328,08:12:00,13,0,2,5,2025-01-11T00:00:00.000Z,-43.326450350000,-21.763683320000,"Rua Adelaide Campos de Resende, 669"
412,PARQUE BURNIER.,10071503,08:12:00,15,0,2,1,2025-01-11T00:00:00.000Z,-43.326207040000,-21.762717810000,"Rua Natalino José de Paula, 421"
412,PARQUE BURNIER.,10072296,08:12:00,9,0,0,11,2025-01-11T00:00:00.000Z,-43.329374790000,-21.763440430000,"Rua Adelaide Campos de Resende, 975"
412,PARQUE BURNIER.,10072358,08:12:00,18,2,0,4,2025-01-11T00:00:00.000Z,-43.328687310000,-21.761675740000,"Rua Natalino José de Paula, 112 - Ponto Final do Parque Burnier"
412,PARQUE BURNIER.,10072356,08:12:00,17,0,0,2,2025-01-11T00:00:00.000Z,-43.327793950000,-21.762107030000,"Rua Natalino José de Paula, 271"
412,PARQUE BURNIER.,10073561,08:12:00,7,0,0,11,2025-01-11T00:00:00.000Z,-43.331552510000,-21.763418910000,"Rua Olga Burnier, 480"
412,PARQUE BURNIER.,10073552,08:12:00,3,0,1,11,2025-01-11T00:00:00.000Z,-43.335479020000,-21.760313550000,"Rua São Geraldo, 84"
412,PARQUE BURNIER.,10073560,08:12:00,5,0,0,11,2025-01-11T00:00:00.000Z,-43.333589670000,-21.761652280000,"Rua Olga Burnier, 230"
412,PARQUE BURNIER.,10072375,08:12:00,16,1,0,2,2025-01-11T00:00:00.000Z,-43.327420830000,-21.762727850000,"Rua Natalino José de Paula, 319"
412,PARQUE BURNIER.,10072377,08:12:00,12,0,0,7,2025-01-11T00:00:00.000Z,-43.327321890000,-21.764062650000,"Rua José Teodoro dos Santos, 25"
412,PARQUE BURNIER.,10072301,08:12:00,8,0,0,11,2025-01-11T00:00:00.000Z,-43.330138330000,-21.763252970000,"Rua Adelaide Campos de Resende, 1061"
412,PARQUE BURNIER.,10073557,08:12:00,6,0,0,11,2025-01-11T00:00:00.000Z,-43.332479840000,-21.762640710000,"Rua Olga Burnier, 356"
412,PARQUE BURNIER.,10073558,08:12:00,4,0,0,11,2025-01-11T00:00:00.000Z,-43.334645750000,-21.760669710000,"Rua Olga Burnier, 70"
412,PARQUE BURNIER.,10072305,08:12:00,2,1,0,12,2025-01-11T00:00:00.000Z,-43.337478970000,-21.760922950000,"Rua Djalma de Carvalho, 37"
412,PARQUE BURNIER.,10071108,08:12:00,1,11,0,11,2025-01-11T00:00:00.000Z,-43.349331860000,-21.758144610000,"Avenida Getúlio Vargas, 835"
412,PARQUE BURNIER.,10073584,08:38:00,8,7,0,21,2025-01-11T00:00:00.000Z,-43.329363350000,-21.763255450000,"Rua Adelaide Campos de Resende, 984"
412,PARQUE BURNIER.,10074194,08:38:00,16,4,3,26,2025-01-11T00:00:00.000Z,-43.342338620000,-21.760505960000,"Rua Ângelo Falci, 55"
412,PARQUE BURNIER.,10072335,08:38:00,12,0,0,24,2025-01-11T00:00:00.000Z,-43.333453420000,-21.761562350000,"Rua Olga Burnier, 233"
412,PARQUE BURNIER.,10072382,08:38:00,11,2,0,24,2025-01-11T00:00:00.000Z,-43.332369450000,-21.762522520000,"Rua Olga Burnier, 361"
412,PARQUE BURNIER.,10072337,08:38:00,13,0,0,24,2025-01-11T00:00:00.000Z,-43.334540130000,-21.760522960000,"Rua Olga Burnier, 67"
412,PARQUE BURNIER.,10072302,08:38:00,15,2,1,25,2025-01-11T00:00:00.000Z,-43.338029500000,-21.760323850000,"Avenida Sete de Setembro, 623"
412,PARQUE BURNIER.,10073583,08:38:00,9,1,0,22,2025-01-11T00:00:00.000Z,-43.330207820000,-21.763072230000,"Rua Adelaide Campos de Resende, 1070"
412,PARQUE BURNIER.,10071108,08:38:00,17,0,24,2,2025-01-11T00:00:00.000Z,-43.349331860000,-21.758144610000,"Avenida Getúlio Vargas, 835"
412,PARQUE BURNIER.,10072362,08:38:00,3,3,0,3,2025-01-11T00:00:00.000Z,-43.327527760000,-21.762798310000,"Rua Natalino José de Paula, 310"
412,PARQUE BURNIER.,10072386,08:38:00,7,2,0,14,2025-01-11T00:00:00.000Z,-43.328850270000,-21.762325320000,"Rua José Teodoro dos Santos, 292"
412,PARQUE BURNIER.,10072309,08:38:00,5,3,0,12,2025-01-11T00:00:00.000Z,-43.327273730000,-21.763967940000,"Rua José Teodoro dos Santos, 28"
412,PARQUE BURNIER.,10072332,08:38:00,14,0,0,24,2025-01-11T00:00:00.000Z,-43.335533860000,-21.760131640000,"Rua São Geraldo, 89"
412,PARQUE BURNIER.,10072380,08:38:00,10,0,0,22,2025-01-11T00:00:00.000Z,-43.331466790000,-21.763337580000,"Rua Olga Burnier, 485"
412,PARQUE BURNIER.,10072384,08:38:00,6,0,0,12,2025-01-11T00:00:00.000Z,-43.327999480000,-21.763301540000,"Rua José Teodoro dos Santos, 126"
412,PARQUE BURNIER.,10073589,08:38:00,4,6,0,9,2025-01-11T00:00:00.000Z,-43.326568960000,-21.763629600000,"Rua Adelaide Campos de Resende, 706"
412,PARQUE BURNIER.,10072363,08:38:00,2,0,0,0,2025-01-11T00:00:00.000Z,-43.327885630000,-21.762179390000,"Rua Natalino José de Paula, 288"
412,PARQUE BURNIER.,10072358,08:38:00,1,0,0,0,2025-01-11T00:00:00.000Z,-43.328687310000,-21.761675740000,"Rua Natalino José de Paula, 112 - Ponto Final do Parque Burnier"
412,PARQUE BURNIER.,10072386,09:25:00,7,5,0,20,2025-01-11T00:00:00.000Z,-43.328850270000,-21.762325320000,"Rua José Teodoro dos Santos, 292"
412,PARQUE BURNIER.,10072302,09:25:00,15,1,1,22,2025-01-11T00:00:00.000Z,-43.338029500000,-21.760323850000,"Avenida Sete de Setembro, 623"
412,PARQUE BURNIER.,10073584,09:25:00,8,2,0,22,2025-01-11T00:00:00.000Z,-43.329363350000,-21.763255450000,"Rua Adelaide Campos de Resende, 984"
412,PARQUE BURNIER.,10072332,09:25:00,14,0,0,22,2025-01-11T00:00:00.000Z,-43.335533860000,-21.760131640000,"Rua São Geraldo, 89"
412,PARQUE BURNIER.,10072335,09:25:00,12,0,0,22,2025-01-11T00:00:00.000Z,-43.333453420000,-21.761562350000,"Rua Olga Burnier, 233"
412,PARQUE BURNIER.,10071108,09:25:00,17,0,10,8,2025-01-11T00:00:00.000Z,-43.349331860000,-21.758144610000,"Avenida Getúlio Vargas, 835"
412,PARQUE BURNIER.,10074194,09:25:00,16,0,4,18,2025-01-11T00:00:00.000Z,-43.342338620000,-21.760505960000,"Rua Ângelo Falci, 55"
412,PARQUE BURNIER.,10072380,09:25:00,10,1,1,22,2025-01-11T00:00:00.000Z,-43.331466790000,-21.763337580000,"Rua Olga Burnier, 485"
412,PARQUE BURNIER.,10072384,09:25:00,6,1,0,15,2025-01-11T00:00:00.000Z,-43.327999480000,-21.763301540000,"Rua José Teodoro dos Santos, 126"
412,PARQUE BURNIER.,10072363,09:25:00,2,1,0,1,2025-01-11T00:00:00.000Z,-43.327885630000,-21.762179390000,"Rua Natalino José de Paula, 288"
412,PARQUE BURNIER.,10073589,09:25:00,4,7,0,10,2025-01-11T00:00:00.000Z,-43.326568960000,-21.763629600000,"Rua Adelaide Campos de Resende, 706"
412,PARQUE BURNIER.,10072337,09:25:00,13,0,0,22,2025-01-11T00:00:00.000Z,-43.334540130000,-21.760522960000,"Rua Olga Burnier, 67"
412,PARQUE BURNIER.,10072382,09:25:00,11,0,0,22,2025-01-11T00:00:00.000Z,-43.332369450000,-21.762522520000,"Rua Olga Burnier, 361"
412,PARQUE BURNIER.,10073583,09:25:00,9,0,0,22,2025-01-11T00:00:00.000Z,-43.330207820000,-21.763072230000,"Rua Adelaide Campos de Resende, 1070"
412,PARQUE BURNIER.,10072309,09:25:00,5,4,0,14,2025-01-11T00:00:00.000Z,-43.327273730000,-21.763967940000,"Rua José Teodoro dos Santos, 28"
412,PARQUE BURNIER.,10072362,09:25:00,3,2,0,3,2025-01-11T00:00:00.000Z,-43.327527760000,-21.762798310000,"Rua Natalino José de Paula, 310"
412,PARQUE BURNIER.,10072358,09:25:00,1,0,0,0,2025-01-11T00:00:00.000Z,-43.328687310000,-21.761675740000,"Rua Natalino José de Paula, 112 - Ponto Final do Parque Burnier"
412,PARQUE BURNIER.,10073557,09:45:00,6,0,0,12,2025-01-11T00:00:00.000Z,-43.332479840000,-21.762640710000,"Rua Olga Burnier, 356"
412,PARQUE BURNIER.,10072359,09:45:00,14,0,4,0,2025-01-11T00:00:00.000Z,-43.326282500000,-21.763143540000,"Rua Adelaide Campos de Resende, 651"
412,PARQUE BURNIER.,10072296,09:45:00,9,0,0,10,2025-01-11T00:00:00.000Z,-43.329374790000,-21.763440430000,"Rua Adelaide Campos de Resende, 975"
412,PARQUE BURNIER.,10073561,09:45:00,7,0,2,10,2025-01-11T00:00:00.000Z,-43.331552510000,-21.763418910000,"Rua Olga Burnier, 480"
412,PARQUE BURNIER.,10071503,09:45:00,15,0,0,0,2025-01-11T00:00:00.000Z,-43.326207040000,-21.762717810000,"Rua Natalino José de Paula, 421"
412,PARQUE BURNIER.,10072328,09:45:00,13,0,4,4,2025-01-11T00:00:00.000Z,-43.326450350000,-21.763683320000,"Rua Adelaide Campos de Resende, 669"
412,PARQUE BURNIER.,10072358,09:45:00,18,3,0,3,2025-01-11T00:00:00.000Z,-43.328687310000,-21.761675740000,"Rua Natalino José de Paula, 112 - Ponto Final do Parque Burnier"
412,PARQUE BURNIER.,10072356,09:45:00,17,0,0,0,2025-01-11T00:00:00.000Z,-43.327793950000,-21.762107030000,"Rua Natalino José de Paula, 271"
412,PARQUE BURNIER.,10072316,09:45:00,11,0,0,8,2025-01-11T00:00:00.000Z,-43.328204750000,-21.763332370000,"Rua José Teodoro dos Santos, 145"
412,PARQUE BURNIER.,10073552,09:45:00,3,0,0,12,2025-01-11T00:00:00.000Z,-43.335479020000,-21.760313550000,"Rua São Geraldo, 84"
412,PARQUE BURNIER.,10073560,09:45:00,5,0,0,12,2025-01-11T00:00:00.000Z,-43.333589670000,-21.761652280000,"Rua Olga Burnier, 230"
412,PARQUE BURNIER.,10072375,09:45:00,16,0,0,0,2025-01-11T00:00:00.000Z,-43.327420830000,-21.762727850000,"Rua Natalino José de Paula, 319"
412,PARQUE BURNIER.,10072377,09:45:00,12,0,0,8,2025-01-11T00:00:00.000Z,-43.327321890000,-21.764062650000,"Rua José Teodoro dos Santos, 25"
412,PARQUE BURNIER.,10072313,09:45:00,10,0,2,8,2025-01-11T00:00:00.000Z,-43.328846690000,-21.762504770000,"Rua José Teodoro dos Santos, 275"
412,PARQUE BURNIER.,10072301,09:45:00,8,0,0,10,2025-01-11T00:00:00.000Z,-43.330138330000,-21.763252970000,"Rua Adelaide Campos de Resende, 1061"
412,PARQUE BURNIER.,10073558,09:45:00,4,0,0,12,2025-01-11T00:00:00.000Z,-43.334645750000,-21.760669710000,"Rua Olga Burnier, 70"
412,PARQUE BURNIER.,10072305,09:45:00,2,1,3,12,2025-01-11T00:00:00.000Z,-43.337478970000,-21.760922950000,"Rua Djalma de Carvalho, 37"
412,PARQUE BURNIER.,10071108,09:45:00,1,14,0,14,2025-01-11T00:00:00.000Z,-43.349331860000,-21.758144610000,"Avenida Getúlio Vargas, 835"
412,PARQUE BURNIER.,10073589,10:20:00,4,5,0,14,2025-01-11T00:00:00.000Z,-43.326568960000,-21.763629600000,"Rua Adelaide Campos de Resende, 706"
412,PARQUE BURNIER.,10072335,10:20:00,12,0,0,22,2025-01-11T00:00:00.000Z,-43.333453420000,-21.761562350000,"Rua Olga Burnier, 233"
412,PARQUE BURNIER.,10074194,10:20:00,16,8,5,30,2025-01-11T00:00:00.000Z,-43.342338620000,-21.760505960000,"Rua Ângelo Falci, 55"
412,PARQUE BURNIER.,10072382,10:20:00,11,1,0,22,2025-01-11T00:00:00.000Z,-43.332369450000,-21.762522520000,"Rua Olga Burnier, 361"
412,PARQUE BURNIER.,10073583,10:20:00,9,2,0,20,2025-01-11T00:00:00.000Z,-43.330207820000,-21.763072230000,"Rua Adelaide Campos de Resende, 1070"
412,PARQUE BURNIER.,10071108,10:20:00,17,0,23,7,2025-01-11T00:00:00.000Z,-43.349331860000,-21.758144610000,"Avenida Getúlio Vargas, 835"
412,PARQUE BURNIER.,10072302,10:20:00,15,5,0,27,2025-01-11T00:00:00.000Z,-43.338029500000,-21.760323850000,"Avenida Sete de Setembro, 623"
412,PARQUE BURNIER.,10072337,10:20:00,13,0,0,22,2025-01-11T00:00:00.000Z,-43.334540130000,-21.760522960000,"Rua Olga Burnier, 67"
412,PARQUE BURNIER.,10072386,10:20:00,7,1,0,17,2025-01-11T00:00:00.000Z,-43.328850270000,-21.762325320000,"Rua José Teodoro dos Santos, 292"
412,PARQUE BURNIER.,10072309,10:20:00,5,2,0,16,2025-01-11T00:00:00.000Z,-43.327273730000,-21.763967940000,"Rua José Teodoro dos Santos, 28"
412,PARQUE BURNIER.,10072362,10:20:00,3,4,0,9,2025-01-11T00:00:00.000Z,-43.327527760000,-21.762798310000,"Rua Natalino José de Paula, 310"
412,PARQUE BURNIER.,10072332,10:20:00,14,0,0,22,2025-01-11T00:00:00.000Z,-43.335533860000,-21.760131640000,"Rua São Geraldo, 89"
412,PARQUE BURNIER.,10072380,10:20:00,10,1,0,21,2025-01-11T00:00:00.000Z,-43.331466790000,-21.763337580000,"Rua Olga Burnier, 485"
412,PARQUE BURNIER.,10073584,10:20:00,8,1,0,18,2025-01-11T00:00:00.000Z,-43.329363350000,-21.763255450000,"Rua Adelaide Campos de Resende, 984"
412,PARQUE BURNIER.,10072384,10:20:00,6,0,0,16,2025-01-11T00:00:00.000Z,-43.327999480000,-21.763301540000,"Rua José Teodoro dos Santos, 126"
412,PARQUE BURNIER.,10072363,10:20:00,2,5,0,5,2025-01-11T00:00:00.000Z,-43.327885630000,-21.762179390000,"Rua Natalino José de Paula, 288"
412,PARQUE BURNIER.,10072358,10:20:00,1,0,0,0,2025-01-11T00:00:00.000Z,-43.328687310000,-21.761675740000,"Rua Natalino José de Paula, 112 - Ponto Final do Parque Burnier"
412,PARQUE BURNIER.,10073561,10:40:00,7,0,2,2,2025-01-11T00:00:00.000Z,-43.331552510000,-21.763418910000,"Rua Olga Burnier, 480"
412,PARQUE BURNIER.,10072316,10:40:00,11,0,0,0,2025-01-11T00:00:00.000Z,-43.328204750000,-21.763332370000,"Rua José Teodoro dos Santos, 145"
412,PARQUE BURNIER.,10071503,10:40:00,15,0,0,0,2025-01-11T00:00:00.000Z,-43.326207040000,-21.762717810000,"Rua Natalino José de Paula, 421"
412,PARQUE BURNIER.,10072301,10:40:00,8,0,1,1,2025-01-11T00:00:00.000Z,-43.330138330000,-21.763252970000,"Rua Adelaide Campos de Resende, 1061"
412,PARQUE BURNIER.,10073557,10:40:00,6,0,0,4,2025-01-11T00:00:00.000Z,-43.332479840000,-21.762640710000,"Rua Olga Burnier, 356"
412,PARQUE BURNIER.,10072375,10:40:00,16,0,0,0,2025-01-11T00:00:00.000Z,-43.327420830000,-21.762727850000,"Rua Natalino José de Paula, 319"
412,PARQUE BURNIER.,10072359,10:40:00,14,0,0,0,2025-01-11T00:00:00.000Z,-43.326282500000,-21.763143540000,"Rua Adelaide Campos de Resende, 651"
412,PARQUE BURNIER.,10072358,10:40:00,18,8,0,9,2025-01-11T00:00:00.000Z,-43.328687310000,-21.761675740000,"Rua Natalino José de Paula, 112 - Ponto Final do Parque Burnier"
412,PARQUE BURNIER.,10072377,10:40:00,12,0,0,0,2025-01-11T00:00:00.000Z,-43.327321890000,-21.764062650000,"Rua José Teodoro dos Santos, 25"
412,PARQUE BURNIER.,10073558,10:40:00,4,0,0,4,2025-01-11T00:00:00.000Z,-43.334645750000,-21.760669710000,"Rua Olga Burnier, 70"
412,PARQUE BURNIER.,10072305,10:40:00,2,1,3,4,2025-01-11T00:00:00.000Z,-43.337478970000,-21.760922950000,"Rua Djalma de Carvalho, 37"
412,PARQUE BURNIER.,10072313,10:40:00,10,0,0,0,2025-01-11T00:00:00.000Z,-43.328846690000,-21.762504770000,"Rua José Teodoro dos Santos, 275"
412,PARQUE BURNIER.,10072356,10:40:00,17,1,0,1,2025-01-11T00:00:00.000Z,-43.327793950000,-21.762107030000,"Rua Natalino José de Paula, 271"
412,PARQUE BURNIER.,10072328,10:40:00,13,0,0,0,2025-01-11T00:00:00.000Z,-43.326450350000,-21.763683320000,"Rua Adelaide Campos de Resende, 669"
412,PARQUE BURNIER.,10072296,10:40:00,9,0,1,0,2025-01-11T00:00:00.000Z,-43.329374790000,-21.763440430000,"Rua Adelaide Campos de Resende, 975"
412,PARQUE BURNIER.,10073560,10:40:00,5,0,0,4,2025-01-11T00:00:00.000Z,-43.333589670000,-21.761652280000,"Rua Olga Burnier, 230"
412,PARQUE BURNIER.,10073552,10:40:00,3,0,0,4,2025-01-11T00:00:00.000Z,-43.335479020000,-21.760313550000,"Rua São Geraldo, 84"
412,PARQUE BURNIER.,10071108,10:40:00,1,6,0,6,2025-01-11T00:00:00.000Z,-43.349331860000,-21.758144610000,"Avenida Getúlio Vargas, 835"
412,PARQUE BURNIER.,10072337,11:15:00,13,2,0,11,2025-01-11T00:00:00.000Z,-43.334540130000,-21.760522960000,"Rua Olga Burnier, 67"
412,PARQUE BURNIER.,10073583,11:15:00,9,0,0,9,2025-01-11T00:00:00.000Z,-43.330207820000,-21.763072230000,"Rua Adelaide Campos de Resende, 1070"
412,PARQUE BURNIER.,10072335,11:15:00,12,0,0,9,2025-01-11T00:00:00.000Z,-43.333453420000,-21.761562350000,"Rua Olga Burnier, 233"
412,PARQUE BURNIER.,10072332,11:15:00,14,0,0,11,2025-01-11T00:00:00.000Z,-43.335533860000,-21.760131640000,"Rua São Geraldo, 89"
412,PARQUE BURNIER.,10072380,11:15:00,10,0,0,9,2025-01-11T00:00:00.000Z,-43.331466790000,-21.763337580000,"Rua Olga Burnier, 485"
412,PARQUE BURNIER.,10073584,11:15:00,8,1,0,9,2025-01-11T00:00:00.000Z,-43.329363350000,-21.763255450000,"Rua Adelaide Campos de Resende, 984"
412,PARQUE BURNIER.,10071108,11:15:00,17,0,17,0,2025-01-11T00:00:00.000Z,-43.349331860000,-21.758144610000,"Avenida Getúlio Vargas, 835"
412,PARQUE BURNIER.,10074194,11:15:00,16,11,4,17,2025-01-11T00:00:00.000Z,-43.342338620000,-21.760505960000,"Rua Ângelo Falci, 55"
412,PARQUE BURNIER.,10072384,11:15:00,6,1,0,8,2025-01-11T00:00:00.000Z,-43.327999480000,-21.763301540000,"Rua José Teodoro dos Santos, 126"
412,PARQUE BURNIER.,10072363,11:15:00,2,1,0,1,2025-01-11T00:00:00.000Z,-43.327885630000,-21.762179390000,"Rua Natalino José de Paula, 288"
412,PARQUE BURNIER.,10073589,11:15:00,4,1,0,3,2025-01-11T00:00:00.000Z,-43.326568960000,-21.763629600000,"Rua Adelaide Campos de Resende, 706"
412,PARQUE BURNIER.,10072302,11:15:00,15,1,2,10,2025-01-11T00:00:00.000Z,-43.338029500000,-21.760323850000,"Avenida Sete de Setembro, 623"
412,PARQUE BURNIER.,10072382,11:15:00,11,0,0,9,2025-01-11T00:00:00.000Z,-43.332369450000,-21.762522520000,"Rua Olga Burnier, 361"
412,PARQUE BURNIER.,10072386,11:15:00,7,0,0,8,2025-01-11T00:00:00.000Z,-43.328850270000,-21.762325320000,"Rua José Teodoro dos Santos, 292"
412,PARQUE BURNIER.,10072309,11:15:00,5,5,1,7,2025-01-11T00:00:00.000Z,-43.327273730000,-21.763967940000,"Rua José Teodoro dos Santos, 28"
412,PARQUE BURNIER.,10072362,11:15:00,3,1,0,2,2025-01-11T00:00:00.000Z,-43.327527760000,-21.762798310000,"Rua Natalino José de Paula, 310"
412,PARQUE BURNIER.,10072358,11:15:00,1,0,0,0,2025-01-11T00:00:00.000Z,-43.328687310000,-21.761675740000,"Rua Natalino José de Paula, 112 - Ponto Final do Parque Burnier"
412,PARQUE BURNIER.,10072375,11:35:00,16,0,0,0,2025-01-11T00:00:00.000Z,-43.327420830000,-21.762727850000,"Rua Natalino José de Paula, 319"
412,PARQUE BURNIER.,10072301,11:35:00,8,0,1,12,2025-01-11T00:00:00.000Z,-43.330138330000,-21.763252970000,"Rua Adelaide Campos de Resende, 1061"
412,PARQUE BURNIER.,10072316,11:35:00,11,0,0,9,2025-01-11T00:00:00.000Z,-43.328204750000,-21.763332370000,"Rua José Teodoro dos Santos, 145"
412,PARQUE BURNIER.,10072296,11:35:00,9,0,1,11,2025-01-11T00:00:00.000Z,-43.329374790000,-21.763440430000,"Rua Adelaide Campos de Resende, 975"
412,PARQUE BURNIER.,10071503,11:35:00,15,0,1,0,2025-01-11T00:00:00.000Z,-43.326207040000,-21.762717810000,"Rua Natalino José de Paula, 421"
412,PARQUE BURNIER.,10072328,11:35:00,13,0,4,5,2025-01-11T00:00:00.000Z,-43.326450350000,-21.763683320000,"Rua Adelaide Campos de Resende, 669"
412,PARQUE BURNIER.,10073561,11:35:00,7,0,2,13,2025-01-11T00:00:00.000Z,-43.331552510000,-21.763418910000,"Rua Olga Burnier, 480"
412,PARQUE BURNIER.,10072358,11:35:00,18,2,0,2,2025-01-11T00:00:00.000Z,-43.328687310000,-21.761675740000,"Rua Natalino José de Paula, 112 - Ponto Final do Parque Burnier"
412,PARQUE BURNIER.,10072356,11:35:00,17,0,0,0,2025-01-11T00:00:00.000Z,-43.327793950000,-21.762107030000,"Rua Natalino José de Paula, 271"
412,PARQUE BURNIER.,10073552,11:35:00,3,0,1,15,2025-01-11T00:00:00.000Z,-43.335479020000,-21.760313550000,"Rua São Geraldo, 84"
412,PARQUE BURNIER.,10073560,11:35:00,5,0,0,15,2025-01-11T00:00:00.000Z,-43.333589670000,-21.761652280000,"Rua Olga Burnier, 230"
412,PARQUE BURNIER.,10072359,11:35:00,14,0,4,1,2025-01-11T00:00:00.000Z,-43.326282500000,-21.763143540000,"Rua Adelaide Campos de Resende, 651"
412,PARQUE BURNIER.,10072377,11:35:00,12,0,0,9,2025-01-11T00:00:00.000Z,-43.327321890000,-21.764062650000,"Rua José Teodoro dos Santos, 25"
412,PARQUE BURNIER.,10072313,11:35:00,10,0,2,9,2025-01-11T00:00:00.000Z,-43.328846690000,-21.762504770000,"Rua José Teodoro dos Santos, 275"
412,PARQUE BURNIER.,10073557,11:35:00,6,0,0,15,2025-01-11T00:00:00.000Z,-43.332479840000,-21.762640710000,"Rua Olga Burnier, 356"
412,PARQUE BURNIER.,10073558,11:35:00,4,0,0,15,2025-01-11T00:00:00.000Z,-43.334645750000,-21.760669710000,"Rua Olga Burnier, 70"
412,PARQUE BURNIER.,10072305,11:35:00,2,2,3,16,2025-01-11T00:00:00.000Z,-43.337478970000,-21.760922950000,"Rua Djalma de Carvalho, 37"
412,PARQUE BURNIER.,10071108,11:35:00,1,17,0,17,2025-01-11T00:00:00.000Z,-43.349331860000,-21.758144610000,"Avenida Getúlio Vargas, 835"
412,PARQUE BURNIER.,10072332,12:10:00,14,2,0,11,2025-01-11T00:00:00.000Z,-43.335533860000,-21.760131640000,"Rua São Geraldo, 89"
412,PARQUE BURNIER.,10072384,12:10:00,6,1,0,5,2025-01-11T00:00:00.000Z,-43.327999480000,-21.763301540000,"Rua José Teodoro dos Santos, 126"
412,PARQUE BURNIER.,10072363,12:10:00,2,1,0,1,2025-01-11T00:00:00.000Z,-43.327885630000,-21.762179390000,"Rua Natalino José de Paula, 288"
412,PARQUE BURNIER.,10072382,12:10:00,11,0,0,9,2025-01-11T00:00:00.000Z,-43.332369450000,-21.762522520000,"Rua Olga Burnier, 361"
412,PARQUE BURNIER.,10073583,12:10:00,9,1,0,9,2025-01-11T00:00:00.000Z,-43.330207820000,-21.763072230000,"Rua Adelaide Campos de Resende, 1070"
412,PARQUE BURNIER.,10072302,12:10:00,15,0,2,9,2025-01-11T00:00:00.000Z,-43.338029500000,-21.760323850000,"Avenida Sete de Setembro, 623"
412,PARQUE BURNIER.,10071108,12:10:00,17,0,27,0,2025-01-11T00:00:00.000Z,-43.349331860000,-21.758144610000,"Avenida Getúlio Vargas, 835"
412,PARQUE BURNIER.,10072337,12:10:00,13,0,0,9,2025-01-11T00:00:00.000Z,-43.334540130000,-21.760522960000,"Rua Olga Burnier, 67"
412,PARQUE BURNIER.,10072386,12:10:00,7,1,0,6,2025-01-11T00:00:00.000Z,-43.328850270000,-21.762325320000,"Rua José Teodoro dos Santos, 292"
412,PARQUE BURNIER.,10072362,12:10:00,3,0,0,1,2025-01-11T00:00:00.000Z,-43.327527760000,-21.762798310000,"Rua Natalino José de Paula, 310"
412,PARQUE BURNIER.,10072309,12:10:00,5,0,0,4,2025-01-11T00:00:00.000Z,-43.327273730000,-21.763967940000,"Rua José Teodoro dos Santos, 28"
412,PARQUE BURNIER.,10074194,12:10:00,16,18,0,27,2025-01-11T00:00:00.000Z,-43.342338620000,-21.760505960000,"Rua Ângelo Falci, 55"
412,PARQUE BURNIER.,10072335,12:10:00,12,0,0,9,2025-01-11T00:00:00.000Z,-43.333453420000,-21.761562350000,"Rua Olga Burnier, 233"
412,PARQUE BURNIER.,10072380,12:10:00,10,0,0,9,2025-01-11T00:00:00.000Z,-43.331466790000,-21.763337580000,"Rua Olga Burnier, 485"
412,PARQUE BURNIER.,10073584,12:10:00,8,2,0,8,2025-01-11T00:00:00.000Z,-43.329363350000,-21.763255450000,"Rua Adelaide Campos de Resende, 984"
412,PARQUE BURNIER.,10073589,12:10:00,4,3,0,4,2025-01-11T00:00:00.000Z,-43.326568960000,-21.763629600000,"Rua Adelaide Campos de Resende, 706"
412,PARQUE BURNIER.,10072358,12:10:00,1,0,0,0,2025-01-11T00:00:00.000Z,-43.328687310000,-21.761675740000,"Rua Natalino José de Paula, 112 - Ponto Final do Parque Burnier"
412,PARQUE BURNIER.,10072356,12:30:00,17,0,1,0,2025-01-11T00:00:00.000Z,-43.327793950000,-21.762107030000,"Rua Natalino José de Paula, 271"
412,PARQUE BURNIER.,10072377,12:30:00,12,0,0,4,2025-01-11T00:00:00.000Z,-43.327321890000,-21.764062650000,"Rua José Teodoro dos Santos, 25"
412,PARQUE BURNIER.,10072313,12:30:00,10,0,2,4,2025-01-11T00:00:00.000Z,-43.328846690000,-21.762504770000,"Rua José Teodoro dos Santos, 275"
412,PARQUE BURNIER.,10072359,12:30:00,14,0,0,0,2025-01-11T00:00:00.000Z,-43.326282500000,-21.763143540000,"Rua Adelaide Campos de Resende, 651"
412,PARQUE BURNIER.,10072375,12:30:00,16,0,0,1,2025-01-11T00:00:00.000Z,-43.327420830000,-21.762727850000,"Rua Natalino José de Paula, 319"
412,PARQUE BURNIER.,10072301,12:30:00,8,0,0,7,2025-01-11T00:00:00.000Z,-43.330138330000,-21.763252970000,"Rua Adelaide Campos de Resende, 1061"
412,PARQUE BURNIER.,10073557,12:30:00,6,0,0,9,2025-01-11T00:00:00.000Z,-43.332479840000,-21.762640710000,"Rua Olga Burnier, 356"
412,PARQUE BURNIER.,10072358,12:30:00,18,3,0,3,2025-01-11T00:00:00.000Z,-43.328687310000,-21.761675740000,"Rua Natalino José de Paula, 112 - Ponto Final do Parque Burnier"
412,PARQUE BURNIER.,10073558,12:30:00,4,0,0,8,2025-01-11T00:00:00.000Z,-43.334645750000,-21.760669710000,"Rua Olga Burnier, 70"
412,PARQUE BURNIER.,10072305,12:30:00,2,1,3,9,2025-01-11T00:00:00.000Z,-43.337478970000,-21.760922950000,"Rua Djalma de Carvalho, 37"
412,PARQUE BURNIER.,10072328,12:30:00,13,0,4,0,2025-01-11T00:00:00.000Z,-43.326450350000,-21.763683320000,"Rua Adelaide Campos de Resende, 669"
412,PARQUE BURNIER.,10071503,12:30:00,15,1,0,1,2025-01-11T00:00:00.000Z,-43.326207040000,-21.762717810000,"Rua Natalino José de Paula, 421"
412,PARQUE BURNIER.,10072316,12:30:00,11,0,0,4,2025-01-11T00:00:00.000Z,-43.328204750000,-21.763332370000,"Rua José Teodoro dos Santos, 145"
412,PARQUE BURNIER.,10072296,12:30:00,9,0,1,6,2025-01-11T00:00:00.000Z,-43.329374790000,-21.763440430000,"Rua Adelaide Campos de Resende, 975"
412,PARQUE BURNIER.,10073561,12:30:00,7,0,2,7,2025-01-11T00:00:00.000Z,-43.331552510000,-21.763418910000,"Rua Olga Burnier, 480"
412,PARQUE BURNIER.,10073560,12:30:00,5,1,0,9,2025-01-11T00:00:00.000Z,-43.333589670000,-21.761652280000,"Rua Olga Burnier, 230"
412,PARQUE BURNIER.,10073552,12:30:00,3,0,1,8,2025-01-11T00:00:00.000Z,-43.335479020000,-21.760313550000,"Rua São Geraldo, 84"
412,PARQUE BURNIER.,10071108,12:30:00,1,11,0,11,2025-01-11T00:00:00.000Z,-43.349331860000,-21.758144610000,"Avenida Getúlio Vargas, 835"
412,PARQUE BURNIER.,10072382,13:05:00,11,1,0,12,2025-01-11T00:00:00.000Z,-43.332369450000,-21.762522520000,"Rua Olga Burnier, 361"
412,PARQUE BURNIER.,10072302,13:05:00,15,1,2,12,2025-01-11T00:00:00.000Z,-43.338029500000,-21.760323850000,"Avenida Sete de Setembro, 623"
412,PARQUE BURNIER.,10072362,13:05:00,3,1,0,3,2025-01-11T00:00:00.000Z,-43.327527760000,-21.762798310000,"Rua Natalino José de Paula, 310"
412,PARQUE BURNIER.,10072335,13:05:00,12,1,0,13,2025-01-11T00:00:00.000Z,-43.333453420000,-21.761562350000,"Rua Olga Burnier, 233"
412,PARQUE BURNIER.,10072380,13:05:00,10,0,0,11,2025-01-11T00:00:00.000Z,-43.331466790000,-21.763337580000,"Rua Olga Burnier, 485"
412,PARQUE BURNIER.,10072332,13:05:00,14,0,0,13,2025-01-11T00:00:00.000Z,-43.335533860000,-21.760131640000,"Rua São Geraldo, 89"
412,PARQUE BURNIER.,10071108,13:05:00,17,0,17,2,2025-01-11T00:00:00.000Z,-43.349331860000,-21.758144610000,"Avenida Getúlio Vargas, 835"
412,PARQUE BURNIER.,10074194,13:05:00,16,7,0,19,2025-01-11T00:00:00.000Z,-43.342338620000,-21.760505960000,"Rua Ângelo Falci, 55"
412,PARQUE BURNIER.,10073584,13:05:00,8,1,0,11,2025-01-11T00:00:00.000Z,-43.329363350000,-21.763255450000,"Rua Adelaide Campos de Resende, 984"
412,PARQUE BURNIER.,10072384,13:05:00,6,2,0,8,2025-01-11T00:00:00.000Z,-43.327999480000,-21.763301540000,"Rua José Teodoro dos Santos, 126"
412,PARQUE BURNIER.,10073589,13:05:00,4,3,0,6,2025-01-11T00:00:00.000Z,-43.326568960000,-21.763629600000,"Rua Adelaide Campos de Resende, 706"
412,PARQUE BURNIER.,10072363,13:05:00,2,2,0,2,2025-01-11T00:00:00.000Z,-43.327885630000,-21.762179390000,"Rua Natalino José de Paula, 288"
412,PARQUE BURNIER.,10072337,13:05:00,13,0,0,13,2025-01-11T00:00:00.000Z,-43.334540130000,-21.760522960000,"Rua Olga Burnier, 67"
412,PARQUE BURNIER.,10073583,13:05:00,9,0,0,11,2025-01-11T00:00:00.000Z,-43.330207820000,-21.763072230000,"Rua Adelaide Campos de Resende, 1070"
412,PARQUE BURNIER.,10072386,13:05:00,7,2,0,10,2025-01-11T00:00:00.000Z,-43.328850270000,-21.762325320000,"Rua José Teodoro dos Santos, 292"
412,PARQUE BURNIER.,10072309,13:05:00,5,0,0,6,2025-01-11T00:00:00.000Z,-43.327273730000,-21.763967940000,"Rua José Teodoro dos Santos, 28"
412,PARQUE BURNIER.,10072358,13:05:00,1,0,0,0,2025-01-11T00:00:00.000Z,-43.328687310000,-21.761675740000,"Rua Natalino José de Paula, 112 - Ponto Final do Parque Burnier"
412,PARQUE BURNIER.,10072305,13:25:00,2,0,0,10,2025-01-11T00:00:00.000Z,-43.337478970000,-21.760922950000,"Rua Djalma de Carvalho, 37"
412,PARQUE BURNIER.,10072316,13:25:00,11,0,1,4,2025-01-11T00:00:00.000Z,-43.328204750000,-21.763332370000,"Rua José Teodoro dos Santos, 145"
412,PARQUE BURNIER.,10072328,13:25:00,13,0,2,2,2025-01-11T00:00:00.000Z,-43.326450350000,-21.763683320000,"Rua Adelaide Campos de Resende, 669"
412,PARQUE BURNIER.,10071503,13:25:00,15,0,0,0,2025-01-11T00:00:00.000Z,-43.326207040000,-21.762717810000,"Rua Natalino José de Paula, 421"
412,PARQUE BURNIER.,10072296,13:25:00,9,0,1,8,2025-01-11T00:00:00.000Z,-43.329374790000,-21.763440430000,"Rua Adelaide Campos de Resende, 975"
412,PARQUE BURNIER.,10072358,13:25:00,18,4,0,4,2025-01-11T00:00:00.000Z,-43.328687310000,-21.761675740000,"Rua Natalino José de Paula, 112 - Ponto Final do Parque Burnier"
412,PARQUE BURNIER.,10072356,13:25:00,17,0,0,0,2025-01-11T00:00:00.000Z,-43.327793950000,-21.762107030000,"Rua Natalino José de Paula, 271"
412,PARQUE BURNIER.,10073561,13:25:00,7,0,0,9,2025-01-11T00:00:00.000Z,-43.331552510000,-21.763418910000,"Rua Olga Burnier, 480"
412,PARQUE BURNIER.,10073552,13:25:00,3,0,1,9,2025-01-11T00:00:00.000Z,-43.335479020000,-21.760313550000,"Rua São Geraldo, 84"
412,PARQUE BURNIER.,10073560,13:25:00,5,0,0,9,2025-01-11T00:00:00.000Z,-43.333589670000,-21.761652280000,"Rua Olga Burnier, 230"
412,PARQUE BURNIER.,10072359,13:25:00,14,0,2,0,2025-01-11T00:00:00.000Z,-43.326282500000,-21.763143540000,"Rua Adelaide Campos de Resende, 651"
412,PARQUE BURNIER.,10072375,13:25:00,16,0,0,0,2025-01-11T00:00:00.000Z,-43.327420830000,-21.762727850000,"Rua Natalino José de Paula, 319"
412,PARQUE BURNIER.,10072377,13:25:00,12,0,0,4,2025-01-11T00:00:00.000Z,-43.327321890000,-21.764062650000,"Rua José Teodoro dos Santos, 25"
412,PARQUE BURNIER.,10072301,13:25:00,8,0,0,9,2025-01-11T00:00:00.000Z,-43.330138330000,-21.763252970000,"Rua Adelaide Campos de Resende, 1061"
412,PARQUE BURNIER.,10073557,13:25:00,6,0,0,9,2025-01-11T00:00:00.000Z,-43.332479840000,-21.762640710000,"Rua Olga Burnier, 356"
412,PARQUE BURNIER.,10073558,13:25:00,4,0,0,9,2025-01-11T00:00:00.000Z,-43.334645750000,-21.760669710000,"Rua Olga Burnier, 70"
412,PARQUE BURNIER.,10071108,13:25:00,1,10,0,10,2025-01-11T00:00:00.000Z,-43.349331860000,-21.758144610000,"Avenida Getúlio Vargas, 835"
412,PARQUE BURNIER.,10072313,13:25:00,10,0,3,5,2025-01-11T00:00:00.000Z,-43.328846690000,-21.762504770000,"Rua José Teodoro dos Santos, 275"
412,PARQUE BURNIER.,10074194,14:00:00,16,21,2,22,2025-01-11T00:00:00.000Z,-43.342338620000,-21.760505960000,"Rua Ângelo Falci, 55"
412,PARQUE BURNIER.,10073584,14:00:00,8,0,0,5,2025-01-11T00:00:00.000Z,-43.329363350000,-21.763255450000,"Rua Adelaide Campos de Resende, 984"
412,PARQUE BURNIER.,10073589,14:00:00,4,1,0,3,2025-01-11T00:00:00.000Z,-43.326568960000,-21.763629600000,"Rua Adelaide Campos de Resende, 706"
412,PARQUE BURNIER.,10072382,14:00:00,11,0,0,5,2025-01-11T00:00:00.000Z,-43.332369450000,-21.762522520000,"Rua Olga Burnier, 361"
412,PARQUE BURNIER.,10072337,14:00:00,13,0,0,5,2025-01-11T00:00:00.000Z,-43.334540130000,-21.760522960000,"Rua Olga Burnier, 67"
412,PARQUE BURNIER.,10072302,14:00:00,15,0,2,3,2025-01-11T00:00:00.000Z,-43.338029500000,-21.760323850000,"Avenida Sete de Setembro, 623"
412,PARQUE BURNIER.,10073583,14:00:00,9,0,0,5,2025-01-11T00:00:00.000Z,-43.330207820000,-21.763072230000,"Rua Adelaide Campos de Resende, 1070"
412,PARQUE BURNIER.,10071108,14:00:00,17,0,18,4,2025-01-11T00:00:00.000Z,-43.349331860000,-21.758144610000,"Avenida Getúlio Vargas, 835"
412,PARQUE BURNIER.,10072362,14:00:00,3,2,0,2,2025-01-11T00:00:00.000Z,-43.327527760000,-21.762798310000,"Rua Natalino José de Paula, 310"
412,PARQUE BURNIER.,10072386,14:00:00,7,0,0,5,2025-01-11T00:00:00.000Z,-43.328850270000,-21.762325320000,"Rua José Teodoro dos Santos, 292"
412,PARQUE BURNIER.,10072309,14:00:00,5,2,0,5,2025-01-11T00:00:00.000Z,-43.327273730000,-21.763967940000,"Rua José Teodoro dos Santos, 28"
412,PARQUE BURNIER.,10072332,14:00:00,14,0,0,5,2025-01-11T00:00:00.000Z,-43.335533860000,-21.760131640000,"Rua São Geraldo, 89"
412,PARQUE BURNIER.,10072335,14:00:00,12,0,0,5,2025-01-11T00:00:00.000Z,-43.333453420000,-21.761562350000,"Rua Olga Burnier, 233"
412,PARQUE BURNIER.,10072380,14:00:00,10,0,0,5,2025-01-11T00:00:00.000Z,-43.331466790000,-21.763337580000,"Rua Olga Burnier, 485"
412,PARQUE BURNIER.,10072384,14:00:00,6,0,0,5,2025-01-11T00:00:00.000Z,-43.327999480000,-21.763301540000,"Rua José Teodoro dos Santos, 126"
412,PARQUE BURNIER.,10072363,14:00:00,2,0,0,0,2025-01-11T00:00:00.000Z,-43.327885630000,-21.762179390000,"Rua Natalino José de Paula, 288"
412,PARQUE BURNIER.,10072358,14:00:00,1,0,0,0,2025-01-11T00:00:00.000Z,-43.328687310000,-21.761675740000,"Rua Natalino José de Paula, 112 - Ponto Final do Parque Burnier"
412,PARQUE BURNIER.,10071503,14:20:00,15,0,3,0,2025-01-11T00:00:00.000Z,-43.326207040000,-21.762717810000,"Rua Natalino José de Paula, 421"
412,PARQUE BURNIER.,10072313,14:20:00,10,1,2,11,2025-01-11T00:00:00.000Z,-43.328846690000,-21.762504770000,"Rua José Teodoro dos Santos, 275"
412,PARQUE BURNIER.,10072301,14:20:00,8,0,0,13,2025-01-11T00:00:00.000Z,-43.330138330000,-21.763252970000,"Rua Adelaide Campos de Resende, 1061"
412,PARQUE BURNIER.,10072359,14:20:00,14,0,4,3,2025-01-11T00:00:00.000Z,-43.326282500000,-21.763143540000,"Rua Adelaide Campos de Resende, 651"
412,PARQUE BURNIER.,10072375,14:20:00,16,0,0,0,2025-01-11T00:00:00.000Z,-43.327420830000,-21.762727850000,"Rua Natalino José de Paula, 319"
412,PARQUE BURNIER.,10072377,14:20:00,12,0,0,11,2025-01-11T00:00:00.000Z,-43.327321890000,-21.764062650000,"Rua José Teodoro dos Santos, 25"
412,PARQUE BURNIER.,10073557,14:20:00,6,0,0,15,2025-01-11T00:00:00.000Z,-43.332479840000,-21.762640710000,"Rua Olga Burnier, 356"
412,PARQUE BURNIER.,10073558,14:20:00,4,0,0,15,2025-01-11T00:00:00.000Z,-43.334645750000,-21.760669710000,"Rua Olga Burnier, 70"
412,PARQUE BURNIER.,10072305,14:20:00,2,0,3,15,2025-01-11T00:00:00.000Z,-43.337478970000,-21.760922950000,"Rua Djalma de Carvalho, 37"
412,PARQUE BURNIER.,10072358,14:20:00,18,1,0,1,2025-01-11T00:00:00.000Z,-43.328687310000,-21.761675740000,"Rua Natalino José de Paula, 112 - Ponto Final do Parque Burnier"
412,PARQUE BURNIER.,10072316,14:20:00,11,0,0,11,2025-01-11T00:00:00.000Z,-43.328204750000,-21.763332370000,"Rua José Teodoro dos Santos, 145"
412,PARQUE BURNIER.,10072328,14:20:00,13,0,4,7,2025-01-11T00:00:00.000Z,-43.326450350000,-21.763683320000,"Rua Adelaide Campos de Resende, 669"
412,PARQUE BURNIER.,10072356,14:20:00,17,0,0,0,2025-01-11T00:00:00.000Z,-43.327793950000,-21.762107030000,"Rua Natalino José de Paula, 271"
412,PARQUE BURNIER.,10072296,14:20:00,9,0,1,12,2025-01-11T00:00:00.000Z,-43.329374790000,-21.763440430000,"Rua Adelaide Campos de Resende, 975"
412,PARQUE BURNIER.,10073560,14:20:00,5,0,0,15,2025-01-11T00:00:00.000Z,-43.333589670000,-21.761652280000,"Rua Olga Burnier, 230"
412,PARQUE BURNIER.,10073552,14:20:00,3,0,0,15,2025-01-11T00:00:00.000Z,-43.335479020000,-21.760313550000,"Rua São Geraldo, 84"
412,PARQUE BURNIER.,10071108,14:20:00,1,18,0,18,2025-01-11T00:00:00.000Z,-43.349331860000,-21.758144610000,"Avenida Getúlio Vargas, 835"
412,PARQUE BURNIER.,10073561,14:20:00,7,0,2,13,2025-01-11T00:00:00.000Z,-43.331552510000,-21.763418910000,"Rua Olga Burnier, 480"
412,PARQUE BURNIER.,10072337,14:55:00,13,0,0,2,2025-01-11T00:00:00.000Z,-43.334540130000,-21.760522960000,"Rua Olga Burnier, 67"
412,PARQUE BURNIER.,10073584,14:55:00,8,2,0,2,2025-01-11T00:00:00.000Z,-43.329363350000,-21.763255450000,"Rua Adelaide Campos de Resende, 984"
412,PARQUE BURNIER.,10072332,14:55:00,14,0,0,2,2025-01-11T00:00:00.000Z,-43.335533860000,-21.760131640000,"Rua São Geraldo, 89"
412,PARQUE BURNIER.,10074194,14:55:00,16,7,0,9,2025-01-11T00:00:00.000Z,-43.342338620000,-21.760505960000,"Rua Ângelo Falci, 55"
412,PARQUE BURNIER.,10071108,14:55:00,17,0,9,0,2025-01-11T00:00:00.000Z,-43.349331860000,-21.758144610000,"Avenida Getúlio Vargas, 835"
412,PARQUE BURNIER.,10072335,14:55:00,12,0,0,2,2025-01-11T00:00:00.000Z,-43.333453420000,-21.761562350000,"Rua Olga Burnier, 233"
412,PARQUE BURNIER.,10073589,14:55:00,4,1,0,1,2025-01-11T00:00:00.000Z,-43.326568960000,-21.763629600000,"Rua Adelaide Campos de Resende, 706"
412,PARQUE BURNIER.,10072380,14:55:00,10,0,0,2,2025-01-11T00:00:00.000Z,-43.331466790000,-21.763337580000,"Rua Olga Burnier, 485"
412,PARQUE BURNIER.,10072384,14:55:00,6,0,0,0,2025-01-11T00:00:00.000Z,-43.327999480000,-21.763301540000,"Rua José Teodoro dos Santos, 126"
412,PARQUE BURNIER.,10072363,14:55:00,2,0,0,0,2025-01-11T00:00:00.000Z,-43.327885630000,-21.762179390000,"Rua Natalino José de Paula, 288"
412,PARQUE BURNIER.,10072302,14:55:00,15,0,0,2,2025-01-11T00:00:00.000Z,-43.338029500000,-21.760323850000,"Avenida Sete de Setembro, 623"
412,PARQUE BURNIER.,10072382,14:55:00,11,0,0,2,2025-01-11T00:00:00.000Z,-43.332369450000,-21.762522520000,"Rua Olga Burnier, 361"
412,PARQUE BURNIER.,10073583,14:55:00,9,0,0,2,2025-01-11T00:00:00.000Z,-43.330207820000,-21.763072230000,"Rua Adelaide Campos de Resende, 1070"
412,PARQUE BURNIER.,10072386,14:55:00,7,0,0,0,2025-01-11T00:00:00.000Z,-43.328850270000,-21.762325320000,"Rua José Teodoro dos Santos, 292"
412,PARQUE BURNIER.,10072309,14:55:00,5,0,1,0,2025-01-11T00:00:00.000Z,-43.327273730000,-21.763967940000,"Rua José Teodoro dos Santos, 28"
412,PARQUE BURNIER.,10072362,14:55:00,3,0,0,0,2025-01-11T00:00:00.000Z,-43.327527760000,-21.762798310000,"Rua Natalino José de Paula, 310"
412,PARQUE BURNIER.,10072358,14:55:00,1,0,0,0,2025-01-11T00:00:00.000Z,-43.328687310000,-21.761675740000,"Rua Natalino José de Paula, 112 - Ponto Final do Parque Burnier"
412,PARQUE BURNIER.,10072375,15:15:00,16,0,0,0,2025-01-11T00:00:00.000Z,-43.327420830000,-21.762727850000,"Rua Natalino José de Paula, 319"
412,PARQUE BURNIER.,10073558,15:15:00,4,0,0,9,2025-01-11T00:00:00.000Z,-43.334645750000,-21.760669710000,"Rua Olga Burnier, 70"
412,PARQUE BURNIER.,10072316,15:15:00,11,0,0,6,2025-01-11T00:00:00.000Z,-43.328204750000,-21.763332370000,"Rua José Teodoro dos Santos, 145"
412,PARQUE BURNIER.,10072328,15:15:00,13,1,4,3,2025-01-11T00:00:00.000Z,-43.326450350000,-21.763683320000,"Rua Adelaide Campos de Resende, 669"
412,PARQUE BURNIER.,10072296,15:15:00,9,0,0,8,2025-01-11T00:00:00.000Z,-43.329374790000,-21.763440430000,"Rua Adelaide Campos de Resende, 975"
412,PARQUE BURNIER.,10072358,15:15:00,18,4,0,4,2025-01-11T00:00:00.000Z,-43.328687310000,-21.761675740000,"Rua Natalino José de Paula, 112 - Ponto Final do Parque Burnier"
412,PARQUE BURNIER.,10072356,15:15:00,17,0,0,0,2025-01-11T00:00:00.000Z,-43.327793950000,-21.762107030000,"Rua Natalino José de Paula, 271"
412,PARQUE BURNIER.,10071503,15:15:00,15,0,0,0,2025-01-11T00:00:00.000Z,-43.326207040000,-21.762717810000,"Rua Natalino José de Paula, 421"
412,PARQUE BURNIER.,10073561,15:15:00,7,0,2,8,2025-01-11T00:00:00.000Z,-43.331552510000,-21.763418910000,"Rua Olga Burnier, 480"
412,PARQUE BURNIER.,10073560,15:15:00,5,0,0,9,2025-01-11T00:00:00.000Z,-43.333589670000,-21.761652280000,"Rua Olga Burnier, 230"
412,PARQUE BURNIER.,10073552,15:15:00,3,0,0,9,2025-01-11T00:00:00.000Z,-43.335479020000,-21.760313550000,"Rua São Geraldo, 84"
412,PARQUE BURNIER.,10072377,15:15:00,12,0,0,6,2025-01-11T00:00:00.000Z,-43.327321890000,-21.764062650000,"Rua José Teodoro dos Santos, 25"
412,PARQUE BURNIER.,10072359,15:15:00,14,0,3,0,2025-01-11T00:00:00.000Z,-43.326282500000,-21.763143540000,"Rua Adelaide Campos de Resende, 651"
412,PARQUE BURNIER.,10072313,15:15:00,10,0,2,6,2025-01-11T00:00:00.000Z,-43.328846690000,-21.762504770000,"Rua José Teodoro dos Santos, 275"
412,PARQUE BURNIER.,10072301,15:15:00,8,0,0,8,2025-01-11T00:00:00.000Z,-43.330138330000,-21.763252970000,"Rua Adelaide Campos de Resende, 1061"
412,PARQUE BURNIER.,10073557,15:15:00,6,1,0,10,2025-01-11T00:00:00.000Z,-43.332479840000,-21.762640710000,"Rua Olga Burnier, 356"
412,PARQUE BURNIER.,10072305,15:15:00,2,0,3,9,2025-01-11T00:00:00.000Z,-43.337478970000,-21.760922950000,"Rua Djalma de Carvalho, 37"
412,PARQUE BURNIER.,10071108,15:15:00,1,12,0,12,2025-01-11T00:00:00.000Z,-43.349331860000,-21.758144610000,"Avenida Getúlio Vargas, 835"
412,PARQUE BURNIER.,10072332,15:50:00,14,0,0,9,2025-01-11T00:00:00.000Z,-43.335533860000,-21.760131640000,"Rua São Geraldo, 89"
412,PARQUE BURNIER.,10072380,15:50:00,10,2,0,9,2025-01-11T00:00:00.000Z,-43.331466790000,-21.763337580000,"Rua Olga Burnier, 485"
412,PARQUE BURNIER.,10073583,15:50:00,9,0,0,7,2025-01-11T00:00:00.000Z,-43.330207820000,-21.763072230000,"Rua Adelaide Campos de Resende, 1070"
412,PARQUE BURNIER.,10072386,15:50:00,7,2,1,6,2025-01-11T00:00:00.000Z,-43.328850270000,-21.762325320000,"Rua José Teodoro dos Santos, 292"
412,PARQUE BURNIER.,10071108,15:50:00,17,0,15,0,2025-01-11T00:00:00.000Z,-43.349331860000,-21.758144610000,"Avenida Getúlio Vargas, 835"
412,PARQUE BURNIER.,10072302,15:50:00,15,3,1,11,2025-01-11T00:00:00.000Z,-43.338029500000,-21.760323850000,"Avenida Sete de Setembro, 623"
412,PARQUE BURNIER.,10072337,15:50:00,13,0,0,9,2025-01-11T00:00:00.000Z,-43.334540130000,-21.760522960000,"Rua Olga Burnier, 67"
412,PARQUE BURNIER.,10072362,15:50:00,3,0,0,1,2025-01-11T00:00:00.000Z,-43.327527760000,-21.762798310000,"Rua Natalino José de Paula, 310"
412,PARQUE BURNIER.,10072382,15:50:00,11,0,0,9,2025-01-11T00:00:00.000Z,-43.332369450000,-21.762522520000,"Rua Olga Burnier, 361"
412,PARQUE BURNIER.,10072309,15:50:00,5,0,0,5,2025-01-11T00:00:00.000Z,-43.327273730000,-21.763967940000,"Rua José Teodoro dos Santos, 28"
412,PARQUE BURNIER.,10074194,15:50:00,16,7,3,15,2025-01-11T00:00:00.000Z,-43.342338620000,-21.760505960000,"Rua Ângelo Falci, 55"
412,PARQUE BURNIER.,10072335,15:50:00,12,0,0,9,2025-01-11T00:00:00.000Z,-43.333453420000,-21.761562350000,"Rua Olga Burnier, 233"
412,PARQUE BURNIER.,10073584,15:50:00,8,1,0,7,2025-01-11T00:00:00.000Z,-43.329363350000,-21.763255450000,"Rua Adelaide Campos de Resende, 984"
412,PARQUE BURNIER.,10072384,15:50:00,6,0,0,5,2025-01-11T00:00:00.000Z,-43.327999480000,-21.763301540000,"Rua José Teodoro dos Santos, 126"
412,PARQUE BURNIER.,10073589,15:50:00,4,4,0,5,2025-01-11T00:00:00.000Z,-43.326568960000,-21.763629600000,"Rua Adelaide Campos de Resende, 706"
412,PARQUE BURNIER.,10072363,15:50:00,2,1,0,1,2025-01-11T00:00:00.000Z,-43.327885630000,-21.762179390000,"Rua Natalino José de Paula, 288"
412,PARQUE BURNIER.,10072358,15:50:00,1,0,0,0,2025-01-11T00:00:00.000Z,-43.328687310000,-21.761675740000,"Rua Natalino José de Paula, 112 - Ponto Final do Parque Burnier"
412,PARQUE BURNIER.,10072356,16:10:00,17,0,0,13,2025-01-11T00:00:00.000Z,-43.327793950000,-21.762107030000,"Rua Natalino José de Paula, 271"
412,PARQUE BURNIER.,10072313,16:10:00,10,0,0,19,2025-01-11T00:00:00.000Z,-43.328846690000,-21.762504770000,"Rua José Teodoro dos Santos, 275"
412,PARQUE BURNIER.,10072359,16:10:00,14,0,1,15,2025-01-11T00:00:00.000Z,-43.326282500000,-21.763143540000,"Rua Adelaide Campos de Resende, 651"
412,PARQUE BURNIER.,10072377,16:10:00,12,0,2,17,2025-01-11T00:00:00.000Z,-43.327321890000,-21.764062650000,"Rua José Teodoro dos Santos, 25"
412,PARQUE BURNIER.,10072375,16:10:00,16,0,2,13,2025-01-11T00:00:00.000Z,-43.327420830000,-21.762727850000,"Rua Natalino José de Paula, 319"
412,PARQUE BURNIER.,10072301,16:10:00,8,0,0,20,2025-01-11T00:00:00.000Z,-43.330138330000,-21.763252970000,"Rua Adelaide Campos de Resende, 1061"
412,PARQUE BURNIER.,10072358,16:10:00,18,2,0,15,2025-01-11T00:00:00.000Z,-43.328687310000,-21.761675740000,"Rua Natalino José de Paula, 112 - Ponto Final do Parque Burnier"
412,PARQUE BURNIER.,10073557,16:10:00,6,0,0,20,2025-01-11T00:00:00.000Z,-43.332479840000,-21.762640710000,"Rua Olga Burnier, 356"
412,PARQUE BURNIER.,10073558,16:10:00,4,0,0,20,2025-01-11T00:00:00.000Z,-43.334645750000,-21.760669710000,"Rua Olga Burnier, 70"
412,PARQUE BURNIER.,10072305,16:10:00,2,2,0,20,2025-01-11T00:00:00.000Z,-43.337478970000,-21.760922950000,"Rua Djalma de Carvalho, 37"
412,PARQUE BURNIER.,10072296,16:10:00,9,0,1,19,2025-01-11T00:00:00.000Z,-43.329374790000,-21.763440430000,"Rua Adelaide Campos de Resende, 975"
412,PARQUE BURNIER.,10071503,16:10:00,15,0,0,15,2025-01-11T00:00:00.000Z,-43.326207040000,-21.762717810000,"Rua Natalino José de Paula, 421"
412,PARQUE BURNIER.,10072328,16:10:00,13,0,1,16,2025-01-11T00:00:00.000Z,-43.326450350000,-21.763683320000,"Rua Adelaide Campos de Resende, 669"
412,PARQUE BURNIER.,10072316,16:10:00,11,0,0,19,2025-01-11T00:00:00.000Z,-43.328204750000,-21.763332370000,"Rua José Teodoro dos Santos, 145"
412,PARQUE BURNIER.,10073561,16:10:00,7,0,0,20,2025-01-11T00:00:00.000Z,-43.331552510000,-21.763418910000,"Rua Olga Burnier, 480"
412,PARQUE BURNIER.,10073560,16:10:00,5,0,0,20,2025-01-11T00:00:00.000Z,-43.333589670000,-21.761652280000,"Rua Olga Burnier, 230"
412,PARQUE BURNIER.,10073552,16:10:00,3,0,0,20,2025-01-11T00:00:00.000Z,-43.335479020000,-21.760313550000,"Rua São Geraldo, 84"
412,PARQUE BURNIER.,10071108,16:10:00,1,18,0,18,2025-01-11T00:00:00.000Z,-43.349331860000,-21.758144610000,"Avenida Getúlio Vargas, 835"
412,PARQUE BURNIER.,10071503,17:05:00,15,0,1,6,2025-01-11T00:00:00.000Z,-43.326207040000,-21.762717810000,"Rua Natalino José de Paula, 421"
412,PARQUE BURNIER.,10072316,17:05:00,11,0,0,9,2025-01-11T00:00:00.000Z,-43.328204750000,-21.763332370000,"Rua José Teodoro dos Santos, 145"
412,PARQUE BURNIER.,10073552,17:05:00,3,0,0,11,2025-01-11T00:00:00.000Z,-43.335479020000,-21.760313550000,"Rua São Geraldo, 84"
412,PARQUE BURNIER.,10073561,17:05:00,7,0,0,11,2025-01-11T00:00:00.000Z,-43.331552510000,-21.763418910000,"Rua Olga Burnier, 480"
412,PARQUE BURNIER.,10072313,17:05:00,10,0,0,9,2025-01-11T00:00:00.000Z,-43.328846690000,-21.762504770000,"Rua José Teodoro dos Santos, 275"
412,PARQUE BURNIER.,10072377,17:05:00,12,0,0,9,2025-01-11T00:00:00.000Z,-43.327321890000,-21.764062650000,"Rua José Teodoro dos Santos, 25"
412,PARQUE BURNIER.,10072375,17:05:00,16,0,0,6,2025-01-11T00:00:00.000Z,-43.327420830000,-21.762727850000,"Rua Natalino José de Paula, 319"
412,PARQUE BURNIER.,10072359,17:05:00,14,0,1,7,2025-01-11T00:00:00.000Z,-43.326282500000,-21.763143540000,"Rua Adelaide Campos de Resende, 651"
412,PARQUE BURNIER.,10072301,17:05:00,8,0,0,11,2025-01-11T00:00:00.000Z,-43.330138330000,-21.763252970000,"Rua Adelaide Campos de Resende, 1061"
412,PARQUE BURNIER.,10072358,17:05:00,18,0,0,7,2025-01-11T00:00:00.000Z,-43.328687310000,-21.761675740000,"Rua Natalino José de Paula, 112 - Ponto Final do Parque Burnier"
412,PARQUE BURNIER.,10072305,17:05:00,2,0,0,11,2025-01-11T00:00:00.000Z,-43.337478970000,-21.760922950000,"Rua Djalma de Carvalho, 37"
412,PARQUE BURNIER.,10073558,17:05:00,4,0,0,11,2025-01-11T00:00:00.000Z,-43.334645750000,-21.760669710000,"Rua Olga Burnier, 70"
412,PARQUE BURNIER.,10073557,17:05:00,6,0,0,11,2025-01-11T00:00:00.000Z,-43.332479840000,-21.762640710000,"Rua Olga Burnier, 356"
412,PARQUE BURNIER.,10072356,17:05:00,17,1,0,7,2025-01-11T00:00:00.000Z,-43.327793950000,-21.762107030000,"Rua Natalino José de Paula, 271"
412,PARQUE BURNIER.,10072328,17:05:00,13,0,1,8,2025-01-11T00:00:00.000Z,-43.326450350000,-21.763683320000,"Rua Adelaide Campos de Resende, 669"
412,PARQUE BURNIER.,10072296,17:05:00,9,0,2,9,2025-01-11T00:00:00.000Z,-43.329374790000,-21.763440430000,"Rua Adelaide Campos de Resende, 975"
412,PARQUE BURNIER.,10073560,17:05:00,5,0,0,11,2025-01-11T00:00:00.000Z,-43.333589670000,-21.761652280000,"Rua Olga Burnier, 230"
412,PARQUE BURNIER.,10071108,17:05:00,1,11,0,11,2025-01-11T00:00:00.000Z,-43.349331860000,-21.758144610000,"Avenida Getúlio Vargas, 835"
412,PARQUE BURNIER.,10072302,17:40:00,15,0,0,8,2025-01-11T00:00:00.000Z,-43.338029500000,-21.760323850000,"Avenida Sete de Setembro, 623"
412,PARQUE BURNIER.,10072309,17:40:00,5,0,0,2,2025-01-11T00:00:00.000Z,-43.327273730000,-21.763967940000,"Rua José Teodoro dos Santos, 28"
412,PARQUE BURNIER.,10072335,17:40:00,12,0,0,7,2025-01-11T00:00:00.000Z,-43.333453420000,-21.761562350000,"Rua Olga Burnier, 233"
412,PARQUE BURNIER.,10072380,17:40:00,10,0,0,7,2025-01-11T00:00:00.000Z,-43.331466790000,-21.763337580000,"Rua Olga Burnier, 485"
412,PARQUE BURNIER.,10072332,17:40:00,14,1,0,8,2025-01-11T00:00:00.000Z,-43.335533860000,-21.760131640000,"Rua São Geraldo, 89"
412,PARQUE BURNIER.,10071108,17:40:00,17,0,0,13,2025-01-11T00:00:00.000Z,-43.349331860000,-21.758144610000,"Avenida Getúlio Vargas, 835"
412,PARQUE BURNIER.,10074194,17:40:00,16,6,1,13,2025-01-11T00:00:00.000Z,-43.342338620000,-21.760505960000,"Rua Ângelo Falci, 55"
412,PARQUE BURNIER.,10073584,17:40:00,8,1,0,7,2025-01-11T00:00:00.000Z,-43.329363350000,-21.763255450000,"Rua Adelaide Campos de Resende, 984"
412,PARQUE BURNIER.,10073589,17:40:00,4,2,0,2,2025-01-11T00:00:00.000Z,-43.326568960000,-21.763629600000,"Rua Adelaide Campos de Resende, 706"
412,PARQUE BURNIER.,10072363,17:40:00,2,0,0,0,2025-01-11T00:00:00.000Z,-43.327885630000,-21.762179390000,"Rua Natalino José de Paula, 288"
412,PARQUE BURNIER.,10072384,17:40:00,6,1,0,3,2025-01-11T00:00:00.000Z,-43.327999480000,-21.763301540000,"Rua José Teodoro dos Santos, 126"
412,PARQUE BURNIER.,10072337,17:40:00,13,0,0,7,2025-01-11T00:00:00.000Z,-43.334540130000,-21.760522960000,"Rua Olga Burnier, 67"
412,PARQUE BURNIER.,10072382,17:40:00,11,0,0,7,2025-01-11T00:00:00.000Z,-43.332369450000,-21.762522520000,"Rua Olga Burnier, 361"
412,PARQUE BURNIER.,10073583,17:40:00,9,0,0,7,2025-01-11T00:00:00.000Z,-43.330207820000,-21.763072230000,"Rua Adelaide Campos de Resende, 1070"
412,PARQUE BURNIER.,10072386,17:40:00,7,3,0,6,2025-01-11T00:00:00.000Z,-43.328850270000,-21.762325320000,"Rua José Teodoro dos Santos, 292"
412,PARQUE BURNIER.,10072362,17:40:00,3,0,0,0,2025-01-11T00:00:00.000Z,-43.327527760000,-21.762798310000,"Rua Natalino José de Paula, 310"
412,PARQUE BURNIER.,10072358,17:40:00,1,0,0,0,2025-01-11T00:00:00.000Z,-43.328687310000,-21.761675740000,"Rua Natalino José de Paula, 112 - Ponto Final do Parque Burnier"
412,PARQUE BURNIER.,10072375,18:00:00,16,0,0,5,2025-01-11T00:00:00.000Z,-43.327420830000,-21.762727850000,"Rua Natalino José de Paula, 319"
412,PARQUE BURNIER.,10073558,18:00:00,4,0,0,10,2025-01-11T00:00:00.000Z,-43.334645750000,-21.760669710000,"Rua Olga Burnier, 70"
412,PARQUE BURNIER.,10072377,18:00:00,12,0,0,8,2025-01-11T00:00:00.000Z,-43.327321890000,-21.764062650000,"Rua José Teodoro dos Santos, 25"
412,PARQUE BURNIER.,10071108,18:00:00,1,10,0,10,2025-01-11T00:00:00.000Z,-43.349331860000,-21.758144610000,"Avenida Getúlio Vargas, 835"
412,PARQUE BURNIER.,10072328,18:00:00,13,0,1,7,2025-01-11T00:00:00.000Z,-43.326450350000,-21.763683320000,"Rua Adelaide Campos de Resende, 669"
412,PARQUE BURNIER.,10072316,18:00:00,11,0,0,8,2025-01-11T00:00:00.000Z,-43.328204750000,-21.763332370000,"Rua José Teodoro dos Santos, 145"
412,PARQUE BURNIER.,10072356,18:00:00,17,0,0,5,2025-01-11T00:00:00.000Z,-43.327793950000,-21.762107030000,"Rua Natalino José de Paula, 271"
412,PARQUE BURNIER.,10071503,18:00:00,15,0,1,5,2025-01-11T00:00:00.000Z,-43.326207040000,-21.762717810000,"Rua Natalino José de Paula, 421"
412,PARQUE BURNIER.,10072296,18:00:00,9,0,2,8,2025-01-11T00:00:00.000Z,-43.329374790000,-21.763440430000,"Rua Adelaide Campos de Resende, 975"
412,PARQUE BURNIER.,10073561,18:00:00,7,0,0,10,2025-01-11T00:00:00.000Z,-43.331552510000,-21.763418910000,"Rua Olga Burnier, 480"
412,PARQUE BURNIER.,10073552,18:00:00,3,0,0,10,2025-01-11T00:00:00.000Z,-43.335479020000,-21.760313550000,"Rua São Geraldo, 84"
412,PARQUE BURNIER.,10072358,18:00:00,18,1,0,6,2025-01-11T00:00:00.000Z,-43.328687310000,-21.761675740000,"Rua Natalino José de Paula, 112 - Ponto Final do Parque Burnier"
412,PARQUE BURNIER.,10073560,18:00:00,5,0,0,10,2025-01-11T00:00:00.000Z,-43.333589670000,-21.761652280000,"Rua Olga Burnier, 230"
412,PARQUE BURNIER.,10072359,18:00:00,14,0,1,6,2025-01-11T00:00:00.000Z,-43.326282500000,-21.763143540000,"Rua Adelaide Campos de Resende, 651"
412,PARQUE BURNIER.,10072313,18:00:00,10,0,0,8,2025-01-11T00:00:00.000Z,-43.328846690000,-21.762504770000,"Rua José Teodoro dos Santos, 275"
412,PARQUE BURNIER.,10072301,18:00:00,8,0,0,10,2025-01-11T00:00:00.000Z,-43.330138330000,-21.763252970000,"Rua Adelaide Campos de Resende, 1061"
412,PARQUE BURNIER.,10073557,18:00:00,6,0,0,10,2025-01-11T00:00:00.000Z,-43.332479840000,-21.762640710000,"Rua Olga Burnier, 356"
412,PARQUE BURNIER.,10072305,18:00:00,2,0,0,10,2025-01-11T00:00:00.000Z,-43.337478970000,-21.760922950000,"Rua Djalma de Carvalho, 37"
412,PARQUE BURNIER.,10072332,18:35:00,14,0,0,0,2025-01-11T00:00:00.000Z,-43.335533860000,-21.760131640000,"Rua São Geraldo, 89"
412,PARQUE BURNIER.,10072337,18:35:00,13,0,0,0,2025-01-11T00:00:00.000Z,-43.334540130000,-21.760522960000,"Rua Olga Burnier, 67"
412,PARQUE BURNIER.,10072382,18:35:00,11,0,0,0,2025-01-11T00:00:00.000Z,-43.332369450000,-21.762522520000,"Rua Olga Burnier, 361"
412,PARQUE BURNIER.,10071108,18:35:00,17,0,1,4,2025-01-11T00:00:00.000Z,-43.349331860000,-21.758144610000,"Avenida Getúlio Vargas, 835"
412,PARQUE BURNIER.,10072302,18:35:00,15,0,0,0,2025-01-11T00:00:00.000Z,-43.338029500000,-21.760323850000,"Avenida Sete de Setembro, 623"
412,PARQUE BURNIER.,10073583,18:35:00,9,0,2,0,2025-01-11T00:00:00.000Z,-43.330207820000,-21.763072230000,"Rua Adelaide Campos de Resende, 1070"
412,PARQUE BURNIER.,10072386,18:35:00,7,0,0,2,2025-01-11T00:00:00.000Z,-43.328850270000,-21.762325320000,"Rua José Teodoro dos Santos, 292"
412,PARQUE BURNIER.,10072309,18:35:00,5,0,0,1,2025-01-11T00:00:00.000Z,-43.327273730000,-21.763967940000,"Rua José Teodoro dos Santos, 28"
412,PARQUE BURNIER.,10072362,18:35:00,3,0,0,0,2025-01-11T00:00:00.000Z,-43.327527760000,-21.762798310000,"Rua Natalino José de Paula, 310"
412,PARQUE BURNIER.,10072380,18:35:00,10,0,0,0,2025-01-11T00:00:00.000Z,-43.331466790000,-21.763337580000,"Rua Olga Burnier, 485"
412,PARQUE BURNIER.,10074194,18:35:00,16,5,0,5,2025-01-11T00:00:00.000Z,-43.342338620000,-21.760505960000,"Rua Ângelo Falci, 55"
412,PARQUE BURNIER.,10072335,18:35:00,12,0,0,0,2025-01-11T00:00:00.000Z,-43.333453420000,-21.761562350000,"Rua Olga Burnier, 233"
412,PARQUE BURNIER.,10073584,18:35:00,8,0,0,2,2025-01-11T00:00:00.000Z,-43.329363350000,-21.763255450000,"Rua Adelaide Campos de Resende, 984"
412,PARQUE BURNIER.,10072384,18:35:00,6,1,0,2,2025-01-11T00:00:00.000Z,-43.327999480000,-21.763301540000,"Rua José Teodoro dos Santos, 126"
412,PARQUE BURNIER.,10073589,18:35:00,4,1,0,1,2025-01-11T00:00:00.000Z,-43.326568960000,-21.763629600000,"Rua Adelaide Campos de Resende, 706"
412,PARQUE BURNIER.,10072363,18:35:00,2,0,0,0,2025-01-11T00:00:00.000Z,-43.327885630000,-21.762179390000,"Rua Natalino José de Paula, 288"
412,PARQUE BURNIER.,10072358,18:35:00,1,0,0,0,2025-01-11T00:00:00.000Z,-43.328687310000,-21.761675740000,"Rua Natalino José de Paula, 112 - Ponto Final do Parque Burnier"
412,PARQUE BURNIER.,10072296,18:55:00,9,0,2,6,2025-01-11T00:00:00.000Z,-43.329374790000,-21.763440430000,"Rua Adelaide Campos de Resende, 975"
412,PARQUE BURNIER.,10072356,18:55:00,17,0,0,5,2025-01-11T00:00:00.000Z,-43.327793950000,-21.762107030000,"Rua Natalino José de Paula, 271"
412,PARQUE BURNIER.,10072313,18:55:00,10,0,0,6,2025-01-11T00:00:00.000Z,-43.328846690000,-21.762504770000,"Rua José Teodoro dos Santos, 275"
412,PARQUE BURNIER.,10072359,18:55:00,14,0,1,5,2025-01-11T00:00:00.000Z,-43.326282500000,-21.763143540000,"Rua Adelaide Campos de Resende, 651"
412,PARQUE BURNIER.,10072375,18:55:00,16,0,0,5,2025-01-11T00:00:00.000Z,-43.327420830000,-21.762727850000,"Rua Natalino José de Paula, 319"
412,PARQUE BURNIER.,10072358,18:55:00,18,0,0,5,2025-01-11T00:00:00.000Z,-43.328687310000,-21.761675740000,"Rua Natalino José de Paula, 112 - Ponto Final do Parque Burnier"
412,PARQUE BURNIER.,10072377,18:55:00,12,0,0,6,2025-01-11T00:00:00.000Z,-43.327321890000,-21.764062650000,"Rua José Teodoro dos Santos, 25"
412,PARQUE BURNIER.,10072301,18:55:00,8,0,0,8,2025-01-11T00:00:00.000Z,-43.330138330000,-21.763252970000,"Rua Adelaide Campos de Resende, 1061"
412,PARQUE BURNIER.,10073558,18:55:00,4,0,0,8,2025-01-11T00:00:00.000Z,-43.334645750000,-21.760669710000,"Rua Olga Burnier, 70"
412,PARQUE BURNIER.,10072305,18:55:00,2,0,0,8,2025-01-11T00:00:00.000Z,-43.337478970000,-21.760922950000,"Rua Djalma de Carvalho, 37"
412,PARQUE BURNIER.,10073557,18:55:00,6,0,0,8,2025-01-11T00:00:00.000Z,-43.332479840000,-21.762640710000,"Rua Olga Burnier, 356"
412,PARQUE BURNIER.,10071503,18:55:00,15,0,0,5,2025-01-11T00:00:00.000Z,-43.326207040000,-21.762717810000,"Rua Natalino José de Paula, 421"
412,PARQUE BURNIER.,10072328,18:55:00,13,1,1,6,2025-01-11T00:00:00.000Z,-43.326450350000,-21.763683320000,"Rua Adelaide Campos de Resende, 669"
412,PARQUE BURNIER.,10072316,18:55:00,11,0,0,6,2025-01-11T00:00:00.000Z,-43.328204750000,-21.763332370000,"Rua José Teodoro dos Santos, 145"
412,PARQUE BURNIER.,10073561,18:55:00,7,0,0,8,2025-01-11T00:00:00.000Z,-43.331552510000,-21.763418910000,"Rua Olga Burnier, 480"
412,PARQUE BURNIER.,10073560,18:55:00,5,0,0,8,2025-01-11T00:00:00.000Z,-43.333589670000,-21.761652280000,"Rua Olga Burnier, 230"
412,PARQUE BURNIER.,10073552,18:55:00,3,0,0,8,2025-01-11T00:00:00.000Z,-43.335479020000,-21.760313550000,"Rua São Geraldo, 84"
412,PARQUE BURNIER.,10071108,18:55:00,1,8,0,8,2025-01-11T00:00:00.000Z,-43.349331860000,-21.758144610000,"Avenida Getúlio Vargas, 835"
412,PARQUE BURNIER.,10072302,19:30:00,15,0,0,2,2025-01-11T00:00:00.000Z,-43.338029500000,-21.760323850000,"Avenida Sete de Setembro, 623"
412,PARQUE BURNIER.,10072332,19:30:00,14,0,0,2,2025-01-11T00:00:00.000Z,-43.335533860000,-21.760131640000,"Rua São Geraldo, 89"
412,PARQUE BURNIER.,10072335,19:30:00,12,0,0,2,2025-01-11T00:00:00.000Z,-43.333453420000,-21.761562350000,"Rua Olga Burnier, 233"
412,PARQUE BURNIER.,10071108,19:30:00,17,0,6,0,2025-01-11T00:00:00.000Z,-43.349331860000,-21.758144610000,"Avenida Getúlio Vargas, 835"
412,PARQUE BURNIER.,10074194,19:30:00,16,4,0,6,2025-01-11T00:00:00.000Z,-43.342338620000,-21.760505960000,"Rua Ângelo Falci, 55"
412,PARQUE BURNIER.,10072380,19:30:00,10,0,0,2,2025-01-11T00:00:00.000Z,-43.331466790000,-21.763337580000,"Rua Olga Burnier, 485"
412,PARQUE BURNIER.,10073589,19:30:00,4,2,0,2,2025-01-11T00:00:00.000Z,-43.326568960000,-21.763629600000,"Rua Adelaide Campos de Resende, 706"
412,PARQUE BURNIER.,10072384,19:30:00,6,0,0,2,2025-01-11T00:00:00.000Z,-43.327999480000,-21.763301540000,"Rua José Teodoro dos Santos, 126"
412,PARQUE BURNIER.,10072363,19:30:00,2,0,0,0,2025-01-11T00:00:00.000Z,-43.327885630000,-21.762179390000,"Rua Natalino José de Paula, 288"
412,PARQUE BURNIER.,10073584,19:30:00,8,0,0,2,2025-01-11T00:00:00.000Z,-43.329363350000,-21.763255450000,"Rua Adelaide Campos de Resende, 984"
412,PARQUE BURNIER.,10072382,19:30:00,11,0,0,2,2025-01-11T00:00:00.000Z,-43.332369450000,-21.762522520000,"Rua Olga Burnier, 361"
412,PARQUE BURNIER.,10072386,19:30:00,7,0,0,2,2025-01-11T00:00:00.000Z,-43.328850270000,-21.762325320000,"Rua José Teodoro dos Santos, 292"
412,PARQUE BURNIER.,10072337,19:30:00,13,0,0,2,2025-01-11T00:00:00.000Z,-43.334540130000,-21.760522960000,"Rua Olga Burnier, 67"
412,PARQUE BURNIER.,10073583,19:30:00,9,0,0,2,2025-01-11T00:00:00.000Z,-43.330207820000,-21.763072230000,"Rua Adelaide Campos de Resende, 1070"
412,PARQUE BURNIER.,10072309,19:30:00,5,0,0,2,2025-01-11T00:00:00.000Z,-43.327273730000,-21.763967940000,"Rua José Teodoro dos Santos, 28"
412,PARQUE BURNIER.,10072362,19:30:00,3,0,0,0,2025-01-11T00:00:00.000Z,-43.327527760000,-21.762798310000,"Rua Natalino José de Paula, 310"
412,PARQUE BURNIER.,10072358,19:30:00,1,0,0,0,2025-01-11T00:00:00.000Z,-43.328687310000,-21.761675740000,"Rua Natalino José de Paula, 112 - Ponto Final do Parque Burnier"
412,PARQUE BURNIER.,10072332,20:25:00,14,0,0,3,2025-01-11T00:00:00.000Z,-43.335533860000,-21.760131640000,"Rua São Geraldo, 89"
412,PARQUE BURNIER.,10072384,20:25:00,6,1,0,3,2025-01-11T00:00:00.000Z,-43.327999480000,-21.763301540000,"Rua José Teodoro dos Santos, 126"
412,PARQUE BURNIER.,10072337,20:25:00,13,0,0,3,2025-01-11T00:00:00.000Z,-43.334540130000,-21.760522960000,"Rua Olga Burnier, 67"
412,PARQUE BURNIER.,10072382,20:25:00,11,0,0,3,2025-01-11T00:00:00.000Z,-43.332369450000,-21.762522520000,"Rua Olga Burnier, 361"
412,PARQUE BURNIER.,10073583,20:25:00,9,0,0,3,2025-01-11T00:00:00.000Z,-43.330207820000,-21.763072230000,"Rua Adelaide Campos de Resende, 1070"
412,PARQUE BURNIER.,10071108,20:25:00,17,0,5,0,2025-01-11T00:00:00.000Z,-43.349331860000,-21.758144610000,"Avenida Getúlio Vargas, 835"
412,PARQUE BURNIER.,10072302,20:25:00,15,0,1,2,2025-01-11T00:00:00.000Z,-43.338029500000,-21.760323850000,"Avenida Sete de Setembro, 623"
412,PARQUE BURNIER.,10072386,20:25:00,7,0,0,3,2025-01-11T00:00:00.000Z,-43.328850270000,-21.762325320000,"Rua José Teodoro dos Santos, 292"
412,PARQUE BURNIER.,10072309,20:25:00,5,0,0,2,2025-01-11T00:00:00.000Z,-43.327273730000,-21.763967940000,"Rua José Teodoro dos Santos, 28"
412,PARQUE BURNIER.,10072362,20:25:00,3,2,0,2,2025-01-11T00:00:00.000Z,-43.327527760000,-21.762798310000,"Rua Natalino José de Paula, 310"
412,PARQUE BURNIER.,10074194,20:25:00,16,3,0,5,2025-01-11T00:00:00.000Z,-43.342338620000,-21.760505960000,"Rua Ângelo Falci, 55"
412,PARQUE BURNIER.,10072335,20:25:00,12,0,0,3,2025-01-11T00:00:00.000Z,-43.333453420000,-21.761562350000,"Rua Olga Burnier, 233"
412,PARQUE BURNIER.,10072380,20:25:00,10,0,0,3,2025-01-11T00:00:00.000Z,-43.331466790000,-21.763337580000,"Rua Olga Burnier, 485"
412,PARQUE BURNIER.,10073584,20:25:00,8,0,0,3,2025-01-11T00:00:00.000Z,-43.329363350000,-21.763255450000,"Rua Adelaide Campos de Resende, 984"
412,PARQUE BURNIER.,10073589,20:25:00,4,0,0,2,2025-01-11T00:00:00.000Z,-43.326568960000,-21.763629600000,"Rua Adelaide Campos de Resende, 706"
412,PARQUE BURNIER.,10072363,20:25:00,2,0,0,0,2025-01-11T00:00:00.000Z,-43.327885630000,-21.762179390000,"Rua Natalino José de Paula, 288"
412,PARQUE BURNIER.,10072358,20:25:00,1,0,0,0,2025-01-11T00:00:00.000Z,-43.328687310000,-21.761675740000,"Rua Natalino José de Paula, 112 - Ponto Final do Parque Burnier"
412,PARQUE BURNIER.,10072356,20:45:00,17,0,0,0,2025-01-11T00:00:00.000Z,-43.327793950000,-21.762107030000,"Rua Natalino José de Paula, 271"
412,PARQUE BURNIER.,10073560,20:45:00,5,0,1,5,2025-01-11T00:00:00.000Z,-43.333589670000,-21.761652280000,"Rua Olga Burnier, 230"
412,PARQUE BURNIER.,10072328,20:45:00,13,0,1,0,2025-01-11T00:00:00.000Z,-43.326450350000,-21.763683320000,"Rua Adelaide Campos de Resende, 669"
412,PARQUE BURNIER.,10072377,20:45:00,12,0,0,1,2025-01-11T00:00:00.000Z,-43.327321890000,-21.764062650000,"Rua José Teodoro dos Santos, 25"
412,PARQUE BURNIER.,10072313,20:45:00,10,0,3,1,2025-01-11T00:00:00.000Z,-43.328846690000,-21.762504770000,"Rua José Teodoro dos Santos, 275"
412,PARQUE BURNIER.,10072358,20:45:00,18,4,0,4,2025-01-11T00:00:00.000Z,-43.328687310000,-21.761675740000,"Rua Natalino José de Paula, 112 - Ponto Final do Parque Burnier"
412,PARQUE BURNIER.,10072375,20:45:00,16,0,0,0,2025-01-11T00:00:00.000Z,-43.327420830000,-21.762727850000,"Rua Natalino José de Paula, 319"
412,PARQUE BURNIER.,10072305,20:45:00,2,2,0,7,2025-01-11T00:00:00.000Z,-43.337478970000,-21.760922950000,"Rua Djalma de Carvalho, 37"
412,PARQUE BURNIER.,10073558,20:45:00,4,0,0,6,2025-01-11T00:00:00.000Z,-43.334645750000,-21.760669710000,"Rua Olga Burnier, 70"
412,PARQUE BURNIER.,10072359,20:45:00,14,0,0,0,2025-01-11T00:00:00.000Z,-43.326282500000,-21.763143540000,"Rua Adelaide Campos de Resende, 651"
412,PARQUE BURNIER.,10072301,20:45:00,8,0,0,5,2025-01-11T00:00:00.000Z,-43.330138330000,-21.763252970000,"Rua Adelaide Campos de Resende, 1061"
412,PARQUE BURNIER.,10073557,20:45:00,6,0,0,5,2025-01-11T00:00:00.000Z,-43.332479840000,-21.762640710000,"Rua Olga Burnier, 356"
412,PARQUE BURNIER.,10072296,20:45:00,9,0,1,4,2025-01-11T00:00:00.000Z,-43.329374790000,-21.763440430000,"Rua Adelaide Campos de Resende, 975"
412,PARQUE BURNIER.,10071503,20:45:00,15,0,0,0,2025-01-11T00:00:00.000Z,-43.326207040000,-21.762717810000,"Rua Natalino José de Paula, 421"
412,PARQUE BURNIER.,10072316,20:45:00,11,0,0,1,2025-01-11T00:00:00.000Z,-43.328204750000,-21.763332370000,"Rua José Teodoro dos Santos, 145"
412,PARQUE BURNIER.,10073561,20:45:00,7,0,0,5,2025-01-11T00:00:00.000Z,-43.331552510000,-21.763418910000,"Rua Olga Burnier, 480"
412,PARQUE BURNIER.,10073552,20:45:00,3,0,1,6,2025-01-11T00:00:00.000Z,-43.335479020000,-21.760313550000,"Rua São Geraldo, 84"
412,PARQUE BURNIER.,10071108,20:45:00,1,5,0,5,2025-01-11T00:00:00.000Z,-43.349331860000,-21.758144610000,"Avenida Getúlio Vargas, 835"
412,PARQUE BURNIER.,10072316,21:40:00,11,0,1,6,2025-01-11T00:00:00.000Z,-43.328204750000,-21.763332370000,"Rua José Teodoro dos Santos, 145"
412,PARQUE BURNIER.,10071503,21:40:00,15,0,0,2,2025-01-11T00:00:00.000Z,-43.326207040000,-21.762717810000,"Rua Natalino José de Paula, 421"
412,PARQUE BURNIER.,10072313,21:40:00,10,0,3,7,2025-01-11T00:00:00.000Z,-43.328846690000,-21.762504770000,"Rua José Teodoro dos Santos, 275"
412,PARQUE BURNIER.,10072359,21:40:00,14,0,2,2,2025-01-11T00:00:00.000Z,-43.326282500000,-21.763143540000,"Rua Adelaide Campos de Resende, 651"
412,PARQUE BURNIER.,10072377,21:40:00,12,0,0,6,2025-01-11T00:00:00.000Z,-43.327321890000,-21.764062650000,"Rua José Teodoro dos Santos, 25"
412,PARQUE BURNIER.,10072375,21:40:00,16,0,0,2,2025-01-11T00:00:00.000Z,-43.327420830000,-21.762727850000,"Rua Natalino José de Paula, 319"
412,PARQUE BURNIER.,10072358,21:40:00,18,1,0,3,2025-01-11T00:00:00.000Z,-43.328687310000,-21.761675740000,"Rua Natalino José de Paula, 112 - Ponto Final do Parque Burnier"
412,PARQUE BURNIER.,10072301,21:40:00,8,0,0,11,2025-01-11T00:00:00.000Z,-43.330138330000,-21.763252970000,"Rua Adelaide Campos de Resende, 1061"
412,PARQUE BURNIER.,10072305,21:40:00,2,2,0,10,2025-01-11T00:00:00.000Z,-43.337478970000,-21.760922950000,"Rua Djalma de Carvalho, 37"
412,PARQUE BURNIER.,10073558,21:40:00,4,2,0,11,2025-01-11T00:00:00.000Z,-43.334645750000,-21.760669710000,"Rua Olga Burnier, 70"
412,PARQUE BURNIER.,10073557,21:40:00,6,0,0,11,2025-01-11T00:00:00.000Z,-43.332479840000,-21.762640710000,"Rua Olga Burnier, 356"
412,PARQUE BURNIER.,10072356,21:40:00,17,0,0,2,2025-01-11T00:00:00.000Z,-43.327793950000,-21.762107030000,"Rua Natalino José de Paula, 271"
412,PARQUE BURNIER.,10072328,21:40:00,13,0,2,4,2025-01-11T00:00:00.000Z,-43.326450350000,-21.763683320000,"Rua Adelaide Campos de Resende, 669"
412,PARQUE BURNIER.,10072296,21:40:00,9,0,1,10,2025-01-11T00:00:00.000Z,-43.329374790000,-21.763440430000,"Rua Adelaide Campos de Resende, 975"
412,PARQUE BURNIER.,10073561,21:40:00,7,0,0,11,2025-01-11T00:00:00.000Z,-43.331552510000,-21.763418910000,"Rua Olga Burnier, 480"
412,PARQUE BURNIER.,10073560,21:40:00,5,0,0,11,2025-01-11T00:00:00.000Z,-43.333589670000,-21.761652280000,"Rua Olga Burnier, 230"
412,PARQUE BURNIER.,10073552,21:40:00,3,0,1,9,2025-01-11T00:00:00.000Z,-43.335479020000,-21.760313550000,"Rua São Geraldo, 84"
412,PARQUE BURNIER.,10071108,21:40:00,1,8,0,8,2025-01-11T00:00:00.000Z,-43.349331860000,-21.758144610000,"Avenida Getúlio Vargas, 835"
412,PARQUE BURNIER.,10072356,22:30:00,17,0,0,5,2025-01-11T00:00:00.000Z,-43.327793950000,-21.762107030000,"Rua Natalino José de Paula, 271"
412,PARQUE BURNIER.,10073557,22:30:00,6,0,0,7,2025-01-11T00:00:00.000Z,-43.332479840000,-21.762640710000,"Rua Olga Burnier, 356"
412,PARQUE BURNIER.,10072358,22:30:00,18,1,0,6,2025-01-11T00:00:00.000Z,-43.328687310000,-21.761675740000,"Rua Natalino José de Paula, 112 - Ponto Final do Parque Burnier"
412,PARQUE BURNIER.,10072375,22:30:00,16,0,0,5,2025-01-11T00:00:00.000Z,-43.327420830000,-21.762727850000,"Rua Natalino José de Paula, 319"
412,PARQUE BURNIER.,10072359,22:30:00,14,0,1,5,2025-01-11T00:00:00.000Z,-43.326282500000,-21.763143540000,"Rua Adelaide Campos de Resende, 651"
412,PARQUE BURNIER.,10072305,22:30:00,2,1,0,7,2025-01-11T00:00:00.000Z,-43.337478970000,-21.760922950000,"Rua Djalma de Carvalho, 37"
412,PARQUE BURNIER.,10073558,22:30:00,4,0,0,7,2025-01-11T00:00:00.000Z,-43.334645750000,-21.760669710000,"Rua Olga Burnier, 70"
412,PARQUE BURNIER.,10072377,22:30:00,12,0,0,7,2025-01-11T00:00:00.000Z,-43.327321890000,-21.764062650000,"Rua José Teodoro dos Santos, 25"
412,PARQUE BURNIER.,10072313,22:30:00,10,1,0,7,2025-01-11T00:00:00.000Z,-43.328846690000,-21.762504770000,"Rua José Teodoro dos Santos, 275"
412,PARQUE BURNIER.,10072301,22:30:00,8,0,0,7,2025-01-11T00:00:00.000Z,-43.330138330000,-21.763252970000,"Rua Adelaide Campos de Resende, 1061"
412,PARQUE BURNIER.,10072296,22:30:00,9,0,1,6,2025-01-11T00:00:00.000Z,-43.329374790000,-21.763440430000,"Rua Adelaide Campos de Resende, 975"
412,PARQUE BURNIER.,10073560,22:30:00,5,0,0,7,2025-01-11T00:00:00.000Z,-43.333589670000,-21.761652280000,"Rua Olga Burnier, 230"
412,PARQUE BURNIER.,10073561,22:30:00,7,0,0,7,2025-01-11T00:00:00.000Z,-43.331552510000,-21.763418910000,"Rua Olga Burnier, 480"
412,PARQUE BURNIER.,10071503,22:30:00,15,0,0,5,2025-01-11T00:00:00.000Z,-43.326207040000,-21.762717810000,"Rua Natalino José de Paula, 421"
412,PARQUE BURNIER.,10072328,22:30:00,13,0,1,6,2025-01-11T00:00:00.000Z,-43.326450350000,-21.763683320000,"Rua Adelaide Campos de Resende, 669"
412,PARQUE BURNIER.,10072316,22:30:00,11,0,0,7,2025-01-11T00:00:00.000Z,-43.328204750000,-21.763332370000,"Rua José Teodoro dos Santos, 145"
412,PARQUE BURNIER.,10073552,22:30:00,3,0,0,7,2025-01-11T00:00:00.000Z,-43.335479020000,-21.760313550000,"Rua São Geraldo, 84"
412,PARQUE BURNIER.,10071108,22:30:00,1,6,0,6,2025-01-11T00:00:00.000Z,-43.349331860000,-21.758144610000,"Avenida Getúlio Vargas, 835"
412,PARQUE BURNIER.,10072302,06:00:00,15,0,1,12,2025-01-12T00:00:00.000Z,-43.338029500000,-21.760323850000,"Avenida Sete de Setembro, 623"
412,PARQUE BURNIER.,10072337,06:00:00,13,0,1,13,2025-01-12T00:00:00.000Z,-43.334540130000,-21.760522960000,"Rua Olga Burnier, 67"
412,PARQUE BURNIER.,10072382,06:00:00,11,1,0,14,2025-01-12T00:00:00.000Z,-43.332369450000,-21.762522520000,"Rua Olga Burnier, 361"
412,PARQUE BURNIER.,10072380,06:00:00,10,0,0,13,2025-01-12T00:00:00.000Z,-43.331466790000,-21.763337580000,"Rua Olga Burnier, 485"
412,PARQUE BURNIER.,10073583,06:00:00,9,0,0,13,2025-01-12T00:00:00.000Z,-43.330207820000,-21.763072230000,"Rua Adelaide Campos de Resende, 1070"
412,PARQUE BURNIER.,10072386,06:00:00,7,1,0,9,2025-01-12T00:00:00.000Z,-43.328850270000,-21.762325320000,"Rua José Teodoro dos Santos, 292"
412,PARQUE BURNIER.,10072309,06:00:00,5,1,0,7,2025-01-12T00:00:00.000Z,-43.327273730000,-21.763967940000,"Rua José Teodoro dos Santos, 28"
412,PARQUE BURNIER.,10072362,06:00:00,3,0,0,0,2025-01-12T00:00:00.000Z,-43.327527760000,-21.762798310000,"Rua Natalino José de Paula, 310"
412,PARQUE BURNIER.,10072363,06:00:00,2,0,0,0,2025-01-12T00:00:00.000Z,-43.327885630000,-21.762179390000,"Rua Natalino José de Paula, 288"
412,PARQUE BURNIER.,10072358,06:00:00,1,0,0,0,2025-01-12T00:00:00.000Z,-43.328687310000,-21.761675740000,"Rua Natalino José de Paula, 112 - Ponto Final do Parque Burnier"
412,PARQUE BURNIER.,10073589,06:00:00,4,6,0,6,2025-01-12T00:00:00.000Z,-43.326568960000,-21.763629600000,"Rua Adelaide Campos de Resende, 706"
412,PARQUE BURNIER.,10072332,06:00:00,14,0,0,13,2025-01-12T00:00:00.000Z,-43.335533860000,-21.760131640000,"Rua São Geraldo, 89"
412,PARQUE BURNIER.,10071108,06:00:00,17,0,13,0,2025-01-12T00:00:00.000Z,-43.349331860000,-21.758144610000,"Avenida Getúlio Vargas, 835"
412,PARQUE BURNIER.,10073584,06:00:00,8,4,0,13,2025-01-12T00:00:00.000Z,-43.329363350000,-21.763255450000,"Rua Adelaide Campos de Resende, 984"
412,PARQUE BURNIER.,10072384,06:00:00,6,1,0,8,2025-01-12T00:00:00.000Z,-43.327999480000,-21.763301540000,"Rua José Teodoro dos Santos, 126"
412,PARQUE BURNIER.,10074194,06:00:00,16,2,1,13,2025-01-12T00:00:00.000Z,-43.342338620000,-21.760505960000,"Rua Ângelo Falci, 55"
412,PARQUE BURNIER.,10072335,06:00:00,12,0,0,14,2025-01-12T00:00:00.000Z,-43.333453420000,-21.761562350000,"Rua Olga Burnier, 233"
412,PARQUE BURNIER.,10074194,07:00:00,16,0,1,3,2025-01-12T00:00:00.000Z,-43.342338620000,-21.760505960000,"Rua Ângelo Falci, 55"
412,PARQUE BURNIER.,10072332,07:00:00,14,0,0,0,2025-01-12T00:00:00.000Z,-43.335533860000,-21.760131640000,"Rua São Geraldo, 89"
412,PARQUE BURNIER.,10072337,07:00:00,13,0,9,0,2025-01-12T00:00:00.000Z,-43.334540130000,-21.760522960000,"Rua Olga Burnier, 67"
412,PARQUE BURNIER.,10072335,07:00:00,12,0,0,9,2025-01-12T00:00:00.000Z,-43.333453420000,-21.761562350000,"Rua Olga Burnier, 233"
412,PARQUE BURNIER.,10072380,07:00:00,10,0,0,9,2025-01-12T00:00:00.000Z,-43.331466790000,-21.763337580000,"Rua Olga Burnier, 485"
412,PARQUE BURNIER.,10073584,07:00:00,8,1,0,9,2025-01-12T00:00:00.000Z,-43.329363350000,-21.763255450000,"Rua Adelaide Campos de Resende, 984"
412,PARQUE BURNIER.,10072384,07:00:00,6,0,0,6,2025-01-12T00:00:00.000Z,-43.327999480000,-21.763301540000,"Rua José Teodoro dos Santos, 126"
412,PARQUE BURNIER.,10073589,07:00:00,4,2,1,5,2025-01-12T00:00:00.000Z,-43.326568960000,-21.763629600000,"Rua Adelaide Campos de Resende, 706"
412,PARQUE BURNIER.,10072363,07:00:00,2,0,0,0,2025-01-12T00:00:00.000Z,-43.327885630000,-21.762179390000,"Rua Natalino José de Paula, 288"
412,PARQUE BURNIER.,10072358,07:00:00,1,0,0,0,2025-01-12T00:00:00.000Z,-43.328687310000,-21.761675740000,"Rua Natalino José de Paula, 112 - Ponto Final do Parque Burnier"
412,PARQUE BURNIER.,10072309,07:00:00,5,1,0,6,2025-01-12T00:00:00.000Z,-43.327273730000,-21.763967940000,"Rua José Teodoro dos Santos, 28"
412,PARQUE BURNIER.,10072302,07:00:00,15,4,0,4,2025-01-12T00:00:00.000Z,-43.338029500000,-21.760323850000,"Avenida Sete de Setembro, 623"
412,PARQUE BURNIER.,10073583,07:00:00,9,0,0,9,2025-01-12T00:00:00.000Z,-43.330207820000,-21.763072230000,"Rua Adelaide Campos de Resende, 1070"
412,PARQUE BURNIER.,10072362,07:00:00,3,4,0,4,2025-01-12T00:00:00.000Z,-43.327527760000,-21.762798310000,"Rua Natalino José de Paula, 310"
412,PARQUE BURNIER.,10072386,07:00:00,7,2,0,8,2025-01-12T00:00:00.000Z,-43.328850270000,-21.762325320000,"Rua José Teodoro dos Santos, 292"
412,PARQUE BURNIER.,10072382,07:00:00,11,0,0,9,2025-01-12T00:00:00.000Z,-43.332369450000,-21.762522520000,"Rua Olga Burnier, 361"
412,PARQUE BURNIER.,10071108,07:00:00,17,0,0,3,2025-01-12T00:00:00.000Z,-43.349331860000,-21.758144610000,"Avenida Getúlio Vargas, 835"
412,PARQUE BURNIER.,10072356,07:25:00,17,0,0,0,2025-01-12T00:00:00.000Z,-43.327793950000,-21.762107030000,"Rua Natalino José de Paula, 271"
412,PARQUE BURNIER.,10071503,07:25:00,15,0,0,0,2025-01-12T00:00:00.000Z,-43.326207040000,-21.762717810000,"Rua Natalino José de Paula, 421"
412,PARQUE BURNIER.,10072328,07:25:00,13,0,0,0,2025-01-12T00:00:00.000Z,-43.326450350000,-21.763683320000,"Rua Adelaide Campos de Resende, 669"
412,PARQUE BURNIER.,10072377,07:25:00,12,0,0,0,2025-01-12T00:00:00.000Z,-43.327321890000,-21.764062650000,"Rua José Teodoro dos Santos, 25"
412,PARQUE BURNIER.,10072316,07:25:00,11,0,0,0,2025-01-12T00:00:00.000Z,-43.328204750000,-21.763332370000,"Rua José Teodoro dos Santos, 145"
412,PARQUE BURNIER.,10072296,07:25:00,9,0,1,0,2025-01-12T00:00:00.000Z,-43.329374790000,-21.763440430000,"Rua Adelaide Campos de Resende, 975"
412,PARQUE BURNIER.,10072301,07:25:00,8,1,3,1,2025-01-12T00:00:00.000Z,-43.330138330000,-21.763252970000,"Rua Adelaide Campos de Resende, 1061"
412,PARQUE BURNIER.,10073561,07:25:00,7,0,0,3,2025-01-12T00:00:00.000Z,-43.331552510000,-21.763418910000,"Rua Olga Burnier, 480"
412,PARQUE BURNIER.,10073560,07:25:00,5,0,0,3,2025-01-12T00:00:00.000Z,-43.333589670000,-21.761652280000,"Rua Olga Burnier, 230"
412,PARQUE BURNIER.,10073552,07:25:00,3,0,0,4,2025-01-12T00:00:00.000Z,-43.335479020000,-21.760313550000,"Rua São Geraldo, 84"
412,PARQUE BURNIER.,10072305,07:25:00,2,1,0,4,2025-01-12T00:00:00.000Z,-43.337478970000,-21.760922950000,"Rua Djalma de Carvalho, 37"
412,PARQUE BURNIER.,10071108,07:25:00,1,3,0,3,2025-01-12T00:00:00.000Z,-43.349331860000,-21.758144610000,"Avenida Getúlio Vargas, 835"
412,PARQUE BURNIER.,10073558,07:25:00,4,0,1,3,2025-01-12T00:00:00.000Z,-43.334645750000,-21.760669710000,"Rua Olga Burnier, 70"
412,PARQUE BURNIER.,10073557,07:25:00,6,0,0,3,2025-01-12T00:00:00.000Z,-43.332479840000,-21.762640710000,"Rua Olga Burnier, 356"
412,PARQUE BURNIER.,10072358,07:25:00,18,8,0,8,2025-01-12T00:00:00.000Z,-43.328687310000,-21.761675740000,"Rua Natalino José de Paula, 112 - Ponto Final do Parque Burnier"
412,PARQUE BURNIER.,10072375,07:25:00,16,0,0,0,2025-01-12T00:00:00.000Z,-43.327420830000,-21.762727850000,"Rua Natalino José de Paula, 319"
412,PARQUE BURNIER.,10072313,07:25:00,10,0,0,0,2025-01-12T00:00:00.000Z,-43.328846690000,-21.762504770000,"Rua José Teodoro dos Santos, 275"
412,PARQUE BURNIER.,10072359,07:25:00,14,0,0,0,2025-01-12T00:00:00.000Z,-43.326282500000,-21.763143540000,"Rua Adelaide Campos de Resende, 651"
412,PARQUE BURNIER.,10072302,08:00:00,15,1,1,6,2025-01-12T00:00:00.000Z,-43.338029500000,-21.760323850000,"Avenida Sete de Setembro, 623"
412,PARQUE BURNIER.,10072337,08:00:00,13,0,0,6,2025-01-12T00:00:00.000Z,-43.334540130000,-21.760522960000,"Rua Olga Burnier, 67"
412,PARQUE BURNIER.,10072382,08:00:00,11,0,0,6,2025-01-12T00:00:00.000Z,-43.332369450000,-21.762522520000,"Rua Olga Burnier, 361"
412,PARQUE BURNIER.,10073583,08:00:00,9,0,1,6,2025-01-12T00:00:00.000Z,-43.330207820000,-21.763072230000,"Rua Adelaide Campos de Resende, 1070"
412,PARQUE BURNIER.,10072386,08:00:00,7,0,0,4,2025-01-12T00:00:00.000Z,-43.328850270000,-21.762325320000,"Rua José Teodoro dos Santos, 292"
412,PARQUE BURNIER.,10072384,08:00:00,6,0,0,4,2025-01-12T00:00:00.000Z,-43.327999480000,-21.763301540000,"Rua José Teodoro dos Santos, 126"
412,PARQUE BURNIER.,10072309,08:00:00,5,0,0,4,2025-01-12T00:00:00.000Z,-43.327273730000,-21.763967940000,"Rua José Teodoro dos Santos, 28"
412,PARQUE BURNIER.,10072362,08:00:00,3,0,0,3,2025-01-12T00:00:00.000Z,-43.327527760000,-21.762798310000,"Rua Natalino José de Paula, 310"
412,PARQUE BURNIER.,10072363,08:00:00,2,3,0,3,2025-01-12T00:00:00.000Z,-43.327885630000,-21.762179390000,"Rua Natalino José de Paula, 288"
412,PARQUE BURNIER.,10072358,08:00:00,1,0,0,0,2025-01-12T00:00:00.000Z,-43.328687310000,-21.761675740000,"Rua Natalino José de Paula, 112 - Ponto Final do Parque Burnier"
412,PARQUE BURNIER.,10071108,08:00:00,17,0,3,6,2025-01-12T00:00:00.000Z,-43.349331860000,-21.758144610000,"Avenida Getúlio Vargas, 835"
412,PARQUE BURNIER.,10072332,08:00:00,14,0,0,6,2025-01-12T00:00:00.000Z,-43.335533860000,-21.760131640000,"Rua São Geraldo, 89"
412,PARQUE BURNIER.,10073589,08:00:00,4,1,0,4,2025-01-12T00:00:00.000Z,-43.326568960000,-21.763629600000,"Rua Adelaide Campos de Resende, 706"
412,PARQUE BURNIER.,10074194,08:00:00,16,4,1,9,2025-01-12T00:00:00.000Z,-43.342338620000,-21.760505960000,"Rua Ângelo Falci, 55"
412,PARQUE BURNIER.,10073584,08:00:00,8,3,0,7,2025-01-12T00:00:00.000Z,-43.329363350000,-21.763255450000,"Rua Adelaide Campos de Resende, 984"
412,PARQUE BURNIER.,10072335,08:00:00,12,0,0,6,2025-01-12T00:00:00.000Z,-43.333453420000,-21.761562350000,"Rua Olga Burnier, 233"
412,PARQUE BURNIER.,10072380,08:00:00,10,0,0,6,2025-01-12T00:00:00.000Z,-43.331466790000,-21.763337580000,"Rua Olga Burnier, 485"
412,PARQUE BURNIER.,10072313,11:25:00,10,0,0,11,2025-01-12T00:00:00.000Z,-43.328846690000,-21.762504770000,"Rua José Teodoro dos Santos, 275"
412,PARQUE BURNIER.,10072358,11:25:00,18,0,0,8,2025-01-12T00:00:00.000Z,-43.328687310000,-21.761675740000,"Rua Natalino José de Paula, 112 - Ponto Final do Parque Burnier"
412,PARQUE BURNIER.,10072375,11:25:00,16,0,0,8,2025-01-12T00:00:00.000Z,-43.327420830000,-21.762727850000,"Rua Natalino José de Paula, 319"
412,PARQUE BURNIER.,10072359,11:25:00,14,0,0,8,2025-01-12T00:00:00.000Z,-43.326282500000,-21.763143540000,"Rua Adelaide Campos de Resende, 651"
412,PARQUE BURNIER.,10072377,11:25:00,12,0,3,8,2025-01-12T00:00:00.000Z,-43.327321890000,-21.764062650000,"Rua José Teodoro dos Santos, 25"
412,PARQUE BURNIER.,10072296,11:25:00,9,0,0,11,2025-01-12T00:00:00.000Z,-43.329374790000,-21.763440430000,"Rua Adelaide Campos de Resende, 975"
412,PARQUE BURNIER.,10072301,11:25:00,8,1,0,11,2025-01-12T00:00:00.000Z,-43.330138330000,-21.763252970000,"Rua Adelaide Campos de Resende, 1061"
412,PARQUE BURNIER.,10073557,11:25:00,6,1,0,10,2025-01-12T00:00:00.000Z,-43.332479840000,-21.762640710000,"Rua Olga Burnier, 356"
412,PARQUE BURNIER.,10073558,11:25:00,4,6,0,8,2025-01-12T00:00:00.000Z,-43.334645750000,-21.760669710000,"Rua Olga Burnier, 70"
412,PARQUE BURNIER.,10072305,11:25:00,2,2,0,2,2025-01-12T00:00:00.000Z,-43.337478970000,-21.760922950000,"Rua Djalma de Carvalho, 37"
412,PARQUE BURNIER.,10071108,11:25:00,1,0,0,0,2025-01-12T00:00:00.000Z,-43.349331860000,-21.758144610000,"Avenida Getúlio Vargas, 835"
412,PARQUE BURNIER.,10071503,11:25:00,15,0,0,8,2025-01-12T00:00:00.000Z,-43.326207040000,-21.762717810000,"Rua Natalino José de Paula, 421"
412,PARQUE BURNIER.,10072356,11:25:00,17,0,0,8,2025-01-12T00:00:00.000Z,-43.327793950000,-21.762107030000,"Rua Natalino José de Paula, 271"
412,PARQUE BURNIER.,10072328,11:25:00,13,0,0,8,2025-01-12T00:00:00.000Z,-43.326450350000,-21.763683320000,"Rua Adelaide Campos de Resende, 669"
412,PARQUE BURNIER.,10072316,11:25:00,11,0,0,11,2025-01-12T00:00:00.000Z,-43.328204750000,-21.763332370000,"Rua José Teodoro dos Santos, 145"
412,PARQUE BURNIER.,10073560,11:25:00,5,1,0,9,2025-01-12T00:00:00.000Z,-43.333589670000,-21.761652280000,"Rua Olga Burnier, 230"
412,PARQUE BURNIER.,10073561,11:25:00,7,0,0,10,2025-01-12T00:00:00.000Z,-43.331552510000,-21.763418910000,"Rua Olga Burnier, 480"
412,PARQUE BURNIER.,10073552,11:25:00,3,0,0,2,2025-01-12T00:00:00.000Z,-43.335479020000,-21.760313550000,"Rua São Geraldo, 84"
412,PARQUE BURNIER.,10072358,12:25:00,18,0,0,1,2025-01-12T00:00:00.000Z,-43.328687310000,-21.761675740000,"Rua Natalino José de Paula, 112 - Ponto Final do Parque Burnier"
412,PARQUE BURNIER.,10072375,12:25:00,16,0,0,3,2025-01-12T00:00:00.000Z,-43.327420830000,-21.762727850000,"Rua Natalino José de Paula, 319"
412,PARQUE BURNIER.,10072359,12:25:00,14,0,0,3,2025-01-12T00:00:00.000Z,-43.326282500000,-21.763143540000,"Rua Adelaide Campos de Resende, 651"
412,PARQUE BURNIER.,10072377,12:25:00,12,0,0,3,2025-01-12T00:00:00.000Z,-43.327321890000,-21.764062650000,"Rua José Teodoro dos Santos, 25"
412,PARQUE BURNIER.,10072313,12:25:00,10,1,0,3,2025-01-12T00:00:00.000Z,-43.328846690000,-21.762504770000,"Rua José Teodoro dos Santos, 275"
412,PARQUE BURNIER.,10072301,12:25:00,8,0,0,2,2025-01-12T00:00:00.000Z,-43.330138330000,-21.763252970000,"Rua Adelaide Campos de Resende, 1061"
412,PARQUE BURNIER.,10073557,12:25:00,6,0,0,2,2025-01-12T00:00:00.000Z,-43.332479840000,-21.762640710000,"Rua Olga Burnier, 356"
412,PARQUE BURNIER.,10073558,12:25:00,4,2,0,2,2025-01-12T00:00:00.000Z,-43.334645750000,-21.760669710000,"Rua Olga Burnier, 70"
412,PARQUE BURNIER.,10073552,12:25:00,3,0,4,0,2025-01-12T00:00:00.000Z,-43.335479020000,-21.760313550000,"Rua São Geraldo, 84"
412,PARQUE BURNIER.,10072305,12:25:00,2,4,0,4,2025-01-12T00:00:00.000Z,-43.337478970000,-21.760922950000,"Rua Djalma de Carvalho, 37"
412,PARQUE BURNIER.,10071108,12:25:00,1,0,0,0,2025-01-12T00:00:00.000Z,-43.349331860000,-21.758144610000,"Avenida Getúlio Vargas, 835"
412,PARQUE BURNIER.,10072316,12:25:00,11,0,0,3,2025-01-12T00:00:00.000Z,-43.328204750000,-21.763332370000,"Rua José Teodoro dos Santos, 145"
412,PARQUE BURNIER.,10072328,12:25:00,13,0,0,3,2025-01-12T00:00:00.000Z,-43.326450350000,-21.763683320000,"Rua Adelaide Campos de Resende, 669"
412,PARQUE BURNIER.,10072296,12:25:00,9,0,0,2,2025-01-12T00:00:00.000Z,-43.329374790000,-21.763440430000,"Rua Adelaide Campos de Resende, 975"
412,PARQUE BURNIER.,10072356,12:25:00,17,0,2,1,2025-01-12T00:00:00.000Z,-43.327793950000,-21.762107030000,"Rua Natalino José de Paula, 271"
412,PARQUE BURNIER.,10071503,12:25:00,15,0,0,3,2025-01-12T00:00:00.000Z,-43.326207040000,-21.762717810000,"Rua Natalino José de Paula, 421"
412,PARQUE BURNIER.,10073560,12:25:00,5,0,0,2,2025-01-12T00:00:00.000Z,-43.333589670000,-21.761652280000,"Rua Olga Burnier, 230"
412,PARQUE BURNIER.,10073561,12:25:00,7,0,0,2,2025-01-12T00:00:00.000Z,-43.331552510000,-21.763418910000,"Rua Olga Burnier, 480"
412,PARQUE BURNIER.,10072358,13:25:00,18,1,0,1,2025-01-12T00:00:00.000Z,-43.328687310000,-21.761675740000,"Rua Natalino José de Paula, 112 - Ponto Final do Parque Burnier"
412,PARQUE BURNIER.,10072377,13:25:00,12,0,0,10,2025-01-12T00:00:00.000Z,-43.327321890000,-21.764062650000,"Rua José Teodoro dos Santos, 25"
412,PARQUE BURNIER.,10072296,13:25:00,9,0,0,12,2025-01-12T00:00:00.000Z,-43.329374790000,-21.763440430000,"Rua Adelaide Campos de Resende, 975"
412,PARQUE BURNIER.,10072328,13:25:00,13,0,1,9,2025-01-12T00:00:00.000Z,-43.326450350000,-21.763683320000,"Rua Adelaide Campos de Resende, 669"
412,PARQUE BURNIER.,10072356,13:25:00,17,0,4,0,2025-01-12T00:00:00.000Z,-43.327793950000,-21.762107030000,"Rua Natalino José de Paula, 271"
412,PARQUE BURNIER.,10072375,13:25:00,16,0,3,4,2025-01-12T00:00:00.000Z,-43.327420830000,-21.762727850000,"Rua Natalino José de Paula, 319"
412,PARQUE BURNIER.,10072359,13:25:00,14,0,1,8,2025-01-12T00:00:00.000Z,-43.326282500000,-21.763143540000,"Rua Adelaide Campos de Resende, 651"
412,PARQUE BURNIER.,10072313,13:25:00,10,0,0,12,2025-01-12T00:00:00.000Z,-43.328846690000,-21.762504770000,"Rua José Teodoro dos Santos, 275"
412,PARQUE BURNIER.,10072301,13:25:00,8,0,0,12,2025-01-12T00:00:00.000Z,-43.330138330000,-21.763252970000,"Rua Adelaide Campos de Resende, 1061"
412,PARQUE BURNIER.,10071108,13:25:00,1,17,0,17,2025-01-12T00:00:00.000Z,-43.349331860000,-21.758144610000,"Avenida Getúlio Vargas, 835"
412,PARQUE BURNIER.,10073560,13:25:00,5,0,0,17,2025-01-12T00:00:00.000Z,-43.333589670000,-21.761652280000,"Rua Olga Burnier, 230"
412,PARQUE BURNIER.,10073558,13:25:00,4,1,0,17,2025-01-12T00:00:00.000Z,-43.334645750000,-21.760669710000,"Rua Olga Burnier, 70"
412,PARQUE BURNIER.,10073552,13:25:00,3,0,2,16,2025-01-12T00:00:00.000Z,-43.335479020000,-21.760313550000,"Rua São Geraldo, 84"
412,PARQUE BURNIER.,10072305,13:25:00,2,1,0,18,2025-01-12T00:00:00.000Z,-43.337478970000,-21.760922950000,"Rua Djalma de Carvalho, 37"
412,PARQUE BURNIER.,10073561,13:25:00,7,0,2,12,2025-01-12T00:00:00.000Z,-43.331552510000,-21.763418910000,"Rua Olga Burnier, 480"
412,PARQUE BURNIER.,10073557,13:25:00,6,0,3,14,2025-01-12T00:00:00.000Z,-43.332479840000,-21.762640710000,"Rua Olga Burnier, 356"
412,PARQUE BURNIER.,10072316,13:25:00,11,0,2,10,2025-01-12T00:00:00.000Z,-43.328204750000,-21.763332370000,"Rua José Teodoro dos Santos, 145"
412,PARQUE BURNIER.,10071503,13:25:00,15,0,1,7,2025-01-12T00:00:00.000Z,-43.326207040000,-21.762717810000,"Rua Natalino José de Paula, 421"
412,PARQUE BURNIER.,10073584,14:00:00,8,0,0,4,2025-01-12T00:00:00.000Z,-43.329363350000,-21.763255450000,"Rua Adelaide Campos de Resende, 984"
412,PARQUE BURNIER.,10072380,14:00:00,10,0,0,3,2025-01-12T00:00:00.000Z,-43.331466790000,-21.763337580000,"Rua Olga Burnier, 485"
412,PARQUE BURNIER.,10072332,14:00:00,14,0,0,3,2025-01-12T00:00:00.000Z,-43.335533860000,-21.760131640000,"Rua São Geraldo, 89"
412,PARQUE BURNIER.,10073583,14:00:00,9,0,1,3,2025-01-12T00:00:00.000Z,-43.330207820000,-21.763072230000,"Rua Adelaide Campos de Resende, 1070"
412,PARQUE BURNIER.,10072386,14:00:00,7,4,0,4,2025-01-12T00:00:00.000Z,-43.328850270000,-21.762325320000,"Rua José Teodoro dos Santos, 292"
412,PARQUE BURNIER.,10074194,14:00:00,16,10,1,11,2025-01-12T00:00:00.000Z,-43.342338620000,-21.760505960000,"Rua Ângelo Falci, 55"
412,PARQUE BURNIER.,10072302,14:00:00,15,0,1,2,2025-01-12T00:00:00.000Z,-43.338029500000,-21.760323850000,"Avenida Sete de Setembro, 623"
412,PARQUE BURNIER.,10072335,14:00:00,12,0,0,3,2025-01-12T00:00:00.000Z,-43.333453420000,-21.761562350000,"Rua Olga Burnier, 233"
412,PARQUE BURNIER.,10072382,14:00:00,11,0,0,3,2025-01-12T00:00:00.000Z,-43.332369450000,-21.762522520000,"Rua Olga Burnier, 361"
412,PARQUE BURNIER.,10072384,14:00:00,6,0,0,0,2025-01-12T00:00:00.000Z,-43.327999480000,-21.763301540000,"Rua José Teodoro dos Santos, 126"
412,PARQUE BURNIER.,10073589,14:00:00,4,0,0,0,2025-01-12T00:00:00.000Z,-43.326568960000,-21.763629600000,"Rua Adelaide Campos de Resende, 706"
412,PARQUE BURNIER.,10072362,14:00:00,3,0,0,0,2025-01-12T00:00:00.000Z,-43.327527760000,-21.762798310000,"Rua Natalino José de Paula, 310"
412,PARQUE BURNIER.,10072363,14:00:00,2,0,0,0,2025-01-12T00:00:00.000Z,-43.327885630000,-21.762179390000,"Rua Natalino José de Paula, 288"
412,PARQUE BURNIER.,10072358,14:00:00,1,0,0,0,2025-01-12T00:00:00.000Z,-43.328687310000,-21.761675740000,"Rua Natalino José de Paula, 112 - Ponto Final do Parque Burnier"
412,PARQUE BURNIER.,10072337,14:00:00,13,0,0,3,2025-01-12T00:00:00.000Z,-43.334540130000,-21.760522960000,"Rua Olga Burnier, 67"
412,PARQUE BURNIER.,10072309,14:00:00,5,0,0,0,2025-01-12T00:00:00.000Z,-43.327273730000,-21.763967940000,"Rua José Teodoro dos Santos, 28"
412,PARQUE BURNIER.,10071108,14:00:00,17,0,3,8,2025-01-12T00:00:00.000Z,-43.349331860000,-21.758144610000,"Avenida Getúlio Vargas, 835"
412,PARQUE BURNIER.,10072382,16:00:00,11,0,0,1,2025-01-12T00:00:00.000Z,-43.332369450000,-21.762522520000,"Rua Olga Burnier, 361"
412,PARQUE BURNIER.,10072335,16:00:00,12,0,0,1,2025-01-12T00:00:00.000Z,-43.333453420000,-21.761562350000,"Rua Olga Burnier, 233"
412,PARQUE BURNIER.,10072337,16:00:00,13,0,1,0,2025-01-12T00:00:00.000Z,-43.334540130000,-21.760522960000,"Rua Olga Burnier, 67"
412,PARQUE BURNIER.,10072380,16:00:00,10,0,0,1,2025-01-12T00:00:00.000Z,-43.331466790000,-21.763337580000,"Rua Olga Burnier, 485"
412,PARQUE BURNIER.,10072302,16:00:00,15,0,4,0,2025-01-12T00:00:00.000Z,-43.338029500000,-21.760323850000,"Avenida Sete de Setembro, 623"
412,PARQUE BURNIER.,10072363,16:00:00,2,2,0,2,2025-01-12T00:00:00.000Z,-43.327885630000,-21.762179390000,"Rua Natalino José de Paula, 288"
412,PARQUE BURNIER.,10072332,16:00:00,14,4,0,4,2025-01-12T00:00:00.000Z,-43.335533860000,-21.760131640000,"Rua São Geraldo, 89"
412,PARQUE BURNIER.,10072358,16:00:00,1,0,0,0,2025-01-12T00:00:00.000Z,-43.328687310000,-21.761675740000,"Rua Natalino José de Paula, 112 - Ponto Final do Parque Burnier"
412,PARQUE BURNIER.,10073589,16:00:00,4,0,0,2,2025-01-12T00:00:00.000Z,-43.326568960000,-21.763629600000,"Rua Adelaide Campos de Resende, 706"
412,PARQUE BURNIER.,10072309,16:00:00,5,0,0,2,2025-01-12T00:00:00.000Z,-43.327273730000,-21.763967940000,"Rua José Teodoro dos Santos, 28"
412,PARQUE BURNIER.,10072362,16:00:00,3,0,0,2,2025-01-12T00:00:00.000Z,-43.327527760000,-21.762798310000,"Rua Natalino José de Paula, 310"
412,PARQUE BURNIER.,10073584,16:00:00,8,0,0,1,2025-01-12T00:00:00.000Z,-43.329363350000,-21.763255450000,"Rua Adelaide Campos de Resende, 984"
412,PARQUE BURNIER.,10074194,16:00:00,16,0,0,0,2025-01-12T00:00:00.000Z,-43.342338620000,-21.760505960000,"Rua Ângelo Falci, 55"
412,PARQUE BURNIER.,10073583,16:00:00,9,0,0,1,2025-01-12T00:00:00.000Z,-43.330207820000,-21.763072230000,"Rua Adelaide Campos de Resende, 1070"
412,PARQUE BURNIER.,10071108,16:00:00,17,0,0,0,2025-01-12T00:00:00.000Z,-43.349331860000,-21.758144610000,"Avenida Getúlio Vargas, 835"
412,PARQUE BURNIER.,10072386,16:00:00,7,0,1,1,2025-01-12T00:00:00.000Z,-43.328850270000,-21.762325320000,"Rua José Teodoro dos Santos, 292"
412,PARQUE BURNIER.,10072384,16:00:00,6,0,0,2,2025-01-12T00:00:00.000Z,-43.327999480000,-21.763301540000,"Rua José Teodoro dos Santos, 126"
412,PARQUE BURNIER.,10071108,17:00:00,17,0,13,0,2025-01-12T00:00:00.000Z,-43.349331860000,-21.758144610000,"Avenida Getúlio Vargas, 835"
412,PARQUE BURNIER.,10074194,17:00:00,16,4,1,13,2025-01-12T00:00:00.000Z,-43.342338620000,-21.760505960000,"Rua Ângelo Falci, 55"
412,PARQUE BURNIER.,10072332,17:00:00,14,2,0,11,2025-01-12T00:00:00.000Z,-43.335533860000,-21.760131640000,"Rua São Geraldo, 89"
412,PARQUE BURNIER.,10072337,17:00:00,13,0,1,9,2025-01-12T00:00:00.000Z,-43.334540130000,-21.760522960000,"Rua Olga Burnier, 67"
412,PARQUE BURNIER.,10072335,17:00:00,12,0,0,10,2025-01-12T00:00:00.000Z,-43.333453420000,-21.761562350000,"Rua Olga Burnier, 233"
412,PARQUE BURNIER.,10072380,17:00:00,10,0,0,10,2025-01-12T00:00:00.000Z,-43.331466790000,-21.763337580000,"Rua Olga Burnier, 485"
412,PARQUE BURNIER.,10073583,17:00:00,9,0,0,10,2025-01-12T00:00:00.000Z,-43.330207820000,-21.763072230000,"Rua Adelaide Campos de Resende, 1070"
412,PARQUE BURNIER.,10073584,17:00:00,8,0,0,10,2025-01-12T00:00:00.000Z,-43.329363350000,-21.763255450000,"Rua Adelaide Campos de Resende, 984"
412,PARQUE BURNIER.,10072384,17:00:00,6,0,0,8,2025-01-12T00:00:00.000Z,-43.327999480000,-21.763301540000,"Rua José Teodoro dos Santos, 126"
412,PARQUE BURNIER.,10072309,17:00:00,5,1,0,8,2025-01-12T00:00:00.000Z,-43.327273730000,-21.763967940000,"Rua José Teodoro dos Santos, 28"
412,PARQUE BURNIER.,10073589,17:00:00,4,3,0,7,2025-01-12T00:00:00.000Z,-43.326568960000,-21.763629600000,"Rua Adelaide Campos de Resende, 706"
412,PARQUE BURNIER.,10072362,17:00:00,3,2,0,4,2025-01-12T00:00:00.000Z,-43.327527760000,-21.762798310000,"Rua Natalino José de Paula, 310"
412,PARQUE BURNIER.,10072363,17:00:00,2,2,0,2,2025-01-12T00:00:00.000Z,-43.327885630000,-21.762179390000,"Rua Natalino José de Paula, 288"
412,PARQUE BURNIER.,10072358,17:00:00,1,0,0,0,2025-01-12T00:00:00.000Z,-43.328687310000,-21.761675740000,"Rua Natalino José de Paula, 112 - Ponto Final do Parque Burnier"
412,PARQUE BURNIER.,10072382,17:00:00,11,0,0,10,2025-01-12T00:00:00.000Z,-43.332369450000,-21.762522520000,"Rua Olga Burnier, 361"
412,PARQUE BURNIER.,10072302,17:00:00,15,0,1,10,2025-01-12T00:00:00.000Z,-43.338029500000,-21.760323850000,"Avenida Sete de Setembro, 623"
412,PARQUE BURNIER.,10072386,17:00:00,7,2,0,10,2025-01-12T00:00:00.000Z,-43.328850270000,-21.762325320000,"Rua José Teodoro dos Santos, 292"
412,PARQUE BURNIER.,10071108,18:00:00,17,0,3,8,2025-01-12T00:00:00.000Z,-43.349331860000,-21.758144610000,"Avenida Getúlio Vargas, 835"
412,PARQUE BURNIER.,10074194,18:00:00,16,2,1,11,2025-01-12T00:00:00.000Z,-43.342338620000,-21.760505960000,"Rua Ângelo Falci, 55"
412,PARQUE BURNIER.,10072302,18:00:00,15,2,1,10,2025-01-12T00:00:00.000Z,-43.338029500000,-21.760323850000,"Avenida Sete de Setembro, 623"
412,PARQUE BURNIER.,10072337,18:00:00,13,0,0,9,2025-01-12T00:00:00.000Z,-43.334540130000,-21.760522960000,"Rua Olga Burnier, 67"
412,PARQUE BURNIER.,10072335,18:00:00,12,2,0,9,2025-01-12T00:00:00.000Z,-43.333453420000,-21.761562350000,"Rua Olga Burnier, 233"
412,PARQUE BURNIER.,10072382,18:00:00,11,0,0,7,2025-01-12T00:00:00.000Z,-43.332369450000,-21.762522520000,"Rua Olga Burnier, 361"
412,PARQUE BURNIER.,10073583,18:00:00,9,2,1,6,2025-01-12T00:00:00.000Z,-43.330207820000,-21.763072230000,"Rua Adelaide Campos de Resende, 1070"
412,PARQUE BURNIER.,10073584,18:00:00,8,1,0,5,2025-01-12T00:00:00.000Z,-43.329363350000,-21.763255450000,"Rua Adelaide Campos de Resende, 984"
412,PARQUE BURNIER.,10072386,18:00:00,7,0,0,4,2025-01-12T00:00:00.000Z,-43.328850270000,-21.762325320000,"Rua José Teodoro dos Santos, 292"
412,PARQUE BURNIER.,10072309,18:00:00,5,1,0,3,2025-01-12T00:00:00.000Z,-43.327273730000,-21.763967940000,"Rua José Teodoro dos Santos, 28"
412,PARQUE BURNIER.,10073589,18:00:00,4,2,0,2,2025-01-12T00:00:00.000Z,-43.326568960000,-21.763629600000,"Rua Adelaide Campos de Resende, 706"
412,PARQUE BURNIER.,10072362,18:00:00,3,0,0,0,2025-01-12T00:00:00.000Z,-43.327527760000,-21.762798310000,"Rua Natalino José de Paula, 310"
412,PARQUE BURNIER.,10072363,18:00:00,2,0,0,0,2025-01-12T00:00:00.000Z,-43.327885630000,-21.762179390000,"Rua Natalino José de Paula, 288"
412,PARQUE BURNIER.,10072358,18:00:00,1,0,0,0,2025-01-12T00:00:00.000Z,-43.328687310000,-21.761675740000,"Rua Natalino José de Paula, 112 - Ponto Final do Parque Burnier"
412,PARQUE BURNIER.,10072384,18:00:00,6,1,0,4,2025-01-12T00:00:00.000Z,-43.327999480000,-21.763301540000,"Rua José Teodoro dos Santos, 126"
412,PARQUE BURNIER.,10072380,18:00:00,10,1,0,7,2025-01-12T00:00:00.000Z,-43.331466790000,-21.763337580000,"Rua Olga Burnier, 485"
412,PARQUE BURNIER.,10072332,18:00:00,14,0,0,9,2025-01-12T00:00:00.000Z,-43.335533860000,-21.760131640000,"Rua São Geraldo, 89"
412,PARQUE BURNIER.,10074194,19:00:00,16,1,1,15,2025-01-12T00:00:00.000Z,-43.342338620000,-21.760505960000,"Rua Ângelo Falci, 55"
412,PARQUE BURNIER.,10072302,19:00:00,15,0,1,15,2025-01-12T00:00:00.000Z,-43.338029500000,-21.760323850000,"Avenida Sete de Setembro, 623"
412,PARQUE BURNIER.,10072332,19:00:00,14,2,0,16,2025-01-12T00:00:00.000Z,-43.335533860000,-21.760131640000,"Rua São Geraldo, 89"
412,PARQUE BURNIER.,10072335,19:00:00,12,0,0,15,2025-01-12T00:00:00.000Z,-43.333453420000,-21.761562350000,"Rua Olga Burnier, 233"
412,PARQUE BURNIER.,10072382,19:00:00,11,3,0,15,2025-01-12T00:00:00.000Z,-43.332369450000,-21.762522520000,"Rua Olga Burnier, 361"
412,PARQUE BURNIER.,10072380,19:00:00,10,2,0,12,2025-01-12T00:00:00.000Z,-43.331466790000,-21.763337580000,"Rua Olga Burnier, 485"
412,PARQUE BURNIER.,10073584,19:00:00,8,0,0,10,2025-01-12T00:00:00.000Z,-43.329363350000,-21.763255450000,"Rua Adelaide Campos de Resende, 984"
412,PARQUE BURNIER.,10072386,19:00:00,7,0,0,10,2025-01-12T00:00:00.000Z,-43.328850270000,-21.762325320000,"Rua José Teodoro dos Santos, 292"
412,PARQUE BURNIER.,10072384,19:00:00,6,2,0,10,2025-01-12T00:00:00.000Z,-43.327999480000,-21.763301540000,"Rua José Teodoro dos Santos, 126"
412,PARQUE BURNIER.,10073589,19:00:00,4,1,0,8,2025-01-12T00:00:00.000Z,-43.326568960000,-21.763629600000,"Rua Adelaide Campos de Resende, 706"
412,PARQUE BURNIER.,10072362,19:00:00,3,3,0,7,2025-01-12T00:00:00.000Z,-43.327527760000,-21.762798310000,"Rua Natalino José de Paula, 310"
412,PARQUE BURNIER.,10072363,19:00:00,2,4,0,4,2025-01-12T00:00:00.000Z,-43.327885630000,-21.762179390000,"Rua Natalino José de Paula, 288"
412,PARQUE BURNIER.,10072358,19:00:00,1,0,0,0,2025-01-12T00:00:00.000Z,-43.328687310000,-21.761675740000,"Rua Natalino José de Paula, 112 - Ponto Final do Parque Burnier"
412,PARQUE BURNIER.,10072309,19:00:00,5,0,0,8,2025-01-12T00:00:00.000Z,-43.327273730000,-21.763967940000,"Rua José Teodoro dos Santos, 28"
412,PARQUE BURNIER.,10071108,19:00:00,17,0,15,0,2025-01-12T00:00:00.000Z,-43.349331860000,-21.758144610000,"Avenida Getúlio Vargas, 835"
412,PARQUE BURNIER.,10073583,19:00:00,9,0,0,10,2025-01-12T00:00:00.000Z,-43.330207820000,-21.763072230000,"Rua Adelaide Campos de Resende, 1070"
412,PARQUE BURNIER.,10072337,19:00:00,13,0,1,14,2025-01-12T00:00:00.000Z,-43.334540130000,-21.760522960000,"Rua Olga Burnier, 67"
412,PARQUE BURNIER.,10071108,20:00:00,17,0,3,9,2025-01-12T00:00:00.000Z,-43.349331860000,-21.758144610000,"Avenida Getúlio Vargas, 835"
412,PARQUE BURNIER.,10072302,20:00:00,15,0,1,1,2025-01-12T00:00:00.000Z,-43.338029500000,-21.760323850000,"Avenida Sete de Setembro, 623"
412,PARQUE BURNIER.,10072332,20:00:00,14,0,0,2,2025-01-12T00:00:00.000Z,-43.335533860000,-21.760131640000,"Rua São Geraldo, 89"
412,PARQUE BURNIER.,10072337,20:00:00,13,0,0,2,2025-01-12T00:00:00.000Z,-43.334540130000,-21.760522960000,"Rua Olga Burnier, 67"
412,PARQUE BURNIER.,10072382,20:00:00,11,0,0,2,2025-01-12T00:00:00.000Z,-43.332369450000,-21.762522520000,"Rua Olga Burnier, 361"
412,PARQUE BURNIER.,10072380,20:00:00,10,0,0,2,2025-01-12T00:00:00.000Z,-43.331466790000,-21.763337580000,"Rua Olga Burnier, 485"
412,PARQUE BURNIER.,10073583,20:00:00,9,0,1,2,2025-01-12T00:00:00.000Z,-43.330207820000,-21.763072230000,"Rua Adelaide Campos de Resende, 1070"
412,PARQUE BURNIER.,10072386,20:00:00,7,0,0,2,2025-01-12T00:00:00.000Z,-43.328850270000,-21.762325320000,"Rua José Teodoro dos Santos, 292"
412,PARQUE BURNIER.,10072384,20:00:00,6,0,0,2,2025-01-12T00:00:00.000Z,-43.327999480000,-21.763301540000,"Rua José Teodoro dos Santos, 126"
412,PARQUE BURNIER.,10072309,20:00:00,5,0,0,2,2025-01-12T00:00:00.000Z,-43.327273730000,-21.763967940000,"Rua José Teodoro dos Santos, 28"
412,PARQUE BURNIER.,10073589,20:00:00,4,1,0,2,2025-01-12T00:00:00.000Z,-43.326568960000,-21.763629600000,"Rua Adelaide Campos de Resende, 706"
412,PARQUE BURNIER.,10072362,20:00:00,3,1,0,1,2025-01-12T00:00:00.000Z,-43.327527760000,-21.762798310000,"Rua Natalino José de Paula, 310"
412,PARQUE BURNIER.,10072363,20:00:00,2,0,0,0,2025-01-12T00:00:00.000Z,-43.327885630000,-21.762179390000,"Rua Natalino José de Paula, 288"
412,PARQUE BURNIER.,10072358,20:00:00,1,0,0,0,2025-01-12T00:00:00.000Z,-43.328687310000,-21.761675740000,"Rua Natalino José de Paula, 112 - Ponto Final do Parque Burnier"
412,PARQUE BURNIER.,10073584,20:00:00,8,1,0,3,2025-01-12T00:00:00.000Z,-43.329363350000,-21.763255450000,"Rua Adelaide Campos de Resende, 984"
412,PARQUE BURNIER.,10074194,20:00:00,16,12,1,12,2025-01-12T00:00:00.000Z,-43.342338620000,-21.760505960000,"Rua Ângelo Falci, 55"
412,PARQUE BURNIER.,10072335,20:00:00,12,0,0,2,2025-01-12T00:00:00.000Z,-43.333453420000,-21.761562350000,"Rua Olga Burnier, 233"
412,PARQUE BURNIER.,10071108,21:00:00,17,0,24,0,2025-01-12T00:00:00.000Z,-43.349331860000,-21.758144610000,"Avenida Getúlio Vargas, 835"
412,PARQUE BURNIER.,10074194,21:00:00,16,5,0,24,2025-01-12T00:00:00.000Z,-43.342338620000,-21.760505960000,"Rua Ângelo Falci, 55"
412,PARQUE BURNIER.,10072332,21:00:00,14,0,0,17,2025-01-12T00:00:00.000Z,-43.335533860000,-21.760131640000,"Rua São Geraldo, 89"
412,PARQUE BURNIER.,10072337,21:00:00,13,10,0,17,2025-01-12T00:00:00.000Z,-43.334540130000,-21.760522960000,"Rua Olga Burnier, 67"
412,PARQUE BURNIER.,10072335,21:00:00,12,0,0,7,2025-01-12T00:00:00.000Z,-43.333453420000,-21.761562350000,"Rua Olga Burnier, 233"
412,PARQUE BURNIER.,10072382,21:00:00,11,0,0,7,2025-01-12T00:00:00.000Z,-43.332369450000,-21.762522520000,"Rua Olga Burnier, 361"
412,PARQUE BURNIER.,10072380,21:00:00,10,0,0,7,2025-01-12T00:00:00.000Z,-43.331466790000,-21.763337580000,"Rua Olga Burnier, 485"
412,PARQUE BURNIER.,10073583,21:00:00,9,0,0,7,2025-01-12T00:00:00.000Z,-43.330207820000,-21.763072230000,"Rua Adelaide Campos de Resende, 1070"
412,PARQUE BURNIER.,10073584,21:00:00,8,0,0,7,2025-01-12T00:00:00.000Z,-43.329363350000,-21.763255450000,"Rua Adelaide Campos de Resende, 984"
412,PARQUE BURNIER.,10072384,21:00:00,6,1,0,5,2025-01-12T00:00:00.000Z,-43.327999480000,-21.763301540000,"Rua José Teodoro dos Santos, 126"
412,PARQUE BURNIER.,10072309,21:00:00,5,0,0,4,2025-01-12T00:00:00.000Z,-43.327273730000,-21.763967940000,"Rua José Teodoro dos Santos, 28"
412,PARQUE BURNIER.,10073589,21:00:00,4,3,0,4,2025-01-12T00:00:00.000Z,-43.326568960000,-21.763629600000,"Rua Adelaide Campos de Resende, 706"
412,PARQUE BURNIER.,10072362,21:00:00,3,0,1,1,2025-01-12T00:00:00.000Z,-43.327527760000,-21.762798310000,"Rua Natalino José de Paula, 310"
412,PARQUE BURNIER.,10072363,21:00:00,2,2,0,2,2025-01-12T00:00:00.000Z,-43.327885630000,-21.762179390000,"Rua Natalino José de Paula, 288"
412,PARQUE BURNIER.,10072358,21:00:00,1,0,0,0,2025-01-12T00:00:00.000Z,-43.328687310000,-21.761675740000,"Rua Natalino José de Paula, 112 - Ponto Final do Parque Burnier"
412,PARQUE BURNIER.,10072386,21:00:00,7,2,0,7,2025-01-12T00:00:00.000Z,-43.328850270000,-21.762325320000,"Rua José Teodoro dos Santos, 292"
412,PARQUE BURNIER.,10072302,21:00:00,15,2,0,19,2025-01-12T00:00:00.000Z,-43.338029500000,-21.760323850000,"Avenida Sete de Setembro, 623"
412,PARQUE BURNIER.,10071108,05:30:00,17,0,3,6,2025-01-13T00:00:00.000Z,-43.349331860000,-21.758144610000,"Avenida Getúlio Vargas, 835"
412,PARQUE BURNIER.,10072302,05:30:00,15,1,0,13,2025-01-13T00:00:00.000Z,-43.338029500000,-21.760323850000,"Avenida Sete de Setembro, 623"
412,PARQUE BURNIER.,10072337,05:30:00,13,0,1,12,2025-01-13T00:00:00.000Z,-43.334540130000,-21.760522960000,"Rua Olga Burnier, 67"
412,PARQUE BURNIER.,10072335,05:30:00,12,0,0,13,2025-01-13T00:00:00.000Z,-43.333453420000,-21.761562350000,"Rua Olga Burnier, 233"
412,PARQUE BURNIER.,10072382,05:30:00,11,0,0,13,2025-01-13T00:00:00.000Z,-43.332369450000,-21.762522520000,"Rua Olga Burnier, 361"
412,PARQUE BURNIER.,10073583,05:30:00,9,0,0,13,2025-01-13T00:00:00.000Z,-43.330207820000,-21.763072230000,"Rua Adelaide Campos de Resende, 1070"
412,PARQUE BURNIER.,10073584,05:30:00,8,6,1,13,2025-01-13T00:00:00.000Z,-43.329363350000,-21.763255450000,"Rua Adelaide Campos de Resende, 984"
412,PARQUE BURNIER.,10072386,05:30:00,7,1,0,8,2025-01-13T00:00:00.000Z,-43.328850270000,-21.762325320000,"Rua José Teodoro dos Santos, 292"
412,PARQUE BURNIER.,10072309,05:30:00,5,0,0,6,2025-01-13T00:00:00.000Z,-43.327273730000,-21.763967940000,"Rua José Teodoro dos Santos, 28"
412,PARQUE BURNIER.,10073589,05:30:00,4,1,0,6,2025-01-13T00:00:00.000Z,-43.326568960000,-21.763629600000,"Rua Adelaide Campos de Resende, 706"
412,PARQUE BURNIER.,10072362,05:30:00,3,4,0,5,2025-01-13T00:00:00.000Z,-43.327527760000,-21.762798310000,"Rua Natalino José de Paula, 310"
412,PARQUE BURNIER.,10072358,05:30:00,1,0,0,0,2025-01-13T00:00:00.000Z,-43.328687310000,-21.761675740000,"Rua Natalino José de Paula, 112 - Ponto Final do Parque Burnier"
412,PARQUE BURNIER.,10072363,05:30:00,2,1,0,1,2025-01-13T00:00:00.000Z,-43.327885630000,-21.762179390000,"Rua Natalino José de Paula, 288"
412,PARQUE BURNIER.,10072380,05:30:00,10,0,0,13,2025-01-13T00:00:00.000Z,-43.331466790000,-21.763337580000,"Rua Olga Burnier, 485"
412,PARQUE BURNIER.,10072384,05:30:00,6,1,0,7,2025-01-13T00:00:00.000Z,-43.327999480000,-21.763301540000,"Rua José Teodoro dos Santos, 126"
412,PARQUE BURNIER.,10074194,05:30:00,16,0,4,9,2025-01-13T00:00:00.000Z,-43.342338620000,-21.760505960000,"Rua Ângelo Falci, 55"
412,PARQUE BURNIER.,10072332,05:30:00,14,0,0,12,2025-01-13T00:00:00.000Z,-43.335533860000,-21.760131640000,"Rua São Geraldo, 89"
412,PARQUE BURNIER.,10072358,05:51:00,18,15,0,15,2025-01-13T00:00:00.000Z,-43.328687310000,-21.761675740000,"Rua Natalino José de Paula, 112 - Ponto Final do Parque Burnier"
412,PARQUE BURNIER.,10072375,05:51:00,16,0,0,0,2025-01-13T00:00:00.000Z,-43.327420830000,-21.762727850000,"Rua Natalino José de Paula, 319"
412,PARQUE BURNIER.,10071503,05:51:00,15,0,0,0,2025-01-13T00:00:00.000Z,-43.326207040000,-21.762717810000,"Rua Natalino José de Paula, 421"
412,PARQUE BURNIER.,10072359,05:51:00,14,0,0,0,2025-01-13T00:00:00.000Z,-43.326282500000,-21.763143540000,"Rua Adelaide Campos de Resende, 651"
412,PARQUE BURNIER.,10072377,05:51:00,12,0,0,0,2025-01-13T00:00:00.000Z,-43.327321890000,-21.764062650000,"Rua José Teodoro dos Santos, 25"
412,PARQUE BURNIER.,10072316,05:51:00,11,0,0,0,2025-01-13T00:00:00.000Z,-43.328204750000,-21.763332370000,"Rua José Teodoro dos Santos, 145"
412,PARQUE BURNIER.,10072313,05:51:00,10,0,3,0,2025-01-13T00:00:00.000Z,-43.328846690000,-21.762504770000,"Rua José Teodoro dos Santos, 275"
412,PARQUE BURNIER.,10072301,05:51:00,8,0,2,7,2025-01-13T00:00:00.000Z,-43.330138330000,-21.763252970000,"Rua Adelaide Campos de Resende, 1061"
412,PARQUE BURNIER.,10073561,05:51:00,7,0,1,9,2025-01-13T00:00:00.000Z,-43.331552510000,-21.763418910000,"Rua Olga Burnier, 480"
412,PARQUE BURNIER.,10073557,05:51:00,6,0,0,10,2025-01-13T00:00:00.000Z,-43.332479840000,-21.762640710000,"Rua Olga Burnier, 356"
412,PARQUE BURNIER.,10073558,05:51:00,4,0,0,10,2025-01-13T00:00:00.000Z,-43.334645750000,-21.760669710000,"Rua Olga Burnier, 70"
412,PARQUE BURNIER.,10073552,05:51:00,3,1,0,10,2025-01-13T00:00:00.000Z,-43.335479020000,-21.760313550000,"Rua São Geraldo, 84"
412,PARQUE BURNIER.,10072305,05:51:00,2,1,0,9,2025-01-13T00:00:00.000Z,-43.337478970000,-21.760922950000,"Rua Djalma de Carvalho, 37"
412,PARQUE BURNIER.,10071108,05:51:00,1,8,0,8,2025-01-13T00:00:00.000Z,-43.349331860000,-21.758144610000,"Avenida Getúlio Vargas, 835"
412,PARQUE BURNIER.,10072356,05:51:00,17,0,0,0,2025-01-13T00:00:00.000Z,-43.327793950000,-21.762107030000,"Rua Natalino José de Paula, 271"
412,PARQUE BURNIER.,10073560,05:51:00,5,0,0,10,2025-01-13T00:00:00.000Z,-43.333589670000,-21.761652280000,"Rua Olga Burnier, 230"
412,PARQUE BURNIER.,10072328,05:51:00,13,0,0,0,2025-01-13T00:00:00.000Z,-43.326450350000,-21.763683320000,"Rua Adelaide Campos de Resende, 669"
412,PARQUE BURNIER.,10072296,05:51:00,9,0,4,3,2025-01-13T00:00:00.000Z,-43.329374790000,-21.763440430000,"Rua Adelaide Campos de Resende, 975"
412,PARQUE BURNIER.,10074194,06:17:00,16,0,3,14,2025-01-13T00:00:00.000Z,-43.342338620000,-21.760505960000,"Rua Ângelo Falci, 55"
412,PARQUE BURNIER.,10072332,06:17:00,14,0,1,18,2025-01-13T00:00:00.000Z,-43.335533860000,-21.760131640000,"Rua São Geraldo, 89"
412,PARQUE BURNIER.,10072337,06:17:00,13,1,0,19,2025-01-13T00:00:00.000Z,-43.334540130000,-21.760522960000,"Rua Olga Burnier, 67"
412,PARQUE BURNIER.,10072335,06:17:00,12,0,0,18,2025-01-13T00:00:00.000Z,-43.333453420000,-21.761562350000,"Rua Olga Burnier, 233"
412,PARQUE BURNIER.,10072380,06:17:00,10,1,0,19,2025-01-13T00:00:00.000Z,-43.331466790000,-21.763337580000,"Rua Olga Burnier, 485"
412,PARQUE BURNIER.,10073583,06:17:00,9,1,0,18,2025-01-13T00:00:00.000Z,-43.330207820000,-21.763072230000,"Rua Adelaide Campos de Resende, 1070"
412,PARQUE BURNIER.,10073584,06:17:00,8,2,0,17,2025-01-13T00:00:00.000Z,-43.329363350000,-21.763255450000,"Rua Adelaide Campos de Resende, 984"
412,PARQUE BURNIER.,10072384,06:17:00,6,1,0,14,2025-01-13T00:00:00.000Z,-43.327999480000,-21.763301540000,"Rua José Teodoro dos Santos, 126"
412,PARQUE BURNIER.,10072309,06:17:00,5,2,0,13,2025-01-13T00:00:00.000Z,-43.327273730000,-21.763967940000,"Rua José Teodoro dos Santos, 28"
412,PARQUE BURNIER.,10073589,06:17:00,4,4,0,11,2025-01-13T00:00:00.000Z,-43.326568960000,-21.763629600000,"Rua Adelaide Campos de Resende, 706"
412,PARQUE BURNIER.,10072363,06:17:00,2,5,0,5,2025-01-13T00:00:00.000Z,-43.327885630000,-21.762179390000,"Rua Natalino José de Paula, 288"
412,PARQUE BURNIER.,10072358,06:17:00,1,0,0,0,2025-01-13T00:00:00.000Z,-43.328687310000,-21.761675740000,"Rua Natalino José de Paula, 112 - Ponto Final do Parque Burnier"
412,PARQUE BURNIER.,10071108,06:17:00,17,0,4,10,2025-01-13T00:00:00.000Z,-43.349331860000,-21.758144610000,"Avenida Getúlio Vargas, 835"
412,PARQUE BURNIER.,10072302,06:17:00,15,1,2,17,2025-01-13T00:00:00.000Z,-43.338029500000,-21.760323850000,"Avenida Sete de Setembro, 623"
412,PARQUE BURNIER.,10072382,06:17:00,11,0,1,18,2025-01-13T00:00:00.000Z,-43.332369450000,-21.762522520000,"Rua Olga Burnier, 361"
412,PARQUE BURNIER.,10072386,06:17:00,7,1,0,15,2025-01-13T00:00:00.000Z,-43.328850270000,-21.762325320000,"Rua José Teodoro dos Santos, 292"
412,PARQUE BURNIER.,10072362,06:17:00,3,2,0,7,2025-01-13T00:00:00.000Z,-43.327527760000,-21.762798310000,"Rua Natalino José de Paula, 310"
412,PARQUE BURNIER.,10072356,06:38:00,17,0,0,0,2025-01-13T00:00:00.000Z,-43.327793950000,-21.762107030000,"Rua Natalino José de Paula, 271"
412,PARQUE BURNIER.,10072375,06:38:00,16,0,2,0,2025-01-13T00:00:00.000Z,-43.327420830000,-21.762727850000,"Rua Natalino José de Paula, 319"
412,PARQUE BURNIER.,10071503,06:38:00,15,0,0,2,2025-01-13T00:00:00.000Z,-43.326207040000,-21.762717810000,"Rua Natalino José de Paula, 421"
412,PARQUE BURNIER.,10072328,06:38:00,13,0,0,2,2025-01-13T00:00:00.000Z,-43.326450350000,-21.763683320000,"Rua Adelaide Campos de Resende, 669"
412,PARQUE BURNIER.,10072377,06:38:00,12,0,0,2,2025-01-13T00:00:00.000Z,-43.327321890000,-21.764062650000,"Rua José Teodoro dos Santos, 25"
412,PARQUE BURNIER.,10072316,06:38:00,11,0,0,2,2025-01-13T00:00:00.000Z,-43.328204750000,-21.763332370000,"Rua José Teodoro dos Santos, 145"
412,PARQUE BURNIER.,10072296,06:38:00,9,0,1,3,2025-01-13T00:00:00.000Z,-43.329374790000,-21.763440430000,"Rua Adelaide Campos de Resende, 975"
412,PARQUE BURNIER.,10072301,06:38:00,8,0,1,4,2025-01-13T00:00:00.000Z,-43.330138330000,-21.763252970000,"Rua Adelaide Campos de Resende, 1061"
412,PARQUE BURNIER.,10073561,06:38:00,7,2,0,5,2025-01-13T00:00:00.000Z,-43.331552510000,-21.763418910000,"Rua Olga Burnier, 480"
412,PARQUE BURNIER.,10073560,06:38:00,5,0,0,3,2025-01-13T00:00:00.000Z,-43.333589670000,-21.761652280000,"Rua Olga Burnier, 230"
412,PARQUE BURNIER.,10073558,06:38:00,4,0,0,3,2025-01-13T00:00:00.000Z,-43.334645750000,-21.760669710000,"Rua Olga Burnier, 70"
412,PARQUE BURNIER.,10073552,06:38:00,3,0,0,3,2025-01-13T00:00:00.000Z,-43.335479020000,-21.760313550000,"Rua São Geraldo, 84"
412,PARQUE BURNIER.,10072305,06:38:00,2,0,0,3,2025-01-13T00:00:00.000Z,-43.337478970000,-21.760922950000,"Rua Djalma de Carvalho, 37"
412,PARQUE BURNIER.,10071108,06:38:00,1,3,0,3,2025-01-13T00:00:00.000Z,-43.349331860000,-21.758144610000,"Avenida Getúlio Vargas, 835"
412,PARQUE BURNIER.,10072358,06:38:00,18,6,0,6,2025-01-13T00:00:00.000Z,-43.328687310000,-21.761675740000,"Rua Natalino José de Paula, 112 - Ponto Final do Parque Burnier"
412,PARQUE BURNIER.,10073557,06:38:00,6,0,0,3,2025-01-13T00:00:00.000Z,-43.332479840000,-21.762640710000,"Rua Olga Burnier, 356"
412,PARQUE BURNIER.,10072313,06:38:00,10,0,1,2,2025-01-13T00:00:00.000Z,-43.328846690000,-21.762504770000,"Rua José Teodoro dos Santos, 275"
412,PARQUE BURNIER.,10072359,06:38:00,14,0,0,2,2025-01-13T00:00:00.000Z,-43.326282500000,-21.763143540000,"Rua Adelaide Campos de Resende, 651"
412,PARQUE BURNIER.,10071108,07:04:00,17,0,16,4,2025-01-13T00:00:00.000Z,-43.349331860000,-21.758144610000,"Avenida Getúlio Vargas, 835"
412,PARQUE BURNIER.,10072302,07:04:00,15,0,2,22,2025-01-13T00:00:00.000Z,-43.338029500000,-21.760323850000,"Avenida Sete de Setembro, 623"
412,PARQUE BURNIER.,10072332,07:04:00,14,0,0,24,2025-01-13T00:00:00.000Z,-43.335533860000,-21.760131640000,"Rua São Geraldo, 89"
412,PARQUE BURNIER.,10072337,07:04:00,13,0,0,24,2025-01-13T00:00:00.000Z,-43.334540130000,-21.760522960000,"Rua Olga Burnier, 67"
412,PARQUE BURNIER.,10072382,07:04:00,11,1,0,23,2025-01-13T00:00:00.000Z,-43.332369450000,-21.762522520000,"Rua Olga Burnier, 361"
412,PARQUE BURNIER.,10072380,07:04:00,10,0,0,22,2025-01-13T00:00:00.000Z,-43.331466790000,-21.763337580000,"Rua Olga Burnier, 485"
412,PARQUE BURNIER.,10073583,07:04:00,9,0,0,22,2025-01-13T00:00:00.000Z,-43.330207820000,-21.763072230000,"Rua Adelaide Campos de Resende, 1070"
412,PARQUE BURNIER.,10072386,07:04:00,7,2,0,21,2025-01-13T00:00:00.000Z,-43.328850270000,-21.762325320000,"Rua José Teodoro dos Santos, 292"
412,PARQUE BURNIER.,10072384,07:04:00,6,4,0,19,2025-01-13T00:00:00.000Z,-43.327999480000,-21.763301540000,"Rua José Teodoro dos Santos, 126"
412,PARQUE BURNIER.,10072309,07:04:00,5,1,2,15,2025-01-13T00:00:00.000Z,-43.327273730000,-21.763967940000,"Rua José Teodoro dos Santos, 28"
412,PARQUE BURNIER.,10072362,07:04:00,3,2,0,6,2025-01-13T00:00:00.000Z,-43.327527760000,-21.762798310000,"Rua Natalino José de Paula, 310"
412,PARQUE BURNIER.,10072363,07:04:00,2,4,0,4,2025-01-13T00:00:00.000Z,-43.327885630000,-21.762179390000,"Rua Natalino José de Paula, 288"
412,PARQUE BURNIER.,10072358,07:04:00,1,0,0,0,2025-01-13T00:00:00.000Z,-43.328687310000,-21.761675740000,"Rua Natalino José de Paula, 112 - Ponto Final do Parque Burnier"
412,PARQUE BURNIER.,10073589,07:04:00,4,10,0,16,2025-01-13T00:00:00.000Z,-43.326568960000,-21.763629600000,"Rua Adelaide Campos de Resende, 706"
412,PARQUE BURNIER.,10073584,07:04:00,8,2,1,22,2025-01-13T00:00:00.000Z,-43.329363350000,-21.763255450000,"Rua Adelaide Campos de Resende, 984"
412,PARQUE BURNIER.,10074194,07:04:00,16,1,3,20,2025-01-13T00:00:00.000Z,-43.342338620000,-21.760505960000,"Rua Ângelo Falci, 55"
412,PARQUE BURNIER.,10072335,07:04:00,12,1,0,24,2025-01-13T00:00:00.000Z,-43.333453420000,-21.761562350000,"Rua Olga Burnier, 233"
412,PARQUE BURNIER.,10074194,07:51:00,16,2,3,17,2025-01-13T00:00:00.000Z,-43.342338620000,-21.760505960000,"Rua Ângelo Falci, 55"
412,PARQUE BURNIER.,10072332,07:51:00,14,0,1,20,2025-01-13T00:00:00.000Z,-43.335533860000,-21.760131640000,"Rua São Geraldo, 89"
412,PARQUE BURNIER.,10072337,07:51:00,13,0,0,21,2025-01-13T00:00:00.000Z,-43.334540130000,-21.760522960000,"Rua Olga Burnier, 67"
412,PARQUE BURNIER.,10072335,07:51:00,12,0,0,21,2025-01-13T00:00:00.000Z,-43.333453420000,-21.761562350000,"Rua Olga Burnier, 233"
412,PARQUE BURNIER.,10072380,07:51:00,10,1,0,22,2025-01-13T00:00:00.000Z,-43.331466790000,-21.763337580000,"Rua Olga Burnier, 485"
412,PARQUE BURNIER.,10073583,07:51:00,9,0,0,21,2025-01-13T00:00:00.000Z,-43.330207820000,-21.763072230000,"Rua Adelaide Campos de Resende, 1070"
412,PARQUE BURNIER.,10073584,07:51:00,8,4,0,21,2025-01-13T00:00:00.000Z,-43.329363350000,-21.763255450000,"Rua Adelaide Campos de Resende, 984"
412,PARQUE BURNIER.,10072384,07:51:00,6,1,0,15,2025-01-13T00:00:00.000Z,-43.327999480000,-21.763301540000,"Rua José Teodoro dos Santos, 126"
412,PARQUE BURNIER.,10072309,07:51:00,5,1,0,14,2025-01-13T00:00:00.000Z,-43.327273730000,-21.763967940000,"Rua José Teodoro dos Santos, 28"
412,PARQUE BURNIER.,10073589,07:51:00,4,11,0,13,2025-01-13T00:00:00.000Z,-43.326568960000,-21.763629600000,"Rua Adelaide Campos de Resende, 706"
412,PARQUE BURNIER.,10072363,07:51:00,2,1,0,1,2025-01-13T00:00:00.000Z,-43.327885630000,-21.762179390000,"Rua Natalino José de Paula, 288"
412,PARQUE BURNIER.,10072358,07:51:00,1,0,0,0,2025-01-13T00:00:00.000Z,-43.328687310000,-21.761675740000,"Rua Natalino José de Paula, 112 - Ponto Final do Parque Burnier"
412,PARQUE BURNIER.,10071108,07:51:00,17,0,9,8,2025-01-13T00:00:00.000Z,-43.349331860000,-21.758144610000,"Avenida Getúlio Vargas, 835"
412,PARQUE BURNIER.,10072362,07:51:00,3,1,0,2,2025-01-13T00:00:00.000Z,-43.327527760000,-21.762798310000,"Rua Natalino José de Paula, 310"
412,PARQUE BURNIER.,10072386,07:51:00,7,2,0,17,2025-01-13T00:00:00.000Z,-43.328850270000,-21.762325320000,"Rua José Teodoro dos Santos, 292"
412,PARQUE BURNIER.,10072382,07:51:00,11,0,1,21,2025-01-13T00:00:00.000Z,-43.332369450000,-21.762522520000,"Rua Olga Burnier, 361"
412,PARQUE BURNIER.,10072302,07:51:00,15,0,2,18,2025-01-13T00:00:00.000Z,-43.338029500000,-21.760323850000,"Avenida Sete de Setembro, 623"
412,PARQUE BURNIER.,10072356,08:12:00,17,0,0,2,2025-01-13T00:00:00.000Z,-43.327793950000,-21.762107030000,"Rua Natalino José de Paula, 271"
412,PARQUE BURNIER.,10072375,08:12:00,16,0,0,2,2025-01-13T00:00:00.000Z,-43.327420830000,-21.762727850000,"Rua Natalino José de Paula, 319"
412,PARQUE BURNIER.,10071503,08:12:00,15,0,0,2,2025-01-13T00:00:00.000Z,-43.326207040000,-21.762717810000,"Rua Natalino José de Paula, 421"
412,PARQUE BURNIER.,10072328,08:12:00,13,0,0,2,2025-01-13T00:00:00.000Z,-43.326450350000,-21.763683320000,"Rua Adelaide Campos de Resende, 669"
412,PARQUE BURNIER.,10072377,08:12:00,12,0,0,2,2025-01-13T00:00:00.000Z,-43.327321890000,-21.764062650000,"Rua José Teodoro dos Santos, 25"
412,PARQUE BURNIER.,10072316,08:12:00,11,0,0,2,2025-01-13T00:00:00.000Z,-43.328204750000,-21.763332370000,"Rua José Teodoro dos Santos, 145"
412,PARQUE BURNIER.,10072296,08:12:00,9,0,0,2,2025-01-13T00:00:00.000Z,-43.329374790000,-21.763440430000,"Rua Adelaide Campos de Resende, 975"
412,PARQUE BURNIER.,10072301,08:12:00,8,0,1,2,2025-01-13T00:00:00.000Z,-43.330138330000,-21.763252970000,"Rua Adelaide Campos de Resende, 1061"
412,PARQUE BURNIER.,10073561,08:12:00,7,0,1,3,2025-01-13T00:00:00.000Z,-43.331552510000,-21.763418910000,"Rua Olga Burnier, 480"
412,PARQUE BURNIER.,10073560,08:12:00,5,0,0,4,2025-01-13T00:00:00.000Z,-43.333589670000,-21.761652280000,"Rua Olga Burnier, 230"
412,PARQUE BURNIER.,10073558,08:12:00,4,0,0,4,2025-01-13T00:00:00.000Z,-43.334645750000,-21.760669710000,"Rua Olga Burnier, 70"
412,PARQUE BURNIER.,10073552,08:12:00,3,0,0,4,2025-01-13T00:00:00.000Z,-43.335479020000,-21.760313550000,"Rua São Geraldo, 84"
412,PARQUE BURNIER.,10072305,08:12:00,2,1,1,4,2025-01-13T00:00:00.000Z,-43.337478970000,-21.760922950000,"Rua Djalma de Carvalho, 37"
412,PARQUE BURNIER.,10071108,08:12:00,1,4,0,4,2025-01-13T00:00:00.000Z,-43.349331860000,-21.758144610000,"Avenida Getúlio Vargas, 835"
412,PARQUE BURNIER.,10073557,08:12:00,6,0,0,4,2025-01-13T00:00:00.000Z,-43.332479840000,-21.762640710000,"Rua Olga Burnier, 356"
412,PARQUE BURNIER.,10072358,08:12:00,18,1,0,3,2025-01-13T00:00:00.000Z,-43.328687310000,-21.761675740000,"Rua Natalino José de Paula, 112 - Ponto Final do Parque Burnier"
412,PARQUE BURNIER.,10072313,08:12:00,10,0,0,2,2025-01-13T00:00:00.000Z,-43.328846690000,-21.762504770000,"Rua José Teodoro dos Santos, 275"
412,PARQUE BURNIER.,10072359,08:12:00,14,0,0,2,2025-01-13T00:00:00.000Z,-43.326282500000,-21.763143540000,"Rua Adelaide Campos de Resende, 651"
412,PARQUE BURNIER.,10071108,08:38:00,17,0,21,0,2025-01-13T00:00:00.000Z,-43.349331860000,-21.758144610000,"Avenida Getúlio Vargas, 835"
412,PARQUE BURNIER.,10072302,08:38:00,15,0,1,25,2025-01-13T00:00:00.000Z,-43.338029500000,-21.760323850000,"Avenida Sete de Setembro, 623"
412,PARQUE BURNIER.,10072332,08:38:00,14,0,0,26,2025-01-13T00:00:00.000Z,-43.335533860000,-21.760131640000,"Rua São Geraldo, 89"
412,PARQUE BURNIER.,10072337,08:38:00,13,0,0,26,2025-01-13T00:00:00.000Z,-43.334540130000,-21.760522960000,"Rua Olga Burnier, 67"
412,PARQUE BURNIER.,10072382,08:38:00,11,0,0,26,2025-01-13T00:00:00.000Z,-43.332369450000,-21.762522520000,"Rua Olga Burnier, 361"
412,PARQUE BURNIER.,10072380,08:38:00,10,1,0,26,2025-01-13T00:00:00.000Z,-43.331466790000,-21.763337580000,"Rua Olga Burnier, 485"
412,PARQUE BURNIER.,10073583,08:38:00,9,2,0,25,2025-01-13T00:00:00.000Z,-43.330207820000,-21.763072230000,"Rua Adelaide Campos de Resende, 1070"
412,PARQUE BURNIER.,10072386,08:38:00,7,4,0,20,2025-01-13T00:00:00.000Z,-43.328850270000,-21.762325320000,"Rua José Teodoro dos Santos, 292"
412,PARQUE BURNIER.,10072384,08:38:00,6,2,0,16,2025-01-13T00:00:00.000Z,-43.327999480000,-21.763301540000,"Rua José Teodoro dos Santos, 126"
412,PARQUE BURNIER.,10072309,08:38:00,5,2,2,14,2025-01-13T00:00:00.000Z,-43.327273730000,-21.763967940000,"Rua José Teodoro dos Santos, 28"
412,PARQUE BURNIER.,10072362,08:38:00,3,3,0,8,2025-01-13T00:00:00.000Z,-43.327527760000,-21.762798310000,"Rua Natalino José de Paula, 310"
412,PARQUE BURNIER.,10072363,08:38:00,2,5,0,5,2025-01-13T00:00:00.000Z,-43.327885630000,-21.762179390000,"Rua Natalino José de Paula, 288"
412,PARQUE BURNIER.,10072358,08:38:00,1,0,0,0,2025-01-13T00:00:00.000Z,-43.328687310000,-21.761675740000,"Rua Natalino José de Paula, 112 - Ponto Final do Parque Burnier"
412,PARQUE BURNIER.,10073589,08:38:00,4,6,0,14,2025-01-13T00:00:00.000Z,-43.326568960000,-21.763629600000,"Rua Adelaide Campos de Resende, 706"
412,PARQUE BURNIER.,10073584,08:38:00,8,4,1,23,2025-01-13T00:00:00.000Z,-43.329363350000,-21.763255450000,"Rua Adelaide Campos de Resende, 984"
412,PARQUE BURNIER.,10072335,08:38:00,12,0,0,26,2025-01-13T00:00:00.000Z,-43.333453420000,-21.761562350000,"Rua Olga Burnier, 233"
412,PARQUE BURNIER.,10074194,08:38:00,16,2,6,21,2025-01-13T00:00:00.000Z,-43.342338620000,-21.760505960000,"Rua Ângelo Falci, 55"
412,PARQUE BURNIER.,10072358,08:59:00,18,6,0,32,2025-01-13T00:00:00.000Z,-43.328687310000,-21.761675740000,"Rua Natalino José de Paula, 112 - Ponto Final do Parque Burnier"
412,PARQUE BURNIER.,10072375,08:59:00,16,0,0,26,2025-01-13T00:00:00.000Z,-43.327420830000,-21.762727850000,"Rua Natalino José de Paula, 319"
412,PARQUE BURNIER.,10072359,08:59:00,14,0,1,27,2025-01-13T00:00:00.000Z,-43.326282500000,-21.763143540000,"Rua Adelaide Campos de Resende, 651"
412,PARQUE BURNIER.,10072328,08:59:00,13,0,1,28,2025-01-13T00:00:00.000Z,-43.326450350000,-21.763683320000,"Rua Adelaide Campos de Resende, 669"
412,PARQUE BURNIER.,10072377,08:59:00,12,0,0,29,2025-01-13T00:00:00.000Z,-43.327321890000,-21.764062650000,"Rua José Teodoro dos Santos, 25"
412,PARQUE BURNIER.,10072313,08:59:00,10,0,2,29,2025-01-13T00:00:00.000Z,-43.328846690000,-21.762504770000,"Rua José Teodoro dos Santos, 275"
412,PARQUE BURNIER.,10072296,08:59:00,9,0,0,31,2025-01-13T00:00:00.000Z,-43.329374790000,-21.763440430000,"Rua Adelaide Campos de Resende, 975"
412,PARQUE BURNIER.,10072301,08:59:00,8,0,0,31,2025-01-13T00:00:00.000Z,-43.330138330000,-21.763252970000,"Rua Adelaide Campos de Resende, 1061"
412,PARQUE BURNIER.,10073557,08:59:00,6,0,0,31,2025-01-13T00:00:00.000Z,-43.332479840000,-21.762640710000,"Rua Olga Burnier, 356"
412,PARQUE BURNIER.,10073560,08:59:00,5,0,0,31,2025-01-13T00:00:00.000Z,-43.333589670000,-21.761652280000,"Rua Olga Burnier, 230"
412,PARQUE BURNIER.,10073558,08:59:00,4,0,0,31,2025-01-13T00:00:00.000Z,-43.334645750000,-21.760669710000,"Rua Olga Burnier, 70"
412,PARQUE BURNIER.,10072305,08:59:00,2,1,4,32,2025-01-13T00:00:00.000Z,-43.337478970000,-21.760922950000,"Rua Djalma de Carvalho, 37"
412,PARQUE BURNIER.,10071108,08:59:00,1,35,0,35,2025-01-13T00:00:00.000Z,-43.349331860000,-21.758144610000,"Avenida Getúlio Vargas, 835"
412,PARQUE BURNIER.,10073561,08:59:00,7,0,0,31,2025-01-13T00:00:00.000Z,-43.331552510000,-21.763418910000,"Rua Olga Burnier, 480"
412,PARQUE BURNIER.,10072316,08:59:00,11,0,0,29,2025-01-13T00:00:00.000Z,-43.328204750000,-21.763332370000,"Rua José Teodoro dos Santos, 145"
412,PARQUE BURNIER.,10071503,08:59:00,15,0,1,26,2025-01-13T00:00:00.000Z,-43.326207040000,-21.762717810000,"Rua Natalino José de Paula, 421"
412,PARQUE BURNIER.,10073552,08:59:00,3,0,1,31,2025-01-13T00:00:00.000Z,-43.335479020000,-21.760313550000,"Rua São Geraldo, 84"
412,PARQUE BURNIER.,10072356,08:59:00,17,1,1,26,2025-01-13T00:00:00.000Z,-43.327793950000,-21.762107030000,"Rua Natalino José de Paula, 271"
412,PARQUE BURNIER.,10074194,09:25:00,16,1,5,17,2025-01-13T00:00:00.000Z,-43.342338620000,-21.760505960000,"Rua Ângelo Falci, 55"
412,PARQUE BURNIER.,10072302,09:25:00,15,1,0,21,2025-01-13T00:00:00.000Z,-43.338029500000,-21.760323850000,"Avenida Sete de Setembro, 623"
412,PARQUE BURNIER.,10072332,09:25:00,14,1,1,20,2025-01-13T00:00:00.000Z,-43.335533860000,-21.760131640000,"Rua São Geraldo, 89"
412,PARQUE BURNIER.,10072335,09:25:00,12,1,0,20,2025-01-13T00:00:00.000Z,-43.333453420000,-21.761562350000,"Rua Olga Burnier, 233"
412,PARQUE BURNIER.,10072382,09:25:00,11,0,0,19,2025-01-13T00:00:00.000Z,-43.332369450000,-21.762522520000,"Rua Olga Burnier, 361"
412,PARQUE BURNIER.,10072380,09:25:00,10,3,0,19,2025-01-13T00:00:00.000Z,-43.331466790000,-21.763337580000,"Rua Olga Burnier, 485"
412,PARQUE BURNIER.,10073584,09:25:00,8,2,0,15,2025-01-13T00:00:00.000Z,-43.329363350000,-21.763255450000,"Rua Adelaide Campos de Resende, 984"
412,PARQUE BURNIER.,10072386,09:25:00,7,2,0,13,2025-01-13T00:00:00.000Z,-43.328850270000,-21.762325320000,"Rua José Teodoro dos Santos, 292"
412,PARQUE BURNIER.,10072384,09:25:00,6,1,0,11,2025-01-13T00:00:00.000Z,-43.327999480000,-21.763301540000,"Rua José Teodoro dos Santos, 126"
412,PARQUE BURNIER.,10073589,09:25:00,4,8,0,10,2025-01-13T00:00:00.000Z,-43.326568960000,-21.763629600000,"Rua Adelaide Campos de Resende, 706"
412,PARQUE BURNIER.,10072362,09:25:00,3,2,0,2,2025-01-13T00:00:00.000Z,-43.327527760000,-21.762798310000,"Rua Natalino José de Paula, 310"
412,PARQUE BURNIER.,10072363,09:25:00,2,0,0,0,2025-01-13T00:00:00.000Z,-43.327885630000,-21.762179390000,"Rua Natalino José de Paula, 288"
412,PARQUE BURNIER.,10072358,09:25:00,1,0,0,0,2025-01-13T00:00:00.000Z,-43.328687310000,-21.761675740000,"Rua Natalino José de Paula, 112 - Ponto Final do Parque Burnier"
412,PARQUE BURNIER.,10071108,09:25:00,17,0,3,14,2025-01-13T00:00:00.000Z,-43.349331860000,-21.758144610000,"Avenida Getúlio Vargas, 835"
412,PARQUE BURNIER.,10072309,09:25:00,5,0,0,10,2025-01-13T00:00:00.000Z,-43.327273730000,-21.763967940000,"Rua José Teodoro dos Santos, 28"
412,PARQUE BURNIER.,10073583,09:25:00,9,1,0,16,2025-01-13T00:00:00.000Z,-43.330207820000,-21.763072230000,"Rua Adelaide Campos de Resende, 1070"
412,PARQUE BURNIER.,10072337,09:25:00,13,0,0,20,2025-01-13T00:00:00.000Z,-43.334540130000,-21.760522960000,"Rua Olga Burnier, 67"
412,PARQUE BURNIER.,10072356,09:45:00,17,0,0,0,2025-01-13T00:00:00.000Z,-43.327793950000,-21.762107030000,"Rua Natalino José de Paula, 271"
412,PARQUE BURNIER.,10071503,09:45:00,15,0,0,0,2025-01-13T00:00:00.000Z,-43.326207040000,-21.762717810000,"Rua Natalino José de Paula, 421"
412,PARQUE BURNIER.,10072359,09:45:00,14,0,0,0,2025-01-13T00:00:00.000Z,-43.326282500000,-21.763143540000,"Rua Adelaide Campos de Resende, 651"
412,PARQUE BURNIER.,10072328,09:45:00,13,0,2,0,2025-01-13T00:00:00.000Z,-43.326450350000,-21.763683320000,"Rua Adelaide Campos de Resende, 669"
412,PARQUE BURNIER.,10072316,09:45:00,11,0,0,0,2025-01-13T00:00:00.000Z,-43.328204750000,-21.763332370000,"Rua José Teodoro dos Santos, 145"
412,PARQUE BURNIER.,10072313,09:45:00,10,0,2,0,2025-01-13T00:00:00.000Z,-43.328846690000,-21.762504770000,"Rua José Teodoro dos Santos, 275"
412,PARQUE BURNIER.,10072296,09:45:00,9,0,0,2,2025-01-13T00:00:00.000Z,-43.329374790000,-21.763440430000,"Rua Adelaide Campos de Resende, 975"
412,PARQUE BURNIER.,10073561,09:45:00,7,0,1,2,2025-01-13T00:00:00.000Z,-43.331552510000,-21.763418910000,"Rua Olga Burnier, 480"
412,PARQUE BURNIER.,10073557,09:45:00,6,0,0,3,2025-01-13T00:00:00.000Z,-43.332479840000,-21.762640710000,"Rua Olga Burnier, 356"
412,PARQUE BURNIER.,10073560,09:45:00,5,0,0,3,2025-01-13T00:00:00.000Z,-43.333589670000,-21.761652280000,"Rua Olga Burnier, 230"
412,PARQUE BURNIER.,10073552,09:45:00,3,0,0,3,2025-01-13T00:00:00.000Z,-43.335479020000,-21.760313550000,"Rua São Geraldo, 84"
412,PARQUE BURNIER.,10072305,09:45:00,2,3,0,3,2025-01-13T00:00:00.000Z,-43.337478970000,-21.760922950000,"Rua Djalma de Carvalho, 37"
412,PARQUE BURNIER.,10071108,09:45:00,1,0,0,0,2025-01-13T00:00:00.000Z,-43.349331860000,-21.758144610000,"Avenida Getúlio Vargas, 835"
412,PARQUE BURNIER.,10072358,09:45:00,18,5,0,5,2025-01-13T00:00:00.000Z,-43.328687310000,-21.761675740000,"Rua Natalino José de Paula, 112 - Ponto Final do Parque Burnier"
412,PARQUE BURNIER.,10073558,09:45:00,4,0,0,3,2025-01-13T00:00:00.000Z,-43.334645750000,-21.760669710000,"Rua Olga Burnier, 70"
412,PARQUE BURNIER.,10072301,09:45:00,8,0,0,2,2025-01-13T00:00:00.000Z,-43.330138330000,-21.763252970000,"Rua Adelaide Campos de Resende, 1061"
412,PARQUE BURNIER.,10072377,09:45:00,12,2,0,2,2025-01-13T00:00:00.000Z,-43.327321890000,-21.764062650000,"Rua José Teodoro dos Santos, 25"
412,PARQUE BURNIER.,10072375,09:45:00,16,0,0,0,2025-01-13T00:00:00.000Z,-43.327420830000,-21.762727850000,"Rua Natalino José de Paula, 319"
412,PARQUE BURNIER.,10071108,10:20:00,17,0,13,5,2025-01-13T00:00:00.000Z,-43.349331860000,-21.758144610000,"Avenida Getúlio Vargas, 835"
412,PARQUE BURNIER.,10072302,10:20:00,15,2,0,11,2025-01-13T00:00:00.000Z,-43.338029500000,-21.760323850000,"Avenida Sete de Setembro, 623"
412,PARQUE BURNIER.,10072337,10:20:00,13,0,0,9,2025-01-13T00:00:00.000Z,-43.334540130000,-21.760522960000,"Rua Olga Burnier, 67"
412,PARQUE BURNIER.,10072335,10:20:00,12,0,0,9,2025-01-13T00:00:00.000Z,-43.333453420000,-21.761562350000,"Rua Olga Burnier, 233"
412,PARQUE BURNIER.,10072382,10:20:00,11,0,0,9,2025-01-13T00:00:00.000Z,-43.332369450000,-21.762522520000,"Rua Olga Burnier, 361"
412,PARQUE BURNIER.,10073583,10:20:00,9,0,0,9,2025-01-13T00:00:00.000Z,-43.330207820000,-21.763072230000,"Rua Adelaide Campos de Resende, 1070"
412,PARQUE BURNIER.,10073584,10:20:00,8,3,0,9,2025-01-13T00:00:00.000Z,-43.329363350000,-21.763255450000,"Rua Adelaide Campos de Resende, 984"
412,PARQUE BURNIER.,10072386,10:20:00,7,1,0,6,2025-01-13T00:00:00.000Z,-43.328850270000,-21.762325320000,"Rua José Teodoro dos Santos, 292"
412,PARQUE BURNIER.,10072309,10:20:00,5,0,0,5,2025-01-13T00:00:00.000Z,-43.327273730000,-21.763967940000,"Rua José Teodoro dos Santos, 28"
412,PARQUE BURNIER.,10073589,10:20:00,4,3,0,5,2025-01-13T00:00:00.000Z,-43.326568960000,-21.763629600000,"Rua Adelaide Campos de Resende, 706"
412,PARQUE BURNIER.,10072362,10:20:00,3,0,0,2,2025-01-13T00:00:00.000Z,-43.327527760000,-21.762798310000,"Rua Natalino José de Paula, 310"
412,PARQUE BURNIER.,10072363,10:20:00,2,2,0,2,2025-01-13T00:00:00.000Z,-43.327885630000,-21.762179390000,"Rua Natalino José de Paula, 288"
412,PARQUE BURNIER.,10072358,10:20:00,1,0,0,0,2025-01-13T00:00:00.000Z,-43.328687310000,-21.761675740000,"Rua Natalino José de Paula, 112 - Ponto Final do Parque Burnier"
412,PARQUE BURNIER.,10072380,10:20:00,10,0,0,9,2025-01-13T00:00:00.000Z,-43.331466790000,-21.763337580000,"Rua Olga Burnier, 485"
412,PARQUE BURNIER.,10072332,10:20:00,14,0,0,9,2025-01-13T00:00:00.000Z,-43.335533860000,-21.760131640000,"Rua São Geraldo, 89"
412,PARQUE BURNIER.,10074194,10:20:00,16,9,2,18,2025-01-13T00:00:00.000Z,-43.342338620000,-21.760505960000,"Rua Ângelo Falci, 55"
412,PARQUE BURNIER.,10072384,10:20:00,6,0,0,5,2025-01-13T00:00:00.000Z,-43.327999480000,-21.763301540000,"Rua José Teodoro dos Santos, 126"
412,PARQUE BURNIER.,10072358,10:40:00,18,3,0,5,2025-01-13T00:00:00.000Z,-43.328687310000,-21.761675740000,"Rua Natalino José de Paula, 112 - Ponto Final do Parque Burnier"
412,PARQUE BURNIER.,10072375,10:40:00,16,0,0,2,2025-01-13T00:00:00.000Z,-43.327420830000,-21.762727850000,"Rua Natalino José de Paula, 319"
412,PARQUE BURNIER.,10071503,10:40:00,15,0,2,2,2025-01-13T00:00:00.000Z,-43.326207040000,-21.762717810000,"Rua Natalino José de Paula, 421"
412,PARQUE BURNIER.,10072359,10:40:00,14,0,2,4,2025-01-13T00:00:00.000Z,-43.326282500000,-21.763143540000,"Rua Adelaide Campos de Resende, 651"
412,PARQUE BURNIER.,10072377,10:40:00,12,0,0,8,2025-01-13T00:00:00.000Z,-43.327321890000,-21.764062650000,"Rua José Teodoro dos Santos, 25"
412,PARQUE BURNIER.,10072316,10:40:00,11,0,0,8,2025-01-13T00:00:00.000Z,-43.328204750000,-21.763332370000,"Rua José Teodoro dos Santos, 145"
412,PARQUE BURNIER.,10072313,10:40:00,10,0,1,8,2025-01-13T00:00:00.000Z,-43.328846690000,-21.762504770000,"Rua José Teodoro dos Santos, 275"
412,PARQUE BURNIER.,10072301,10:40:00,8,0,0,9,2025-01-13T00:00:00.000Z,-43.330138330000,-21.763252970000,"Rua Adelaide Campos de Resende, 1061"
412,PARQUE BURNIER.,10073561,10:40:00,7,0,0,9,2025-01-13T00:00:00.000Z,-43.331552510000,-21.763418910000,"Rua Olga Burnier, 480"
412,PARQUE BURNIER.,10073557,10:40:00,6,0,0,9,2025-01-13T00:00:00.000Z,-43.332479840000,-21.762640710000,"Rua Olga Burnier, 356"
412,PARQUE BURNIER.,10073558,10:40:00,4,0,0,9,2025-01-13T00:00:00.000Z,-43.334645750000,-21.760669710000,"Rua Olga Burnier, 70"
412,PARQUE BURNIER.,10073552,10:40:00,3,0,1,9,2025-01-13T00:00:00.000Z,-43.335479020000,-21.760313550000,"Rua São Geraldo, 84"
412,PARQUE BURNIER.,10072305,10:40:00,2,1,2,10,2025-01-13T00:00:00.000Z,-43.337478970000,-21.760922950000,"Rua Djalma de Carvalho, 37"
412,PARQUE BURNIER.,10071108,10:40:00,1,11,0,11,2025-01-13T00:00:00.000Z,-43.349331860000,-21.758144610000,"Avenida Getúlio Vargas, 835"
412,PARQUE BURNIER.,10072356,10:40:00,17,0,0,2,2025-01-13T00:00:00.000Z,-43.327793950000,-21.762107030000,"Rua Natalino José de Paula, 271"
412,PARQUE BURNIER.,10073560,10:40:00,5,0,0,9,2025-01-13T00:00:00.000Z,-43.333589670000,-21.761652280000,"Rua Olga Burnier, 230"
412,PARQUE BURNIER.,10072328,10:40:00,13,0,2,6,2025-01-13T00:00:00.000Z,-43.326450350000,-21.763683320000,"Rua Adelaide Campos de Resende, 669"
412,PARQUE BURNIER.,10072296,10:40:00,9,0,0,9,2025-01-13T00:00:00.000Z,-43.329374790000,-21.763440430000,"Rua Adelaide Campos de Resende, 975"
412,PARQUE BURNIER.,10074194,11:15:00,16,3,5,17,2025-01-13T00:00:00.000Z,-43.342338620000,-21.760505960000,"Rua Ângelo Falci, 55"
412,PARQUE BURNIER.,10072332,11:15:00,14,1,1,19,2025-01-13T00:00:00.000Z,-43.335533860000,-21.760131640000,"Rua São Geraldo, 89"
412,PARQUE BURNIER.,10072337,11:15:00,13,0,0,19,2025-01-13T00:00:00.000Z,-43.334540130000,-21.760522960000,"Rua Olga Burnier, 67"
412,PARQUE BURNIER.,10072335,11:15:00,12,0,0,19,2025-01-13T00:00:00.000Z,-43.333453420000,-21.761562350000,"Rua Olga Burnier, 233"
412,PARQUE BURNIER.,10072380,11:15:00,10,0,0,19,2025-01-13T00:00:00.000Z,-43.331466790000,-21.763337580000,"Rua Olga Burnier, 485"
412,PARQUE BURNIER.,10073583,11:15:00,9,2,0,19,2025-01-13T00:00:00.000Z,-43.330207820000,-21.763072230000,"Rua Adelaide Campos de Resende, 1070"
412,PARQUE BURNIER.,10073584,11:15:00,8,1,0,17,2025-01-13T00:00:00.000Z,-43.329363350000,-21.763255450000,"Rua Adelaide Campos de Resende, 984"
412,PARQUE BURNIER.,10072384,11:15:00,6,2,0,11,2025-01-13T00:00:00.000Z,-43.327999480000,-21.763301540000,"Rua José Teodoro dos Santos, 126"
412,PARQUE BURNIER.,10072309,11:15:00,5,3,0,9,2025-01-13T00:00:00.000Z,-43.327273730000,-21.763967940000,"Rua José Teodoro dos Santos, 28"
412,PARQUE BURNIER.,10073589,11:15:00,4,4,0,6,2025-01-13T00:00:00.000Z,-43.326568960000,-21.763629600000,"Rua Adelaide Campos de Resende, 706"
412,PARQUE BURNIER.,10072363,11:15:00,2,1,0,1,2025-01-13T00:00:00.000Z,-43.327885630000,-21.762179390000,"Rua Natalino José de Paula, 288"
412,PARQUE BURNIER.,10072358,11:15:00,1,0,0,0,2025-01-13T00:00:00.000Z,-43.328687310000,-21.761675740000,"Rua Natalino José de Paula, 112 - Ponto Final do Parque Burnier"
412,PARQUE BURNIER.,10072362,11:15:00,3,1,0,2,2025-01-13T00:00:00.000Z,-43.327527760000,-21.762798310000,"Rua Natalino José de Paula, 310"
412,PARQUE BURNIER.,10071108,11:15:00,17,0,4,13,2025-01-13T00:00:00.000Z,-43.349331860000,-21.758144610000,"Avenida Getúlio Vargas, 835"
412,PARQUE BURNIER.,10072382,11:15:00,11,0,0,19,2025-01-13T00:00:00.000Z,-43.332369450000,-21.762522520000,"Rua Olga Burnier, 361"
412,PARQUE BURNIER.,10072302,11:15:00,15,1,1,19,2025-01-13T00:00:00.000Z,-43.338029500000,-21.760323850000,"Avenida Sete de Setembro, 623"
412,PARQUE BURNIER.,10072386,11:15:00,7,5,0,16,2025-01-13T00:00:00.000Z,-43.328850270000,-21.762325320000,"Rua José Teodoro dos Santos, 292"
412,PARQUE BURNIER.,10072356,11:35:00,17,0,0,6,2025-01-13T00:00:00.000Z,-43.327793950000,-21.762107030000,"Rua Natalino José de Paula, 271"
412,PARQUE BURNIER.,10072375,11:35:00,16,0,2,6,2025-01-13T00:00:00.000Z,-43.327420830000,-21.762727850000,"Rua Natalino José de Paula, 319"
412,PARQUE BURNIER.,10071503,11:35:00,15,0,0,8,2025-01-13T00:00:00.000Z,-43.326207040000,-21.762717810000,"Rua Natalino José de Paula, 421"
412,PARQUE BURNIER.,10072328,11:35:00,13,0,2,10,2025-01-13T00:00:00.000Z,-43.326450350000,-21.763683320000,"Rua Adelaide Campos de Resende, 669"
412,PARQUE BURNIER.,10072377,11:35:00,12,0,0,12,2025-01-13T00:00:00.000Z,-43.327321890000,-21.764062650000,"Rua José Teodoro dos Santos, 25"
412,PARQUE BURNIER.,10072316,11:35:00,11,0,0,12,2025-01-13T00:00:00.000Z,-43.328204750000,-21.763332370000,"Rua José Teodoro dos Santos, 145"
412,PARQUE BURNIER.,10072296,11:35:00,9,0,1,12,2025-01-13T00:00:00.000Z,-43.329374790000,-21.763440430000,"Rua Adelaide Campos de Resende, 975"
412,PARQUE BURNIER.,10072301,11:35:00,8,1,1,13,2025-01-13T00:00:00.000Z,-43.330138330000,-21.763252970000,"Rua Adelaide Campos de Resende, 1061"
412,PARQUE BURNIER.,10073561,11:35:00,7,0,0,13,2025-01-13T00:00:00.000Z,-43.331552510000,-21.763418910000,"Rua Olga Burnier, 480"
412,PARQUE BURNIER.,10073560,11:35:00,5,0,1,14,2025-01-13T00:00:00.000Z,-43.333589670000,-21.761652280000,"Rua Olga Burnier, 230"
412,PARQUE BURNIER.,10073558,11:35:00,4,0,1,15,2025-01-13T00:00:00.000Z,-43.334645750000,-21.760669710000,"Rua Olga Burnier, 70"
412,PARQUE BURNIER.,10073552,11:35:00,3,1,0,16,2025-01-13T00:00:00.000Z,-43.335479020000,-21.760313550000,"Rua São Geraldo, 84"
412,PARQUE BURNIER.,10072305,11:35:00,2,1,0,15,2025-01-13T00:00:00.000Z,-43.337478970000,-21.760922950000,"Rua Djalma de Carvalho, 37"
412,PARQUE BURNIER.,10071108,11:35:00,1,14,0,14,2025-01-13T00:00:00.000Z,-43.349331860000,-21.758144610000,"Avenida Getúlio Vargas, 835"
412,PARQUE BURNIER.,10072358,11:35:00,18,5,0,11,2025-01-13T00:00:00.000Z,-43.328687310000,-21.761675740000,"Rua Natalino José de Paula, 112 - Ponto Final do Parque Burnier"
412,PARQUE BURNIER.,10072313,11:35:00,10,0,0,12,2025-01-13T00:00:00.000Z,-43.328846690000,-21.762504770000,"Rua José Teodoro dos Santos, 275"
412,PARQUE BURNIER.,10073557,11:35:00,6,0,1,13,2025-01-13T00:00:00.000Z,-43.332479840000,-21.762640710000,"Rua Olga Burnier, 356"
412,PARQUE BURNIER.,10072359,11:35:00,14,0,2,8,2025-01-13T00:00:00.000Z,-43.326282500000,-21.763143540000,"Rua Adelaide Campos de Resende, 651"
412,PARQUE BURNIER.,10071108,12:10:00,17,0,6,12,2025-01-13T00:00:00.000Z,-43.349331860000,-21.758144610000,"Avenida Getúlio Vargas, 835"
412,PARQUE BURNIER.,10072302,12:10:00,15,0,0,12,2025-01-13T00:00:00.000Z,-43.338029500000,-21.760323850000,"Avenida Sete de Setembro, 623"
412,PARQUE BURNIER.,10072332,12:10:00,14,2,1,12,2025-01-13T00:00:00.000Z,-43.335533860000,-21.760131640000,"Rua São Geraldo, 89"
412,PARQUE BURNIER.,10072337,12:10:00,13,0,0,11,2025-01-13T00:00:00.000Z,-43.334540130000,-21.760522960000,"Rua Olga Burnier, 67"
412,PARQUE BURNIER.,10072382,12:10:00,11,0,0,10,2025-01-13T00:00:00.000Z,-43.332369450000,-21.762522520000,"Rua Olga Burnier, 361"
412,PARQUE BURNIER.,10072380,12:10:00,10,0,0,10,2025-01-13T00:00:00.000Z,-43.331466790000,-21.763337580000,"Rua Olga Burnier, 485"
412,PARQUE BURNIER.,10073583,12:10:00,9,0,0,10,2025-01-13T00:00:00.000Z,-43.330207820000,-21.763072230000,"Rua Adelaide Campos de Resende, 1070"
412,PARQUE BURNIER.,10072386,12:10:00,7,2,0,9,2025-01-13T00:00:00.000Z,-43.328850270000,-21.762325320000,"Rua José Teodoro dos Santos, 292"
412,PARQUE BURNIER.,10072384,12:10:00,6,2,0,7,2025-01-13T00:00:00.000Z,-43.327999480000,-21.763301540000,"Rua José Teodoro dos Santos, 126"
412,PARQUE BURNIER.,10072309,12:10:00,5,1,0,5,2025-01-13T00:00:00.000Z,-43.327273730000,-21.763967940000,"Rua José Teodoro dos Santos, 28"
412,PARQUE BURNIER.,10072362,12:10:00,3,1,0,1,2025-01-13T00:00:00.000Z,-43.327527760000,-21.762798310000,"Rua Natalino José de Paula, 310"
412,PARQUE BURNIER.,10072363,12:10:00,2,0,0,0,2025-01-13T00:00:00.000Z,-43.327885630000,-21.762179390000,"Rua Natalino José de Paula, 288"
412,PARQUE BURNIER.,10072358,12:10:00,1,0,0,0,2025-01-13T00:00:00.000Z,-43.328687310000,-21.761675740000,"Rua Natalino José de Paula, 112 - Ponto Final do Parque Burnier"
412,PARQUE BURNIER.,10073589,12:10:00,4,3,0,4,2025-01-13T00:00:00.000Z,-43.326568960000,-21.763629600000,"Rua Adelaide Campos de Resende, 706"
412,PARQUE BURNIER.,10073584,12:10:00,8,1,0,10,2025-01-13T00:00:00.000Z,-43.329363350000,-21.763255450000,"Rua Adelaide Campos de Resende, 984"
412,PARQUE BURNIER.,10074194,12:10:00,16,10,4,18,2025-01-13T00:00:00.000Z,-43.342338620000,-21.760505960000,"Rua Ângelo Falci, 55"
412,PARQUE BURNIER.,10072335,12:10:00,12,1,0,11,2025-01-13T00:00:00.000Z,-43.333453420000,-21.761562350000,"Rua Olga Burnier, 233"
412,PARQUE BURNIER.,10072358,12:30:00,18,3,0,3,2025-01-13T00:00:00.000Z,-43.328687310000,-21.761675740000,"Rua Natalino José de Paula, 112 - Ponto Final do Parque Burnier"
412,PARQUE BURNIER.,10072375,12:30:00,16,0,1,0,2025-01-13T00:00:00.000Z,-43.327420830000,-21.762727850000,"Rua Natalino José de Paula, 319"
412,PARQUE BURNIER.,10072359,12:30:00,14,0,0,0,2025-01-13T00:00:00.000Z,-43.326282500000,-21.763143540000,"Rua Adelaide Campos de Resende, 651"
412,PARQUE BURNIER.,10072328,12:30:00,13,0,0,0,2025-01-13T00:00:00.000Z,-43.326450350000,-21.763683320000,"Rua Adelaide Campos de Resende, 669"
412,PARQUE BURNIER.,10072377,12:30:00,12,0,0,0,2025-01-13T00:00:00.000Z,-43.327321890000,-21.764062650000,"Rua José Teodoro dos Santos, 25"
412,PARQUE BURNIER.,10072313,12:30:00,10,0,1,0,2025-01-13T00:00:00.000Z,-43.328846690000,-21.762504770000,"Rua José Teodoro dos Santos, 275"
412,PARQUE BURNIER.,10072296,12:30:00,9,1,6,1,2025-01-13T00:00:00.000Z,-43.329374790000,-21.763440430000,"Rua Adelaide Campos de Resende, 975"
412,PARQUE BURNIER.,10072301,12:30:00,8,0,0,6,2025-01-13T00:00:00.000Z,-43.330138330000,-21.763252970000,"Rua Adelaide Campos de Resende, 1061"
412,PARQUE BURNIER.,10073557,12:30:00,6,0,0,6,2025-01-13T00:00:00.000Z,-43.332479840000,-21.762640710000,"Rua Olga Burnier, 356"
412,PARQUE BURNIER.,10073560,12:30:00,5,0,0,6,2025-01-13T00:00:00.000Z,-43.333589670000,-21.761652280000,"Rua Olga Burnier, 230"
412,PARQUE BURNIER.,10073558,12:30:00,4,1,0,6,2025-01-13T00:00:00.000Z,-43.334645750000,-21.760669710000,"Rua Olga Burnier, 70"
412,PARQUE BURNIER.,10072305,12:30:00,2,1,1,6,2025-01-13T00:00:00.000Z,-43.337478970000,-21.760922950000,"Rua Djalma de Carvalho, 37"
412,PARQUE BURNIER.,10071108,12:30:00,1,6,0,6,2025-01-13T00:00:00.000Z,-43.349331860000,-21.758144610000,"Avenida Getúlio Vargas, 835"
412,PARQUE BURNIER.,10072356,12:30:00,17,0,0,0,2025-01-13T00:00:00.000Z,-43.327793950000,-21.762107030000,"Rua Natalino José de Paula, 271"
412,PARQUE BURNIER.,10073552,12:30:00,3,0,1,5,2025-01-13T00:00:00.000Z,-43.335479020000,-21.760313550000,"Rua São Geraldo, 84"
412,PARQUE BURNIER.,10073561,12:30:00,7,0,0,6,2025-01-13T00:00:00.000Z,-43.331552510000,-21.763418910000,"Rua Olga Burnier, 480"
412,PARQUE BURNIER.,10072316,12:30:00,11,0,0,0,2025-01-13T00:00:00.000Z,-43.328204750000,-21.763332370000,"Rua José Teodoro dos Santos, 145"
412,PARQUE BURNIER.,10071503,12:30:00,15,1,0,1,2025-01-13T00:00:00.000Z,-43.326207040000,-21.762717810000,"Rua Natalino José de Paula, 421"
412,PARQUE BURNIER.,10074194,13:05:00,16,6,5,19,2025-01-13T00:00:00.000Z,-43.342338620000,-21.760505960000,"Rua Ângelo Falci, 55"
412,PARQUE BURNIER.,10072302,13:05:00,15,0,1,18,2025-01-13T00:00:00.000Z,-43.338029500000,-21.760323850000,"Avenida Sete de Setembro, 623"
412,PARQUE BURNIER.,10072332,13:05:00,14,0,1,19,2025-01-13T00:00:00.000Z,-43.335533860000,-21.760131640000,"Rua São Geraldo, 89"
412,PARQUE BURNIER.,10072335,13:05:00,12,0,0,20,2025-01-13T00:00:00.000Z,-43.333453420000,-21.761562350000,"Rua Olga Burnier, 233"
412,PARQUE BURNIER.,10072382,13:05:00,11,1,0,20,2025-01-13T00:00:00.000Z,-43.332369450000,-21.762522520000,"Rua Olga Burnier, 361"
412,PARQUE BURNIER.,10072380,13:05:00,10,0,0,19,2025-01-13T00:00:00.000Z,-43.331466790000,-21.763337580000,"Rua Olga Burnier, 485"
412,PARQUE BURNIER.,10073584,13:05:00,8,1,0,19,2025-01-13T00:00:00.000Z,-43.329363350000,-21.763255450000,"Rua Adelaide Campos de Resende, 984"
412,PARQUE BURNIER.,10072386,13:05:00,7,5,0,18,2025-01-13T00:00:00.000Z,-43.328850270000,-21.762325320000,"Rua José Teodoro dos Santos, 292"
412,PARQUE BURNIER.,10072384,13:05:00,6,0,0,13,2025-01-13T00:00:00.000Z,-43.327999480000,-21.763301540000,"Rua José Teodoro dos Santos, 126"
412,PARQUE BURNIER.,10073589,13:05:00,4,3,0,11,2025-01-13T00:00:00.000Z,-43.326568960000,-21.763629600000,"Rua Adelaide Campos de Resende, 706"
412,PARQUE BURNIER.,10072362,13:05:00,3,3,0,8,2025-01-13T00:00:00.000Z,-43.327527760000,-21.762798310000,"Rua Natalino José de Paula, 310"
412,PARQUE BURNIER.,10072363,13:05:00,2,5,0,5,2025-01-13T00:00:00.000Z,-43.327885630000,-21.762179390000,"Rua Natalino José de Paula, 288"
412,PARQUE BURNIER.,10072358,13:05:00,1,0,0,0,2025-01-13T00:00:00.000Z,-43.328687310000,-21.761675740000,"Rua Natalino José de Paula, 112 - Ponto Final do Parque Burnier"
412,PARQUE BURNIER.,10072309,13:05:00,5,2,0,13,2025-01-13T00:00:00.000Z,-43.327273730000,-21.763967940000,"Rua José Teodoro dos Santos, 28"
412,PARQUE BURNIER.,10071108,13:05:00,17,0,4,15,2025-01-13T00:00:00.000Z,-43.349331860000,-21.758144610000,"Avenida Getúlio Vargas, 835"
412,PARQUE BURNIER.,10072337,13:05:00,13,0,0,20,2025-01-13T00:00:00.000Z,-43.334540130000,-21.760522960000,"Rua Olga Burnier, 67"
412,PARQUE BURNIER.,10073583,13:05:00,9,0,0,19,2025-01-13T00:00:00.000Z,-43.330207820000,-21.763072230000,"Rua Adelaide Campos de Resende, 1070"
412,PARQUE BURNIER.,10072356,13:25:00,17,0,0,0,2025-01-13T00:00:00.000Z,-43.327793950000,-21.762107030000,"Rua Natalino José de Paula, 271"
412,PARQUE BURNIER.,10071503,13:25:00,15,0,0,0,2025-01-13T00:00:00.000Z,-43.326207040000,-21.762717810000,"Rua Natalino José de Paula, 421"
412,PARQUE BURNIER.,10072359,13:25:00,14,0,0,0,2025-01-13T00:00:00.000Z,-43.326282500000,-21.763143540000,"Rua Adelaide Campos de Resende, 651"
412,PARQUE BURNIER.,10072328,13:25:00,13,0,5,0,2025-01-13T00:00:00.000Z,-43.326450350000,-21.763683320000,"Rua Adelaide Campos de Resende, 669"
412,PARQUE BURNIER.,10072316,13:25:00,11,0,1,6,2025-01-13T00:00:00.000Z,-43.328204750000,-21.763332370000,"Rua José Teodoro dos Santos, 145"
412,PARQUE BURNIER.,10072313,13:25:00,10,0,2,7,2025-01-13T00:00:00.000Z,-43.328846690000,-21.762504770000,"Rua José Teodoro dos Santos, 275"
412,PARQUE BURNIER.,10072296,13:25:00,9,0,3,9,2025-01-13T00:00:00.000Z,-43.329374790000,-21.763440430000,"Rua Adelaide Campos de Resende, 975"
412,PARQUE BURNIER.,10073561,13:25:00,7,0,1,14,2025-01-13T00:00:00.000Z,-43.331552510000,-21.763418910000,"Rua Olga Burnier, 480"
412,PARQUE BURNIER.,10073557,13:25:00,6,1,0,15,2025-01-13T00:00:00.000Z,-43.332479840000,-21.762640710000,"Rua Olga Burnier, 356"
412,PARQUE BURNIER.,10073560,13:25:00,5,0,0,14,2025-01-13T00:00:00.000Z,-43.333589670000,-21.761652280000,"Rua Olga Burnier, 230"
412,PARQUE BURNIER.,10073552,13:25:00,3,1,0,14,2025-01-13T00:00:00.000Z,-43.335479020000,-21.760313550000,"Rua São Geraldo, 84"
412,PARQUE BURNIER.,10072305,13:25:00,2,2,0,13,2025-01-13T00:00:00.000Z,-43.337478970000,-21.760922950000,"Rua Djalma de Carvalho, 37"
412,PARQUE BURNIER.,10071108,13:25:00,1,11,0,11,2025-01-13T00:00:00.000Z,-43.349331860000,-21.758144610000,"Avenida Getúlio Vargas, 835"
412,PARQUE BURNIER.,10073558,13:25:00,4,0,0,14,2025-01-13T00:00:00.000Z,-43.334645750000,-21.760669710000,"Rua Olga Burnier, 70"
412,PARQUE BURNIER.,10072301,13:25:00,8,0,2,12,2025-01-13T00:00:00.000Z,-43.330138330000,-21.763252970000,"Rua Adelaide Campos de Resende, 1061"
412,PARQUE BURNIER.,10072377,13:25:00,12,0,1,5,2025-01-13T00:00:00.000Z,-43.327321890000,-21.764062650000,"Rua José Teodoro dos Santos, 25"
412,PARQUE BURNIER.,10072375,13:25:00,16,0,0,0,2025-01-13T00:00:00.000Z,-43.327420830000,-21.762727850000,"Rua Natalino José de Paula, 319"
412,PARQUE BURNIER.,10072358,13:25:00,18,7,0,7,2025-01-13T00:00:00.000Z,-43.328687310000,-21.761675740000,"Rua Natalino José de Paula, 112 - Ponto Final do Parque Burnier"
412,PARQUE BURNIER.,10071108,14:00:00,17,0,20,0,2025-01-13T00:00:00.000Z,-43.349331860000,-21.758144610000,"Avenida Getúlio Vargas, 835"
412,PARQUE BURNIER.,10072302,14:00:00,15,0,1,11,2025-01-13T00:00:00.000Z,-43.338029500000,-21.760323850000,"Avenida Sete de Setembro, 623"
412,PARQUE BURNIER.,10072337,14:00:00,13,0,0,11,2025-01-13T00:00:00.000Z,-43.334540130000,-21.760522960000,"Rua Olga Burnier, 67"
412,PARQUE BURNIER.,10072335,14:00:00,12,0,0,11,2025-01-13T00:00:00.000Z,-43.333453420000,-21.761562350000,"Rua Olga Burnier, 233"
412,PARQUE BURNIER.,10072382,14:00:00,11,2,0,11,2025-01-13T00:00:00.000Z,-43.332369450000,-21.762522520000,"Rua Olga Burnier, 361"
412,PARQUE BURNIER.,10073583,14:00:00,9,2,0,8,2025-01-13T00:00:00.000Z,-43.330207820000,-21.763072230000,"Rua Adelaide Campos de Resende, 1070"
412,PARQUE BURNIER.,10073584,14:00:00,8,2,1,6,2025-01-13T00:00:00.000Z,-43.329363350000,-21.763255450000,"Rua Adelaide Campos de Resende, 984"
412,PARQUE BURNIER.,10072386,14:00:00,7,1,0,5,2025-01-13T00:00:00.000Z,-43.328850270000,-21.762325320000,"Rua José Teodoro dos Santos, 292"
412,PARQUE BURNIER.,10072309,14:00:00,5,4,2,4,2025-01-13T00:00:00.000Z,-43.327273730000,-21.763967940000,"Rua José Teodoro dos Santos, 28"
412,PARQUE BURNIER.,10073589,14:00:00,4,1,0,2,2025-01-13T00:00:00.000Z,-43.326568960000,-21.763629600000,"Rua Adelaide Campos de Resende, 706"
412,PARQUE BURNIER.,10072362,14:00:00,3,0,0,1,2025-01-13T00:00:00.000Z,-43.327527760000,-21.762798310000,"Rua Natalino José de Paula, 310"
412,PARQUE BURNIER.,10072363,14:00:00,2,1,0,1,2025-01-13T00:00:00.000Z,-43.327885630000,-21.762179390000,"Rua Natalino José de Paula, 288"
412,PARQUE BURNIER.,10072358,14:00:00,1,0,0,0,2025-01-13T00:00:00.000Z,-43.328687310000,-21.761675740000,"Rua Natalino José de Paula, 112 - Ponto Final do Parque Burnier"
412,PARQUE BURNIER.,10074194,14:00:00,16,13,4,20,2025-01-13T00:00:00.000Z,-43.342338620000,-21.760505960000,"Rua Ângelo Falci, 55"
412,PARQUE BURNIER.,10072384,14:00:00,6,0,0,4,2025-01-13T00:00:00.000Z,-43.327999480000,-21.763301540000,"Rua José Teodoro dos Santos, 126"
412,PARQUE BURNIER.,10072380,14:00:00,10,1,0,9,2025-01-13T00:00:00.000Z,-43.331466790000,-21.763337580000,"Rua Olga Burnier, 485"
412,PARQUE BURNIER.,10072332,14:00:00,14,1,0,12,2025-01-13T00:00:00.000Z,-43.335533860000,-21.760131640000,"Rua São Geraldo, 89"
412,PARQUE BURNIER.,10072358,14:20:00,18,1,0,11,2025-01-13T00:00:00.000Z,-43.328687310000,-21.761675740000,"Rua Natalino José de Paula, 112 - Ponto Final do Parque Burnier"
412,PARQUE BURNIER.,10072375,14:20:00,16,0,0,10,2025-01-13T00:00:00.000Z,-43.327420830000,-21.762727850000,"Rua Natalino José de Paula, 319"
412,PARQUE BURNIER.,10071503,14:20:00,15,0,1,10,2025-01-13T00:00:00.000Z,-43.326207040000,-21.762717810000,"Rua Natalino José de Paula, 421"
412,PARQUE BURNIER.,10072359,14:20:00,14,0,2,11,2025-01-13T00:00:00.000Z,-43.326282500000,-21.763143540000,"Rua Adelaide Campos de Resende, 651"
412,PARQUE BURNIER.,10072377,14:20:00,12,0,0,15,2025-01-13T00:00:00.000Z,-43.327321890000,-21.764062650000,"Rua José Teodoro dos Santos, 25"
412,PARQUE BURNIER.,10072316,14:20:00,11,0,0,15,2025-01-13T00:00:00.000Z,-43.328204750000,-21.763332370000,"Rua José Teodoro dos Santos, 145"
412,PARQUE BURNIER.,10072313,14:20:00,10,1,1,15,2025-01-13T00:00:00.000Z,-43.328846690000,-21.762504770000,"Rua José Teodoro dos Santos, 275"
412,PARQUE BURNIER.,10072301,14:20:00,8,0,1,15,2025-01-13T00:00:00.000Z,-43.330138330000,-21.763252970000,"Rua Adelaide Campos de Resende, 1061"
412,PARQUE BURNIER.,10073561,14:20:00,7,0,0,16,2025-01-13T00:00:00.000Z,-43.331552510000,-21.763418910000,"Rua Olga Burnier, 480"
412,PARQUE BURNIER.,10073557,14:20:00,6,0,0,16,2025-01-13T00:00:00.000Z,-43.332479840000,-21.762640710000,"Rua Olga Burnier, 356"
412,PARQUE BURNIER.,10073558,14:20:00,4,1,0,16,2025-01-13T00:00:00.000Z,-43.334645750000,-21.760669710000,"Rua Olga Burnier, 70"
412,PARQUE BURNIER.,10073552,14:20:00,3,0,0,15,2025-01-13T00:00:00.000Z,-43.335479020000,-21.760313550000,"Rua São Geraldo, 84"
412,PARQUE BURNIER.,10072305,14:20:00,2,0,2,15,2025-01-13T00:00:00.000Z,-43.337478970000,-21.760922950000,"Rua Djalma de Carvalho, 37"
412,PARQUE BURNIER.,10071108,14:20:00,1,17,0,17,2025-01-13T00:00:00.000Z,-43.349331860000,-21.758144610000,"Avenida Getúlio Vargas, 835"
412,PARQUE BURNIER.,10072296,14:20:00,9,0,0,15,2025-01-13T00:00:00.000Z,-43.329374790000,-21.763440430000,"Rua Adelaide Campos de Resende, 975"
412,PARQUE BURNIER.,10072328,14:20:00,13,0,2,13,2025-01-13T00:00:00.000Z,-43.326450350000,-21.763683320000,"Rua Adelaide Campos de Resende, 669"
412,PARQUE BURNIER.,10072356,14:20:00,17,0,0,10,2025-01-13T00:00:00.000Z,-43.327793950000,-21.762107030000,"Rua Natalino José de Paula, 271"
412,PARQUE BURNIER.,10073560,14:20:00,5,0,0,16,2025-01-13T00:00:00.000Z,-43.333589670000,-21.761652280000,"Rua Olga Burnier, 230"
412,PARQUE BURNIER.,10074194,14:55:00,16,9,3,17,2025-01-13T00:00:00.000Z,-43.342338620000,-21.760505960000,"Rua Ângelo Falci, 55"
412,PARQUE BURNIER.,10072332,14:55:00,14,0,0,11,2025-01-13T00:00:00.000Z,-43.335533860000,-21.760131640000,"Rua São Geraldo, 89"
412,PARQUE BURNIER.,10072337,14:55:00,13,0,0,11,2025-01-13T00:00:00.000Z,-43.334540130000,-21.760522960000,"Rua Olga Burnier, 67"
412,PARQUE BURNIER.,10072335,14:55:00,12,1,0,11,2025-01-13T00:00:00.000Z,-43.333453420000,-21.761562350000,"Rua Olga Burnier, 233"
412,PARQUE BURNIER.,10072380,14:55:00,10,0,0,10,2025-01-13T00:00:00.000Z,-43.331466790000,-21.763337580000,"Rua Olga Burnier, 485"
412,PARQUE BURNIER.,10073583,14:55:00,9,0,0,10,2025-01-13T00:00:00.000Z,-43.330207820000,-21.763072230000,"Rua Adelaide Campos de Resende, 1070"
412,PARQUE BURNIER.,10073584,14:55:00,8,1,0,10,2025-01-13T00:00:00.000Z,-43.329363350000,-21.763255450000,"Rua Adelaide Campos de Resende, 984"
412,PARQUE BURNIER.,10072384,14:55:00,6,2,0,7,2025-01-13T00:00:00.000Z,-43.327999480000,-21.763301540000,"Rua José Teodoro dos Santos, 126"
412,PARQUE BURNIER.,10072309,14:55:00,5,1,0,5,2025-01-13T00:00:00.000Z,-43.327273730000,-21.763967940000,"Rua José Teodoro dos Santos, 28"
412,PARQUE BURNIER.,10073589,14:55:00,4,4,0,4,2025-01-13T00:00:00.000Z,-43.326568960000,-21.763629600000,"Rua Adelaide Campos de Resende, 706"
412,PARQUE BURNIER.,10072363,14:55:00,2,0,0,0,2025-01-13T00:00:00.000Z,-43.327885630000,-21.762179390000,"Rua Natalino José de Paula, 288"
412,PARQUE BURNIER.,10072358,14:55:00,1,0,0,0,2025-01-13T00:00:00.000Z,-43.328687310000,-21.761675740000,"Rua Natalino José de Paula, 112 - Ponto Final do Parque Burnier"
412,PARQUE BURNIER.,10071108,14:55:00,17,0,14,3,2025-01-13T00:00:00.000Z,-43.349331860000,-21.758144610000,"Avenida Getúlio Vargas, 835"
412,PARQUE BURNIER.,10072362,14:55:00,3,0,0,0,2025-01-13T00:00:00.000Z,-43.327527760000,-21.762798310000,"Rua Natalino José de Paula, 310"
412,PARQUE BURNIER.,10072386,14:55:00,7,2,0,9,2025-01-13T00:00:00.000Z,-43.328850270000,-21.762325320000,"Rua José Teodoro dos Santos, 292"
412,PARQUE BURNIER.,10072382,14:55:00,11,0,0,10,2025-01-13T00:00:00.000Z,-43.332369450000,-21.762522520000,"Rua Olga Burnier, 361"
412,PARQUE BURNIER.,10072302,14:55:00,15,1,1,11,2025-01-13T00:00:00.000Z,-43.338029500000,-21.760323850000,"Avenida Sete de Setembro, 623"
412,PARQUE BURNIER.,10073557,15:15:00,6,0,0,11,2025-01-13T00:00:00.000Z,-43.332479840000,-21.762640710000,"Rua Olga Burnier, 356"
412,PARQUE BURNIER.,10072313,15:15:00,10,0,1,8,2025-01-13T00:00:00.000Z,-43.328846690000,-21.762504770000,"Rua José Teodoro dos Santos, 275"
412,PARQUE BURNIER.,10072356,15:15:00,17,1,0,3,2025-01-13T00:00:00.000Z,-43.327793950000,-21.762107030000,"Rua Natalino José de Paula, 271"
412,PARQUE BURNIER.,10072375,15:15:00,16,0,0,2,2025-01-13T00:00:00.000Z,-43.327420830000,-21.762727850000,"Rua Natalino José de Paula, 319"
412,PARQUE BURNIER.,10071503,15:15:00,15,0,2,2,2025-01-13T00:00:00.000Z,-43.326207040000,-21.762717810000,"Rua Natalino José de Paula, 421"
412,PARQUE BURNIER.,10072328,15:15:00,13,0,2,6,2025-01-13T00:00:00.000Z,-43.326450350000,-21.763683320000,"Rua Adelaide Campos de Resende, 669"
412,PARQUE BURNIER.,10072377,15:15:00,12,0,0,8,2025-01-13T00:00:00.000Z,-43.327321890000,-21.764062650000,"Rua José Teodoro dos Santos, 25"
412,PARQUE BURNIER.,10072316,15:15:00,11,0,0,8,2025-01-13T00:00:00.000Z,-43.328204750000,-21.763332370000,"Rua José Teodoro dos Santos, 145"
412,PARQUE BURNIER.,10072296,15:15:00,9,0,1,9,2025-01-13T00:00:00.000Z,-43.329374790000,-21.763440430000,"Rua Adelaide Campos de Resende, 975"
412,PARQUE BURNIER.,10072301,15:15:00,8,0,1,10,2025-01-13T00:00:00.000Z,-43.330138330000,-21.763252970000,"Rua Adelaide Campos de Resende, 1061"
412,PARQUE BURNIER.,10073561,15:15:00,7,0,0,11,2025-01-13T00:00:00.000Z,-43.331552510000,-21.763418910000,"Rua Olga Burnier, 480"
412,PARQUE BURNIER.,10073560,15:15:00,5,0,0,11,2025-01-13T00:00:00.000Z,-43.333589670000,-21.761652280000,"Rua Olga Burnier, 230"
412,PARQUE BURNIER.,10073558,15:15:00,4,0,0,11,2025-01-13T00:00:00.000Z,-43.334645750000,-21.760669710000,"Rua Olga Burnier, 70"
412,PARQUE BURNIER.,10073552,15:15:00,3,0,0,11,2025-01-13T00:00:00.000Z,-43.335479020000,-21.760313550000,"Rua São Geraldo, 84"
412,PARQUE BURNIER.,10072305,15:15:00,2,2,2,11,2025-01-13T00:00:00.000Z,-43.337478970000,-21.760922950000,"Rua Djalma de Carvalho, 37"
412,PARQUE BURNIER.,10071108,15:15:00,1,11,0,11,2025-01-13T00:00:00.000Z,-43.349331860000,-21.758144610000,"Avenida Getúlio Vargas, 835"
412,PARQUE BURNIER.,10072359,15:15:00,14,0,2,4,2025-01-13T00:00:00.000Z,-43.326282500000,-21.763143540000,"Rua Adelaide Campos de Resende, 651"
412,PARQUE BURNIER.,10072358,15:15:00,18,2,0,5,2025-01-13T00:00:00.000Z,-43.328687310000,-21.761675740000,"Rua Natalino José de Paula, 112 - Ponto Final do Parque Burnier"
412,PARQUE BURNIER.,10071108,15:50:00,17,0,5,20,2025-01-13T00:00:00.000Z,-43.349331860000,-21.758144610000,"Avenida Getúlio Vargas, 835"
412,PARQUE BURNIER.,10072302,15:50:00,15,3,1,8,2025-01-13T00:00:00.000Z,-43.338029500000,-21.760323850000,"Avenida Sete de Setembro, 623"
412,PARQUE BURNIER.,10072332,15:50:00,14,0,1,6,2025-01-13T00:00:00.000Z,-43.335533860000,-21.760131640000,"Rua São Geraldo, 89"
412,PARQUE BURNIER.,10072337,15:50:00,13,0,0,7,2025-01-13T00:00:00.000Z,-43.334540130000,-21.760522960000,"Rua Olga Burnier, 67"
412,PARQUE BURNIER.,10072382,15:50:00,11,0,0,7,2025-01-13T00:00:00.000Z,-43.332369450000,-21.762522520000,"Rua Olga Burnier, 361"
412,PARQUE BURNIER.,10072380,15:50:00,10,0,0,7,2025-01-13T00:00:00.000Z,-43.331466790000,-21.763337580000,"Rua Olga Burnier, 485"
412,PARQUE BURNIER.,10073583,15:50:00,9,0,0,7,2025-01-13T00:00:00.000Z,-43.330207820000,-21.763072230000,"Rua Adelaide Campos de Resende, 1070"
412,PARQUE BURNIER.,10072386,15:50:00,7,1,0,3,2025-01-13T00:00:00.000Z,-43.328850270000,-21.762325320000,"Rua José Teodoro dos Santos, 292"
412,PARQUE BURNIER.,10072384,15:50:00,6,1,0,2,2025-01-13T00:00:00.000Z,-43.327999480000,-21.763301540000,"Rua José Teodoro dos Santos, 126"
412,PARQUE BURNIER.,10072309,15:50:00,5,1,0,1,2025-01-13T00:00:00.000Z,-43.327273730000,-21.763967940000,"Rua José Teodoro dos Santos, 28"
412,PARQUE BURNIER.,10072362,15:50:00,3,0,0,0,2025-01-13T00:00:00.000Z,-43.327527760000,-21.762798310000,"Rua Natalino José de Paula, 310"
412,PARQUE BURNIER.,10072363,15:50:00,2,0,0,0,2025-01-13T00:00:00.000Z,-43.327885630000,-21.762179390000,"Rua Natalino José de Paula, 288"
412,PARQUE BURNIER.,10072358,15:50:00,1,0,0,0,2025-01-13T00:00:00.000Z,-43.328687310000,-21.761675740000,"Rua Natalino José de Paula, 112 - Ponto Final do Parque Burnier"
412,PARQUE BURNIER.,10073589,15:50:00,4,0,0,0,2025-01-13T00:00:00.000Z,-43.326568960000,-21.763629600000,"Rua Adelaide Campos de Resende, 706"
412,PARQUE BURNIER.,10072335,15:50:00,12,0,0,7,2025-01-13T00:00:00.000Z,-43.333453420000,-21.761562350000,"Rua Olga Burnier, 233"
412,PARQUE BURNIER.,10073584,15:50:00,8,4,0,7,2025-01-13T00:00:00.000Z,-43.329363350000,-21.763255450000,"Rua Adelaide Campos de Resende, 984"
412,PARQUE BURNIER.,10074194,15:50:00,16,19,2,25,2025-01-13T00:00:00.000Z,-43.342338620000,-21.760505960000,"Rua Ângelo Falci, 55"
412,PARQUE BURNIER.,10072358,16:10:00,18,2,0,20,2025-01-13T00:00:00.000Z,-43.328687310000,-21.761675740000,"Rua Natalino José de Paula, 112 - Ponto Final do Parque Burnier"
412,PARQUE BURNIER.,10072375,16:10:00,16,0,0,18,2025-01-13T00:00:00.000Z,-43.327420830000,-21.762727850000,"Rua Natalino José de Paula, 319"
412,PARQUE BURNIER.,10072359,16:10:00,14,0,4,21,2025-01-13T00:00:00.000Z,-43.326282500000,-21.763143540000,"Rua Adelaide Campos de Resende, 651"
412,PARQUE BURNIER.,10072328,16:10:00,13,0,4,25,2025-01-13T00:00:00.000Z,-43.326450350000,-21.763683320000,"Rua Adelaide Campos de Resende, 669"
412,PARQUE BURNIER.,10072377,16:10:00,12,0,0,29,2025-01-13T00:00:00.000Z,-43.327321890000,-21.764062650000,"Rua José Teodoro dos Santos, 25"
412,PARQUE BURNIER.,10072313,16:10:00,10,0,4,31,2025-01-13T00:00:00.000Z,-43.328846690000,-21.762504770000,"Rua José Teodoro dos Santos, 275"
412,PARQUE BURNIER.,10072296,16:10:00,9,0,2,35,2025-01-13T00:00:00.000Z,-43.329374790000,-21.763440430000,"Rua Adelaide Campos de Resende, 975"
412,PARQUE BURNIER.,10072301,16:10:00,8,2,1,37,2025-01-13T00:00:00.000Z,-43.330138330000,-21.763252970000,"Rua Adelaide Campos de Resende, 1061"
412,PARQUE BURNIER.,10073557,16:10:00,6,0,0,36,2025-01-13T00:00:00.000Z,-43.332479840000,-21.762640710000,"Rua Olga Burnier, 356"
412,PARQUE BURNIER.,10073560,16:10:00,5,0,0,36,2025-01-13T00:00:00.000Z,-43.333589670000,-21.761652280000,"Rua Olga Burnier, 230"
412,PARQUE BURNIER.,10073558,16:10:00,4,0,0,36,2025-01-13T00:00:00.000Z,-43.334645750000,-21.760669710000,"Rua Olga Burnier, 70"
412,PARQUE BURNIER.,10072305,16:10:00,2,0,2,36,2025-01-13T00:00:00.000Z,-43.337478970000,-21.760922950000,"Rua Djalma de Carvalho, 37"
412,PARQUE BURNIER.,10071108,16:10:00,1,38,0,38,2025-01-13T00:00:00.000Z,-43.349331860000,-21.758144610000,"Avenida Getúlio Vargas, 835"
412,PARQUE BURNIER.,10072316,16:10:00,11,0,2,29,2025-01-13T00:00:00.000Z,-43.328204750000,-21.763332370000,"Rua José Teodoro dos Santos, 145"
412,PARQUE BURNIER.,10072356,16:10:00,17,1,1,18,2025-01-13T00:00:00.000Z,-43.327793950000,-21.762107030000,"Rua Natalino José de Paula, 271"
412,PARQUE BURNIER.,10073561,16:10:00,7,0,0,36,2025-01-13T00:00:00.000Z,-43.331552510000,-21.763418910000,"Rua Olga Burnier, 480"
412,PARQUE BURNIER.,10073552,16:10:00,3,0,0,36,2025-01-13T00:00:00.000Z,-43.335479020000,-21.760313550000,"Rua São Geraldo, 84"
412,PARQUE BURNIER.,10071503,16:10:00,15,1,4,18,2025-01-13T00:00:00.000Z,-43.326207040000,-21.762717810000,"Rua Natalino José de Paula, 421"
412,PARQUE BURNIER.,10074194,16:45:00,16,17,1,21,2025-01-13T00:00:00.000Z,-43.342338620000,-21.760505960000,"Rua Ângelo Falci, 55"
412,PARQUE BURNIER.,10072302,16:45:00,15,0,1,5,2025-01-13T00:00:00.000Z,-43.338029500000,-21.760323850000,"Avenida Sete de Setembro, 623"
412,PARQUE BURNIER.,10072332,16:45:00,14,0,1,6,2025-01-13T00:00:00.000Z,-43.335533860000,-21.760131640000,"Rua São Geraldo, 89"
412,PARQUE BURNIER.,10072335,16:45:00,12,1,0,6,2025-01-13T00:00:00.000Z,-43.333453420000,-21.761562350000,"Rua Olga Burnier, 233"
412,PARQUE BURNIER.,10072382,16:45:00,11,1,0,5,2025-01-13T00:00:00.000Z,-43.332369450000,-21.762522520000,"Rua Olga Burnier, 361"
412,PARQUE BURNIER.,10072380,16:45:00,10,0,0,4,2025-01-13T00:00:00.000Z,-43.331466790000,-21.763337580000,"Rua Olga Burnier, 485"
412,PARQUE BURNIER.,10073584,16:45:00,8,0,0,4,2025-01-13T00:00:00.000Z,-43.329363350000,-21.763255450000,"Rua Adelaide Campos de Resende, 984"
412,PARQUE BURNIER.,10072386,16:45:00,7,0,0,4,2025-01-13T00:00:00.000Z,-43.328850270000,-21.762325320000,"Rua José Teodoro dos Santos, 292"
412,PARQUE BURNIER.,10072384,16:45:00,6,0,0,4,2025-01-13T00:00:00.000Z,-43.327999480000,-21.763301540000,"Rua José Teodoro dos Santos, 126"
412,PARQUE BURNIER.,10073589,16:45:00,4,2,0,4,2025-01-13T00:00:00.000Z,-43.326568960000,-21.763629600000,"Rua Adelaide Campos de Resende, 706"
412,PARQUE BURNIER.,10072362,16:45:00,3,2,0,2,2025-01-13T00:00:00.000Z,-43.327527760000,-21.762798310000,"Rua Natalino José de Paula, 310"
412,PARQUE BURNIER.,10072363,16:45:00,2,0,0,0,2025-01-13T00:00:00.000Z,-43.327885630000,-21.762179390000,"Rua Natalino José de Paula, 288"
412,PARQUE BURNIER.,10072358,16:45:00,1,0,0,0,2025-01-13T00:00:00.000Z,-43.328687310000,-21.761675740000,"Rua Natalino José de Paula, 112 - Ponto Final do Parque Burnier"
412,PARQUE BURNIER.,10072309,16:45:00,5,0,0,4,2025-01-13T00:00:00.000Z,-43.327273730000,-21.763967940000,"Rua José Teodoro dos Santos, 28"
412,PARQUE BURNIER.,10071108,16:45:00,17,0,10,11,2025-01-13T00:00:00.000Z,-43.349331860000,-21.758144610000,"Avenida Getúlio Vargas, 835"
412,PARQUE BURNIER.,10073583,16:45:00,9,1,1,4,2025-01-13T00:00:00.000Z,-43.330207820000,-21.763072230000,"Rua Adelaide Campos de Resende, 1070"
412,PARQUE BURNIER.,10072337,16:45:00,13,1,0,7,2025-01-13T00:00:00.000Z,-43.334540130000,-21.760522960000,"Rua Olga Burnier, 67"
412,PARQUE BURNIER.,10072356,17:05:00,17,0,0,4,2025-01-13T00:00:00.000Z,-43.327793950000,-21.762107030000,"Rua Natalino José de Paula, 271"
412,PARQUE BURNIER.,10071503,17:05:00,15,1,0,4,2025-01-13T00:00:00.000Z,-43.326207040000,-21.762717810000,"Rua Natalino José de Paula, 421"
412,PARQUE BURNIER.,10072359,17:05:00,14,0,0,3,2025-01-13T00:00:00.000Z,-43.326282500000,-21.763143540000,"Rua Adelaide Campos de Resende, 651"
412,PARQUE BURNIER.,10072328,17:05:00,13,0,0,3,2025-01-13T00:00:00.000Z,-43.326450350000,-21.763683320000,"Rua Adelaide Campos de Resende, 669"
412,PARQUE BURNIER.,10072316,17:05:00,11,0,0,3,2025-01-13T00:00:00.000Z,-43.328204750000,-21.763332370000,"Rua José Teodoro dos Santos, 145"
412,PARQUE BURNIER.,10072313,17:05:00,10,0,0,3,2025-01-13T00:00:00.000Z,-43.328846690000,-21.762504770000,"Rua José Teodoro dos Santos, 275"
412,PARQUE BURNIER.,10072296,17:05:00,9,0,2,3,2025-01-13T00:00:00.000Z,-43.329374790000,-21.763440430000,"Rua Adelaide Campos de Resende, 975"
412,PARQUE BURNIER.,10073561,17:05:00,7,0,1,5,2025-01-13T00:00:00.000Z,-43.331552510000,-21.763418910000,"Rua Olga Burnier, 480"
412,PARQUE BURNIER.,10073557,17:05:00,6,0,0,6,2025-01-13T00:00:00.000Z,-43.332479840000,-21.762640710000,"Rua Olga Burnier, 356"
412,PARQUE BURNIER.,10073560,17:05:00,5,1,0,6,2025-01-13T00:00:00.000Z,-43.333589670000,-21.761652280000,"Rua Olga Burnier, 230"
412,PARQUE BURNIER.,10073552,17:05:00,3,0,0,5,2025-01-13T00:00:00.000Z,-43.335479020000,-21.760313550000,"Rua São Geraldo, 84"
412,PARQUE BURNIER.,10072305,17:05:00,2,1,1,5,2025-01-13T00:00:00.000Z,-43.337478970000,-21.760922950000,"Rua Djalma de Carvalho, 37"
412,PARQUE BURNIER.,10071108,17:05:00,1,5,0,5,2025-01-13T00:00:00.000Z,-43.349331860000,-21.758144610000,"Avenida Getúlio Vargas, 835"
412,PARQUE BURNIER.,10073558,17:05:00,4,0,0,5,2025-01-13T00:00:00.000Z,-43.334645750000,-21.760669710000,"Rua Olga Burnier, 70"
412,PARQUE BURNIER.,10072358,17:05:00,18,0,0,4,2025-01-13T00:00:00.000Z,-43.328687310000,-21.761675740000,"Rua Natalino José de Paula, 112 - Ponto Final do Parque Burnier"
412,PARQUE BURNIER.,10072301,17:05:00,8,0,0,5,2025-01-13T00:00:00.000Z,-43.330138330000,-21.763252970000,"Rua Adelaide Campos de Resende, 1061"
412,PARQUE BURNIER.,10072375,17:05:00,16,0,0,4,2025-01-13T00:00:00.000Z,-43.327420830000,-21.762727850000,"Rua Natalino José de Paula, 319"
412,PARQUE BURNIER.,10072377,17:05:00,12,0,0,3,2025-01-13T00:00:00.000Z,-43.327321890000,-21.764062650000,"Rua José Teodoro dos Santos, 25"
412,PARQUE BURNIER.,10074194,17:40:00,16,13,0,16,2025-01-13T00:00:00.000Z,-43.342338620000,-21.760505960000,"Rua Ângelo Falci, 55"
412,PARQUE BURNIER.,10072384,17:40:00,6,0,0,2,2025-01-13T00:00:00.000Z,-43.327999480000,-21.763301540000,"Rua José Teodoro dos Santos, 126"
412,PARQUE BURNIER.,10071108,17:40:00,17,0,15,1,2025-01-13T00:00:00.000Z,-43.349331860000,-21.758144610000,"Avenida Getúlio Vargas, 835"
412,PARQUE BURNIER.,10072302,17:40:00,15,2,0,3,2025-01-13T00:00:00.000Z,-43.338029500000,-21.760323850000,"Avenida Sete de Setembro, 623"
412,PARQUE BURNIER.,10072337,17:40:00,13,0,1,1,2025-01-13T00:00:00.000Z,-43.334540130000,-21.760522960000,"Rua Olga Burnier, 67"
412,PARQUE BURNIER.,10072335,17:40:00,12,0,0,2,2025-01-13T00:00:00.000Z,-43.333453420000,-21.761562350000,"Rua Olga Burnier, 233"
412,PARQUE BURNIER.,10072382,17:40:00,11,0,0,2,2025-01-13T00:00:00.000Z,-43.332369450000,-21.762522520000,"Rua Olga Burnier, 361"
412,PARQUE BURNIER.,10073583,17:40:00,9,0,0,2,2025-01-13T00:00:00.000Z,-43.330207820000,-21.763072230000,"Rua Adelaide Campos de Resende, 1070"
412,PARQUE BURNIER.,10073584,17:40:00,8,0,0,2,2025-01-13T00:00:00.000Z,-43.329363350000,-21.763255450000,"Rua Adelaide Campos de Resende, 984"
412,PARQUE BURNIER.,10072386,17:40:00,7,1,1,2,2025-01-13T00:00:00.000Z,-43.328850270000,-21.762325320000,"Rua José Teodoro dos Santos, 292"
412,PARQUE BURNIER.,10072309,17:40:00,5,0,0,2,2025-01-13T00:00:00.000Z,-43.327273730000,-21.763967940000,"Rua José Teodoro dos Santos, 28"
412,PARQUE BURNIER.,10073589,17:40:00,4,2,0,2,2025-01-13T00:00:00.000Z,-43.326568960000,-21.763629600000,"Rua Adelaide Campos de Resende, 706"
412,PARQUE BURNIER.,10072362,17:40:00,3,0,0,0,2025-01-13T00:00:00.000Z,-43.327527760000,-21.762798310000,"Rua Natalino José de Paula, 310"
412,PARQUE BURNIER.,10072363,17:40:00,2,0,0,0,2025-01-13T00:00:00.000Z,-43.327885630000,-21.762179390000,"Rua Natalino José de Paula, 288"
412,PARQUE BURNIER.,10072358,17:40:00,1,0,0,0,2025-01-13T00:00:00.000Z,-43.328687310000,-21.761675740000,"Rua Natalino José de Paula, 112 - Ponto Final do Parque Burnier"
412,PARQUE BURNIER.,10072332,17:40:00,14,0,0,1,2025-01-13T00:00:00.000Z,-43.335533860000,-21.760131640000,"Rua São Geraldo, 89"
412,PARQUE BURNIER.,10072380,17:40:00,10,0,0,2,2025-01-13T00:00:00.000Z,-43.331466790000,-21.763337580000,"Rua Olga Burnier, 485"
412,PARQUE BURNIER.,10072358,18:00:00,18,0,0,1,2025-01-13T00:00:00.000Z,-43.328687310000,-21.761675740000,"Rua Natalino José de Paula, 112 - Ponto Final do Parque Burnier"
412,PARQUE BURNIER.,10072375,18:00:00,16,0,3,3,2025-01-13T00:00:00.000Z,-43.327420830000,-21.762727850000,"Rua Natalino José de Paula, 319"
412,PARQUE BURNIER.,10071503,18:00:00,15,1,3,6,2025-01-13T00:00:00.000Z,-43.326207040000,-21.762717810000,"Rua Natalino José de Paula, 421"
412,PARQUE BURNIER.,10072359,18:00:00,14,0,6,8,2025-01-13T00:00:00.000Z,-43.326282500000,-21.763143540000,"Rua Adelaide Campos de Resende, 651"
412,PARQUE BURNIER.,10072377,18:00:00,12,2,2,20,2025-01-13T00:00:00.000Z,-43.327321890000,-21.764062650000,"Rua José Teodoro dos Santos, 25"
412,PARQUE BURNIER.,10072316,18:00:00,11,0,2,20,2025-01-13T00:00:00.000Z,-43.328204750000,-21.763332370000,"Rua José Teodoro dos Santos, 145"
412,PARQUE BURNIER.,10072313,18:00:00,10,0,4,22,2025-01-13T00:00:00.000Z,-43.328846690000,-21.762504770000,"Rua José Teodoro dos Santos, 275"
412,PARQUE BURNIER.,10072301,18:00:00,8,0,2,27,2025-01-13T00:00:00.000Z,-43.330138330000,-21.763252970000,"Rua Adelaide Campos de Resende, 1061"
412,PARQUE BURNIER.,10073561,18:00:00,7,0,1,29,2025-01-13T00:00:00.000Z,-43.331552510000,-21.763418910000,"Rua Olga Burnier, 480"
412,PARQUE BURNIER.,10073557,18:00:00,6,0,0,30,2025-01-13T00:00:00.000Z,-43.332479840000,-21.762640710000,"Rua Olga Burnier, 356"
412,PARQUE BURNIER.,10073558,18:00:00,4,0,0,30,2025-01-13T00:00:00.000Z,-43.334645750000,-21.760669710000,"Rua Olga Burnier, 70"
412,PARQUE BURNIER.,10073552,18:00:00,3,0,0,30,2025-01-13T00:00:00.000Z,-43.335479020000,-21.760313550000,"Rua São Geraldo, 84"
412,PARQUE BURNIER.,10072305,18:00:00,2,2,0,30,2025-01-13T00:00:00.000Z,-43.337478970000,-21.760922950000,"Rua Djalma de Carvalho, 37"
412,PARQUE BURNIER.,10071108,18:00:00,1,28,0,28,2025-01-13T00:00:00.000Z,-43.349331860000,-21.758144610000,"Avenida Getúlio Vargas, 835"
412,PARQUE BURNIER.,10072328,18:00:00,13,0,6,14,2025-01-13T00:00:00.000Z,-43.326450350000,-21.763683320000,"Rua Adelaide Campos de Resende, 669"
412,PARQUE BURNIER.,10073560,18:00:00,5,0,0,30,2025-01-13T00:00:00.000Z,-43.333589670000,-21.761652280000,"Rua Olga Burnier, 230"
412,PARQUE BURNIER.,10072356,18:00:00,17,1,3,1,2025-01-13T00:00:00.000Z,-43.327793950000,-21.762107030000,"Rua Natalino José de Paula, 271"
412,PARQUE BURNIER.,10072296,18:00:00,9,1,2,26,2025-01-13T00:00:00.000Z,-43.329374790000,-21.763440430000,"Rua Adelaide Campos de Resende, 975"
412,PARQUE BURNIER.,10074194,18:35:00,16,17,3,17,2025-01-13T00:00:00.000Z,-43.342338620000,-21.760505960000,"Rua Ângelo Falci, 55"
412,PARQUE BURNIER.,10072332,18:35:00,14,0,1,4,2025-01-13T00:00:00.000Z,-43.335533860000,-21.760131640000,"Rua São Geraldo, 89"
412,PARQUE BURNIER.,10072337,18:35:00,13,0,0,5,2025-01-13T00:00:00.000Z,-43.334540130000,-21.760522960000,"Rua Olga Burnier, 67"
412,PARQUE BURNIER.,10072335,18:35:00,12,0,0,5,2025-01-13T00:00:00.000Z,-43.333453420000,-21.761562350000,"Rua Olga Burnier, 233"
412,PARQUE BURNIER.,10072380,18:35:00,10,0,0,5,2025-01-13T00:00:00.000Z,-43.331466790000,-21.763337580000,"Rua Olga Burnier, 485"
412,PARQUE BURNIER.,10073583,18:35:00,9,0,1,5,2025-01-13T00:00:00.000Z,-43.330207820000,-21.763072230000,"Rua Adelaide Campos de Resende, 1070"
412,PARQUE BURNIER.,10073584,18:35:00,8,0,0,6,2025-01-13T00:00:00.000Z,-43.329363350000,-21.763255450000,"Rua Adelaide Campos de Resende, 984"
412,PARQUE BURNIER.,10072384,18:35:00,6,0,0,6,2025-01-13T00:00:00.000Z,-43.327999480000,-21.763301540000,"Rua José Teodoro dos Santos, 126"
412,PARQUE BURNIER.,10072309,18:35:00,5,0,2,6,2025-01-13T00:00:00.000Z,-43.327273730000,-21.763967940000,"Rua José Teodoro dos Santos, 28"
412,PARQUE BURNIER.,10073589,18:35:00,4,5,0,8,2025-01-13T00:00:00.000Z,-43.326568960000,-21.763629600000,"Rua Adelaide Campos de Resende, 706"
412,PARQUE BURNIER.,10072363,18:35:00,2,1,0,1,2025-01-13T00:00:00.000Z,-43.327885630000,-21.762179390000,"Rua Natalino José de Paula, 288"
412,PARQUE BURNIER.,10072358,18:35:00,1,0,0,0,2025-01-13T00:00:00.000Z,-43.328687310000,-21.761675740000,"Rua Natalino José de Paula, 112 - Ponto Final do Parque Burnier"
412,PARQUE BURNIER.,10071108,18:35:00,17,0,14,3,2025-01-13T00:00:00.000Z,-43.349331860000,-21.758144610000,"Avenida Getúlio Vargas, 835"
412,PARQUE BURNIER.,10072382,18:35:00,11,0,0,5,2025-01-13T00:00:00.000Z,-43.332369450000,-21.762522520000,"Rua Olga Burnier, 361"
412,PARQUE BURNIER.,10072362,18:35:00,3,2,0,3,2025-01-13T00:00:00.000Z,-43.327527760000,-21.762798310000,"Rua Natalino José de Paula, 310"
412,PARQUE BURNIER.,10072386,18:35:00,7,0,0,6,2025-01-13T00:00:00.000Z,-43.328850270000,-21.762325320000,"Rua José Teodoro dos Santos, 292"
412,PARQUE BURNIER.,10072302,18:35:00,15,0,1,3,2025-01-13T00:00:00.000Z,-43.338029500000,-21.760323850000,"Avenida Sete de Setembro, 623"
412,PARQUE BURNIER.,10071108,19:30:00,17,0,4,2,2025-01-13T00:00:00.000Z,-43.349331860000,-21.758144610000,"Avenida Getúlio Vargas, 835"
412,PARQUE BURNIER.,10072302,19:30:00,15,3,0,3,2025-01-13T00:00:00.000Z,-43.338029500000,-21.760323850000,"Avenida Sete de Setembro, 623"
412,PARQUE BURNIER.,10072337,19:30:00,13,0,0,0,2025-01-13T00:00:00.000Z,-43.334540130000,-21.760522960000,"Rua Olga Burnier, 67"
412,PARQUE BURNIER.,10072335,19:30:00,12,0,0,0,2025-01-13T00:00:00.000Z,-43.333453420000,-21.761562350000,"Rua Olga Burnier, 233"
412,PARQUE BURNIER.,10072382,19:30:00,11,0,0,0,2025-01-13T00:00:00.000Z,-43.332369450000,-21.762522520000,"Rua Olga Burnier, 361"
412,PARQUE BURNIER.,10073583,19:30:00,9,0,0,0,2025-01-13T00:00:00.000Z,-43.330207820000,-21.763072230000,"Rua Adelaide Campos de Resende, 1070"
412,PARQUE BURNIER.,10073584,19:30:00,8,0,0,0,2025-01-13T00:00:00.000Z,-43.329363350000,-21.763255450000,"Rua Adelaide Campos de Resende, 984"
412,PARQUE BURNIER.,10072386,19:30:00,7,0,0,0,2025-01-13T00:00:00.000Z,-43.328850270000,-21.762325320000,"Rua José Teodoro dos Santos, 292"
412,PARQUE BURNIER.,10072309,19:30:00,5,0,0,0,2025-01-13T00:00:00.000Z,-43.327273730000,-21.763967940000,"Rua José Teodoro dos Santos, 28"
412,PARQUE BURNIER.,10073589,19:30:00,4,0,0,0,2025-01-13T00:00:00.000Z,-43.326568960000,-21.763629600000,"Rua Adelaide Campos de Resende, 706"
412,PARQUE BURNIER.,10072362,19:30:00,3,0,0,0,2025-01-13T00:00:00.000Z,-43.327527760000,-21.762798310000,"Rua Natalino José de Paula, 310"
412,PARQUE BURNIER.,10072363,19:30:00,2,0,0,0,2025-01-13T00:00:00.000Z,-43.327885630000,-21.762179390000,"Rua Natalino José de Paula, 288"
412,PARQUE BURNIER.,10072358,19:30:00,1,0,0,0,2025-01-13T00:00:00.000Z,-43.328687310000,-21.761675740000,"Rua Natalino José de Paula, 112 - Ponto Final do Parque Burnier"
412,PARQUE BURNIER.,10072384,19:30:00,6,0,0,0,2025-01-13T00:00:00.000Z,-43.327999480000,-21.763301540000,"Rua José Teodoro dos Santos, 126"
412,PARQUE BURNIER.,10072380,19:30:00,10,0,0,0,2025-01-13T00:00:00.000Z,-43.331466790000,-21.763337580000,"Rua Olga Burnier, 485"
412,PARQUE BURNIER.,10072332,19:30:00,14,0,0,0,2025-01-13T00:00:00.000Z,-43.335533860000,-21.760131640000,"Rua São Geraldo, 89"
412,PARQUE BURNIER.,10074194,19:30:00,16,4,1,6,2025-01-13T00:00:00.000Z,-43.342338620000,-21.760505960000,"Rua Ângelo Falci, 55"
412,PARQUE BURNIER.,10072296,19:50:00,9,0,0,15,2025-01-13T00:00:00.000Z,-43.329374790000,-21.763440430000,"Rua Adelaide Campos de Resende, 975"
412,PARQUE BURNIER.,10072358,19:50:00,18,0,1,8,2025-01-13T00:00:00.000Z,-43.328687310000,-21.761675740000,"Rua Natalino José de Paula, 112 - Ponto Final do Parque Burnier"
412,PARQUE BURNIER.,10072375,19:50:00,16,0,0,8,2025-01-13T00:00:00.000Z,-43.327420830000,-21.762727850000,"Rua Natalino José de Paula, 319"
412,PARQUE BURNIER.,10071503,19:50:00,15,0,2,8,2025-01-13T00:00:00.000Z,-43.326207040000,-21.762717810000,"Rua Natalino José de Paula, 421"
412,PARQUE BURNIER.,10072359,19:50:00,14,0,2,10,2025-01-13T00:00:00.000Z,-43.326282500000,-21.763143540000,"Rua Adelaide Campos de Resende, 651"
412,PARQUE BURNIER.,10072377,19:50:00,12,0,0,14,2025-01-13T00:00:00.000Z,-43.327321890000,-21.764062650000,"Rua José Teodoro dos Santos, 25"
412,PARQUE BURNIER.,10072316,19:50:00,11,0,0,14,2025-01-13T00:00:00.000Z,-43.328204750000,-21.763332370000,"Rua José Teodoro dos Santos, 145"
412,PARQUE BURNIER.,10072313,19:50:00,10,0,1,14,2025-01-13T00:00:00.000Z,-43.328846690000,-21.762504770000,"Rua José Teodoro dos Santos, 275"
412,PARQUE BURNIER.,10072301,19:50:00,8,0,0,15,2025-01-13T00:00:00.000Z,-43.330138330000,-21.763252970000,"Rua Adelaide Campos de Resende, 1061"
412,PARQUE BURNIER.,10073561,19:50:00,7,0,0,15,2025-01-13T00:00:00.000Z,-43.331552510000,-21.763418910000,"Rua Olga Burnier, 480"
412,PARQUE BURNIER.,10073557,19:50:00,6,0,0,15,2025-01-13T00:00:00.000Z,-43.332479840000,-21.762640710000,"Rua Olga Burnier, 356"
412,PARQUE BURNIER.,10073558,19:50:00,4,0,0,15,2025-01-13T00:00:00.000Z,-43.334645750000,-21.760669710000,"Rua Olga Burnier, 70"
412,PARQUE BURNIER.,10073552,19:50:00,3,0,0,15,2025-01-13T00:00:00.000Z,-43.335479020000,-21.760313550000,"Rua São Geraldo, 84"
412,PARQUE BURNIER.,10072305,19:50:00,2,0,2,15,2025-01-13T00:00:00.000Z,-43.337478970000,-21.760922950000,"Rua Djalma de Carvalho, 37"
412,PARQUE BURNIER.,10071108,19:50:00,1,17,0,17,2025-01-13T00:00:00.000Z,-43.349331860000,-21.758144610000,"Avenida Getúlio Vargas, 835"
412,PARQUE BURNIER.,10073560,19:50:00,5,0,0,15,2025-01-13T00:00:00.000Z,-43.333589670000,-21.761652280000,"Rua Olga Burnier, 230"
412,PARQUE BURNIER.,10072356,19:50:00,17,1,0,9,2025-01-13T00:00:00.000Z,-43.327793950000,-21.762107030000,"Rua Natalino José de Paula, 271"
412,PARQUE BURNIER.,10072328,19:50:00,13,0,2,12,2025-01-13T00:00:00.000Z,-43.326450350000,-21.763683320000,"Rua Adelaide Campos de Resende, 669"
412,PARQUE BURNIER.,10074194,20:25:00,16,5,1,5,2025-01-13T00:00:00.000Z,-43.342338620000,-21.760505960000,"Rua Ângelo Falci, 55"
412,PARQUE BURNIER.,10072332,20:25:00,14,0,0,0,2025-01-13T00:00:00.000Z,-43.335533860000,-21.760131640000,"Rua São Geraldo, 89"
412,PARQUE BURNIER.,10072337,20:25:00,13,0,0,0,2025-01-13T00:00:00.000Z,-43.334540130000,-21.760522960000,"Rua Olga Burnier, 67"
412,PARQUE BURNIER.,10072335,20:25:00,12,0,1,0,2025-01-13T00:00:00.000Z,-43.333453420000,-21.761562350000,"Rua Olga Burnier, 233"
412,PARQUE BURNIER.,10072380,20:25:00,10,1,0,1,2025-01-13T00:00:00.000Z,-43.331466790000,-21.763337580000,"Rua Olga Burnier, 485"
412,PARQUE BURNIER.,10073583,20:25:00,9,0,0,0,2025-01-13T00:00:00.000Z,-43.330207820000,-21.763072230000,"Rua Adelaide Campos de Resende, 1070"
412,PARQUE BURNIER.,10073584,20:25:00,8,0,0,0,2025-01-13T00:00:00.000Z,-43.329363350000,-21.763255450000,"Rua Adelaide Campos de Resende, 984"
412,PARQUE BURNIER.,10072384,20:25:00,6,0,0,0,2025-01-13T00:00:00.000Z,-43.327999480000,-21.763301540000,"Rua José Teodoro dos Santos, 126"
412,PARQUE BURNIER.,10072309,20:25:00,5,0,0,0,2025-01-13T00:00:00.000Z,-43.327273730000,-21.763967940000,"Rua José Teodoro dos Santos, 28"
412,PARQUE BURNIER.,10073589,20:25:00,4,0,0,0,2025-01-13T00:00:00.000Z,-43.326568960000,-21.763629600000,"Rua Adelaide Campos de Resende, 706"
412,PARQUE BURNIER.,10072363,20:25:00,2,0,0,0,2025-01-13T00:00:00.000Z,-43.327885630000,-21.762179390000,"Rua Natalino José de Paula, 288"
412,PARQUE BURNIER.,10072358,20:25:00,1,0,0,0,2025-01-13T00:00:00.000Z,-43.328687310000,-21.761675740000,"Rua Natalino José de Paula, 112 - Ponto Final do Parque Burnier"
412,PARQUE BURNIER.,10072386,20:25:00,7,0,0,0,2025-01-13T00:00:00.000Z,-43.328850270000,-21.762325320000,"Rua José Teodoro dos Santos, 292"
412,PARQUE BURNIER.,10072362,20:25:00,3,0,0,0,2025-01-13T00:00:00.000Z,-43.327527760000,-21.762798310000,"Rua Natalino José de Paula, 310"
412,PARQUE BURNIER.,10072382,20:25:00,11,0,0,1,2025-01-13T00:00:00.000Z,-43.332369450000,-21.762522520000,"Rua Olga Burnier, 361"
412,PARQUE BURNIER.,10072302,20:25:00,15,1,0,1,2025-01-13T00:00:00.000Z,-43.338029500000,-21.760323850000,"Avenida Sete de Setembro, 623"
412,PARQUE BURNIER.,10071108,20:25:00,17,0,4,1,2025-01-13T00:00:00.000Z,-43.349331860000,-21.758144610000,"Avenida Getúlio Vargas, 835"
412,PARQUE BURNIER.,10072356,20:45:00,17,0,0,5,2025-01-13T00:00:00.000Z,-43.327793950000,-21.762107030000,"Rua Natalino José de Paula, 271"
412,PARQUE BURNIER.,10072375,20:45:00,16,0,0,5,2025-01-13T00:00:00.000Z,-43.327420830000,-21.762727850000,"Rua Natalino José de Paula, 319"
412,PARQUE BURNIER.,10071503,20:45:00,15,0,0,5,2025-01-13T00:00:00.000Z,-43.326207040000,-21.762717810000,"Rua Natalino José de Paula, 421"
412,PARQUE BURNIER.,10072328,20:45:00,13,0,0,5,2025-01-13T00:00:00.000Z,-43.326450350000,-21.763683320000,"Rua Adelaide Campos de Resende, 669"
412,PARQUE BURNIER.,10072377,20:45:00,12,0,1,5,2025-01-13T00:00:00.000Z,-43.327321890000,-21.764062650000,"Rua José Teodoro dos Santos, 25"
412,PARQUE BURNIER.,10072316,20:45:00,11,0,1,6,2025-01-13T00:00:00.000Z,-43.328204750000,-21.763332370000,"Rua José Teodoro dos Santos, 145"
412,PARQUE BURNIER.,10072296,20:45:00,9,0,1,7,2025-01-13T00:00:00.000Z,-43.329374790000,-21.763440430000,"Rua Adelaide Campos de Resende, 975"
412,PARQUE BURNIER.,10072301,20:45:00,8,0,0,8,2025-01-13T00:00:00.000Z,-43.330138330000,-21.763252970000,"Rua Adelaide Campos de Resende, 1061"
412,PARQUE BURNIER.,10073561,20:45:00,7,0,0,8,2025-01-13T00:00:00.000Z,-43.331552510000,-21.763418910000,"Rua Olga Burnier, 480"
412,PARQUE BURNIER.,10073560,20:45:00,5,0,0,8,2025-01-13T00:00:00.000Z,-43.333589670000,-21.761652280000,"Rua Olga Burnier, 230"
412,PARQUE BURNIER.,10073558,20:45:00,4,1,0,8,2025-01-13T00:00:00.000Z,-43.334645750000,-21.760669710000,"Rua Olga Burnier, 70"
412,PARQUE BURNIER.,10073552,20:45:00,3,0,0,7,2025-01-13T00:00:00.000Z,-43.335479020000,-21.760313550000,"Rua São Geraldo, 84"
412,PARQUE BURNIER.,10072305,20:45:00,2,0,2,7,2025-01-13T00:00:00.000Z,-43.337478970000,-21.760922950000,"Rua Djalma de Carvalho, 37"
412,PARQUE BURNIER.,10071108,20:45:00,1,9,0,9,2025-01-13T00:00:00.000Z,-43.349331860000,-21.758144610000,"Avenida Getúlio Vargas, 835"
412,PARQUE BURNIER.,10072358,20:45:00,18,0,0,5,2025-01-13T00:00:00.000Z,-43.328687310000,-21.761675740000,"Rua Natalino José de Paula, 112 - Ponto Final do Parque Burnier"
412,PARQUE BURNIER.,10072313,20:45:00,10,0,0,7,2025-01-13T00:00:00.000Z,-43.328846690000,-21.762504770000,"Rua José Teodoro dos Santos, 275"
412,PARQUE BURNIER.,10072359,20:45:00,14,0,0,5,2025-01-13T00:00:00.000Z,-43.326282500000,-21.763143540000,"Rua Adelaide Campos de Resende, 651"
412,PARQUE BURNIER.,10073557,20:45:00,6,0,0,8,2025-01-13T00:00:00.000Z,-43.332479840000,-21.762640710000,"Rua Olga Burnier, 356"
412,PARQUE BURNIER.,10073558,21:40:00,4,0,0,6,2025-01-13T00:00:00.000Z,-43.334645750000,-21.760669710000,"Rua Olga Burnier, 70"
412,PARQUE BURNIER.,10072301,21:40:00,8,0,0,6,2025-01-13T00:00:00.000Z,-43.330138330000,-21.763252970000,"Rua Adelaide Campos de Resende, 1061"
412,PARQUE BURNIER.,10072356,21:40:00,17,0,0,3,2025-01-13T00:00:00.000Z,-43.327793950000,-21.762107030000,"Rua Natalino José de Paula, 271"
412,PARQUE BURNIER.,10071503,21:40:00,15,0,0,3,2025-01-13T00:00:00.000Z,-43.326207040000,-21.762717810000,"Rua Natalino José de Paula, 421"
412,PARQUE BURNIER.,10072359,21:40:00,14,0,0,3,2025-01-13T00:00:00.000Z,-43.326282500000,-21.763143540000,"Rua Adelaide Campos de Resende, 651"
412,PARQUE BURNIER.,10072328,21:40:00,13,0,0,3,2025-01-13T00:00:00.000Z,-43.326450350000,-21.763683320000,"Rua Adelaide Campos de Resende, 669"
412,PARQUE BURNIER.,10072316,21:40:00,11,0,1,4,2025-01-13T00:00:00.000Z,-43.328204750000,-21.763332370000,"Rua José Teodoro dos Santos, 145"
412,PARQUE BURNIER.,10072313,21:40:00,10,0,0,5,2025-01-13T00:00:00.000Z,-43.328846690000,-21.762504770000,"Rua José Teodoro dos Santos, 275"
412,PARQUE BURNIER.,10072296,21:40:00,9,0,1,5,2025-01-13T00:00:00.000Z,-43.329374790000,-21.763440430000,"Rua Adelaide Campos de Resende, 975"
412,PARQUE BURNIER.,10073561,21:40:00,7,0,0,6,2025-01-13T00:00:00.000Z,-43.331552510000,-21.763418910000,"Rua Olga Burnier, 480"
412,PARQUE BURNIER.,10073557,21:40:00,6,0,0,6,2025-01-13T00:00:00.000Z,-43.332479840000,-21.762640710000,"Rua Olga Burnier, 356"
412,PARQUE BURNIER.,10073560,21:40:00,5,0,0,6,2025-01-13T00:00:00.000Z,-43.333589670000,-21.761652280000,"Rua Olga Burnier, 230"
412,PARQUE BURNIER.,10073552,21:40:00,3,0,0,6,2025-01-13T00:00:00.000Z,-43.335479020000,-21.760313550000,"Rua São Geraldo, 84"
412,PARQUE BURNIER.,10072305,21:40:00,2,1,2,6,2025-01-13T00:00:00.000Z,-43.337478970000,-21.760922950000,"Rua Djalma de Carvalho, 37"
412,PARQUE BURNIER.,10071108,21:40:00,1,7,0,7,2025-01-13T00:00:00.000Z,-43.349331860000,-21.758144610000,"Avenida Getúlio Vargas, 835"
412,PARQUE BURNIER.,10072375,21:40:00,16,0,0,3,2025-01-13T00:00:00.000Z,-43.327420830000,-21.762727850000,"Rua Natalino José de Paula, 319"
412,PARQUE BURNIER.,10072377,21:40:00,12,0,1,3,2025-01-13T00:00:00.000Z,-43.327321890000,-21.764062650000,"Rua José Teodoro dos Santos, 25"
412,PARQUE BURNIER.,10072358,21:40:00,18,0,0,3,2025-01-13T00:00:00.000Z,-43.328687310000,-21.761675740000,"Rua Natalino José de Paula, 112 - Ponto Final do Parque Burnier"
412,PARQUE BURNIER.,10072313,22:30:00,10,1,1,5,2025-01-13T00:00:00.000Z,-43.328846690000,-21.762504770000,"Rua José Teodoro dos Santos, 275"
412,PARQUE BURNIER.,10072359,22:30:00,14,0,1,3,2025-01-13T00:00:00.000Z,-43.326282500000,-21.763143540000,"Rua Adelaide Campos de Resende, 651"
412,PARQUE BURNIER.,10072356,22:30:00,17,0,0,0,2025-01-13T00:00:00.000Z,-43.327793950000,-21.762107030000,"Rua Natalino José de Paula, 271"
412,PARQUE BURNIER.,10072375,22:30:00,16,0,2,0,2025-01-13T00:00:00.000Z,-43.327420830000,-21.762727850000,"Rua Natalino José de Paula, 319"
412,PARQUE BURNIER.,10071503,22:30:00,15,0,1,2,2025-01-13T00:00:00.000Z,-43.326207040000,-21.762717810000,"Rua Natalino José de Paula, 421"
412,PARQUE BURNIER.,10072328,22:30:00,13,0,0,4,2025-01-13T00:00:00.000Z,-43.326450350000,-21.763683320000,"Rua Adelaide Campos de Resende, 669"
412,PARQUE BURNIER.,10072377,22:30:00,12,0,0,4,2025-01-13T00:00:00.000Z,-43.327321890000,-21.764062650000,"Rua José Teodoro dos Santos, 25"
412,PARQUE BURNIER.,10072316,22:30:00,11,0,1,4,2025-01-13T00:00:00.000Z,-43.328204750000,-21.763332370000,"Rua José Teodoro dos Santos, 145"
412,PARQUE BURNIER.,10072296,22:30:00,9,0,6,5,2025-01-13T00:00:00.000Z,-43.329374790000,-21.763440430000,"Rua Adelaide Campos de Resende, 975"
412,PARQUE BURNIER.,10072301,22:30:00,8,0,0,11,2025-01-13T00:00:00.000Z,-43.330138330000,-21.763252970000,"Rua Adelaide Campos de Resende, 1061"
412,PARQUE BURNIER.,10073561,22:30:00,7,0,0,11,2025-01-13T00:00:00.000Z,-43.331552510000,-21.763418910000,"Rua Olga Burnier, 480"
412,PARQUE BURNIER.,10073560,22:30:00,5,0,0,11,2025-01-13T00:00:00.000Z,-43.333589670000,-21.761652280000,"Rua Olga Burnier, 230"
412,PARQUE BURNIER.,10073558,22:30:00,4,0,0,11,2025-01-13T00:00:00.000Z,-43.334645750000,-21.760669710000,"Rua Olga Burnier, 70"
412,PARQUE BURNIER.,10073552,22:30:00,3,0,0,11,2025-01-13T00:00:00.000Z,-43.335479020000,-21.760313550000,"Rua São Geraldo, 84"
412,PARQUE BURNIER.,10072305,22:30:00,2,0,1,11,2025-01-13T00:00:00.000Z,-43.337478970000,-21.760922950000,"Rua Djalma de Carvalho, 37"
412,PARQUE BURNIER.,10071108,22:30:00,1,12,0,12,2025-01-13T00:00:00.000Z,-43.349331860000,-21.758144610000,"Avenida Getúlio Vargas, 835"
412,PARQUE BURNIER.,10073557,22:30:00,6,0,0,11,2025-01-13T00:00:00.000Z,-43.332479840000,-21.762640710000,"Rua Olga Burnier, 356"
412,PARQUE BURNIER.,10072358,22:30:00,18,0,0,0,2025-01-13T00:00:00.000Z,-43.328687310000,-21.761675740000,"Rua Natalino José de Paula, 112 - Ponto Final do Parque Burnier"
412,PARQUE BURNIER.,10074194,05:30:00,16,1,6,10,2025-01-14T00:00:00.000Z,-43.342338620000,-21.760505960000,"Rua Ângelo Falci, 55"
412,PARQUE BURNIER.,10073589,05:30:00,4,4,0,7,2025-01-14T00:00:00.000Z,-43.326568960000,-21.763629600000,"Rua Adelaide Campos de Resende, 706"
412,PARQUE BURNIER.,10073584,05:30:00,8,3,0,13,2025-01-14T00:00:00.000Z,-43.329363350000,-21.763255450000,"Rua Adelaide Campos de Resende, 984"
412,PARQUE BURNIER.,10072335,05:30:00,12,0,0,13,2025-01-14T00:00:00.000Z,-43.333453420000,-21.761562350000,"Rua Olga Burnier, 233"
412,PARQUE BURNIER.,10071108,05:30:00,17,0,8,2,2025-01-14T00:00:00.000Z,-43.349331860000,-21.758144610000,"Avenida Getúlio Vargas, 835"
412,PARQUE BURNIER.,10072302,05:30:00,15,2,0,15,2025-01-14T00:00:00.000Z,-43.338029500000,-21.760323850000,"Avenida Sete de Setembro, 623"
412,PARQUE BURNIER.,10072332,05:30:00,14,0,0,13,2025-01-14T00:00:00.000Z,-43.335533860000,-21.760131640000,"Rua São Geraldo, 89"
412,PARQUE BURNIER.,10072337,05:30:00,13,0,0,13,2025-01-14T00:00:00.000Z,-43.334540130000,-21.760522960000,"Rua Olga Burnier, 67"
412,PARQUE BURNIER.,10072382,05:30:00,11,0,0,13,2025-01-14T00:00:00.000Z,-43.332369450000,-21.762522520000,"Rua Olga Burnier, 361"
412,PARQUE BURNIER.,10072380,05:30:00,10,0,0,13,2025-01-14T00:00:00.000Z,-43.331466790000,-21.763337580000,"Rua Olga Burnier, 485"
412,PARQUE BURNIER.,10073583,05:30:00,9,0,0,13,2025-01-14T00:00:00.000Z,-43.330207820000,-21.763072230000,"Rua Adelaide Campos de Resende, 1070"
412,PARQUE BURNIER.,10072386,05:30:00,7,1,0,10,2025-01-14T00:00:00.000Z,-43.328850270000,-21.762325320000,"Rua José Teodoro dos Santos, 292"
412,PARQUE BURNIER.,10072384,05:30:00,6,1,0,9,2025-01-14T00:00:00.000Z,-43.327999480000,-21.763301540000,"Rua José Teodoro dos Santos, 126"
412,PARQUE BURNIER.,10072309,05:30:00,5,1,0,8,2025-01-14T00:00:00.000Z,-43.327273730000,-21.763967940000,"Rua José Teodoro dos Santos, 28"
412,PARQUE BURNIER.,10072362,05:30:00,3,2,0,3,2025-01-14T00:00:00.000Z,-43.327527760000,-21.762798310000,"Rua Natalino José de Paula, 310"
412,PARQUE BURNIER.,10072363,05:30:00,2,1,0,1,2025-01-14T00:00:00.000Z,-43.327885630000,-21.762179390000,"Rua Natalino José de Paula, 288"
412,PARQUE BURNIER.,10072358,05:30:00,1,0,0,0,2025-01-14T00:00:00.000Z,-43.328687310000,-21.761675740000,"Rua Natalino José de Paula, 112 - Ponto Final do Parque Burnier"
412,PARQUE BURNIER.,10072356,05:51:00,17,0,0,0,2025-01-14T00:00:00.000Z,-43.327793950000,-21.762107030000,"Rua Natalino José de Paula, 271"
412,PARQUE BURNIER.,10071503,05:51:00,15,0,0,0,2025-01-14T00:00:00.000Z,-43.326207040000,-21.762717810000,"Rua Natalino José de Paula, 421"
412,PARQUE BURNIER.,10073561,05:51:00,7,0,0,5,2025-01-14T00:00:00.000Z,-43.331552510000,-21.763418910000,"Rua Olga Burnier, 480"
412,PARQUE BURNIER.,10072316,05:51:00,11,0,0,0,2025-01-14T00:00:00.000Z,-43.328204750000,-21.763332370000,"Rua José Teodoro dos Santos, 145"
412,PARQUE BURNIER.,10072358,05:51:00,18,13,0,13,2025-01-14T00:00:00.000Z,-43.328687310000,-21.761675740000,"Rua Natalino José de Paula, 112 - Ponto Final do Parque Burnier"
412,PARQUE BURNIER.,10072375,05:51:00,16,0,0,0,2025-01-14T00:00:00.000Z,-43.327420830000,-21.762727850000,"Rua Natalino José de Paula, 319"
412,PARQUE BURNIER.,10072359,05:51:00,14,0,0,0,2025-01-14T00:00:00.000Z,-43.326282500000,-21.763143540000,"Rua Adelaide Campos de Resende, 651"
412,PARQUE BURNIER.,10072328,05:51:00,13,0,0,0,2025-01-14T00:00:00.000Z,-43.326450350000,-21.763683320000,"Rua Adelaide Campos de Resende, 669"
412,PARQUE BURNIER.,10072377,05:51:00,12,0,0,0,2025-01-14T00:00:00.000Z,-43.327321890000,-21.764062650000,"Rua José Teodoro dos Santos, 25"
412,PARQUE BURNIER.,10072313,05:51:00,10,0,1,0,2025-01-14T00:00:00.000Z,-43.328846690000,-21.762504770000,"Rua José Teodoro dos Santos, 275"
412,PARQUE BURNIER.,10072296,05:51:00,9,0,4,1,2025-01-14T00:00:00.000Z,-43.329374790000,-21.763440430000,"Rua Adelaide Campos de Resende, 975"
412,PARQUE BURNIER.,10072301,05:51:00,8,0,0,5,2025-01-14T00:00:00.000Z,-43.330138330000,-21.763252970000,"Rua Adelaide Campos de Resende, 1061"
412,PARQUE BURNIER.,10073557,05:51:00,6,0,0,5,2025-01-14T00:00:00.000Z,-43.332479840000,-21.762640710000,"Rua Olga Burnier, 356"
412,PARQUE BURNIER.,10073560,05:51:00,5,0,0,5,2025-01-14T00:00:00.000Z,-43.333589670000,-21.761652280000,"Rua Olga Burnier, 230"
412,PARQUE BURNIER.,10073558,05:51:00,4,0,1,5,2025-01-14T00:00:00.000Z,-43.334645750000,-21.760669710000,"Rua Olga Burnier, 70"
412,PARQUE BURNIER.,10073552,05:51:00,3,0,0,6,2025-01-14T00:00:00.000Z,-43.335479020000,-21.760313550000,"Rua São Geraldo, 84"
412,PARQUE BURNIER.,10072305,05:51:00,2,0,1,6,2025-01-14T00:00:00.000Z,-43.337478970000,-21.760922950000,"Rua Djalma de Carvalho, 37"
412,PARQUE BURNIER.,10071108,05:51:00,1,7,0,7,2025-01-14T00:00:00.000Z,-43.349331860000,-21.758144610000,"Avenida Getúlio Vargas, 835"
412,PARQUE BURNIER.,10072309,06:17:00,5,4,0,18,2025-01-14T00:00:00.000Z,-43.327273730000,-21.763967940000,"Rua José Teodoro dos Santos, 28"
412,PARQUE BURNIER.,10073583,06:17:00,9,1,0,28,2025-01-14T00:00:00.000Z,-43.330207820000,-21.763072230000,"Rua Adelaide Campos de Resende, 1070"
412,PARQUE BURNIER.,10072337,06:17:00,13,1,0,30,2025-01-14T00:00:00.000Z,-43.334540130000,-21.760522960000,"Rua Olga Burnier, 67"
412,PARQUE BURNIER.,10074194,06:17:00,16,0,3,27,2025-01-14T00:00:00.000Z,-43.342338620000,-21.760505960000,"Rua Ângelo Falci, 55"
412,PARQUE BURNIER.,10072302,06:17:00,15,0,0,30,2025-01-14T00:00:00.000Z,-43.338029500000,-21.760323850000,"Avenida Sete de Setembro, 623"
412,PARQUE BURNIER.,10072332,06:17:00,14,0,0,30,2025-01-14T00:00:00.000Z,-43.335533860000,-21.760131640000,"Rua São Geraldo, 89"
412,PARQUE BURNIER.,10072335,06:17:00,12,0,0,29,2025-01-14T00:00:00.000Z,-43.333453420000,-21.761562350000,"Rua Olga Burnier, 233"
412,PARQUE BURNIER.,10072382,06:17:00,11,1,0,29,2025-01-14T00:00:00.000Z,-43.332369450000,-21.762522520000,"Rua Olga Burnier, 361"
412,PARQUE BURNIER.,10072380,06:17:00,10,0,0,28,2025-01-14T00:00:00.000Z,-43.331466790000,-21.763337580000,"Rua Olga Burnier, 485"
412,PARQUE BURNIER.,10073584,06:17:00,8,6,0,27,2025-01-14T00:00:00.000Z,-43.329363350000,-21.763255450000,"Rua Adelaide Campos de Resende, 984"
412,PARQUE BURNIER.,10072386,06:17:00,7,2,0,21,2025-01-14T00:00:00.000Z,-43.328850270000,-21.762325320000,"Rua José Teodoro dos Santos, 292"
412,PARQUE BURNIER.,10072384,06:17:00,6,1,0,19,2025-01-14T00:00:00.000Z,-43.327999480000,-21.763301540000,"Rua José Teodoro dos Santos, 126"
412,PARQUE BURNIER.,10073589,06:17:00,4,11,0,14,2025-01-14T00:00:00.000Z,-43.326568960000,-21.763629600000,"Rua Adelaide Campos de Resende, 706"
412,PARQUE BURNIER.,10072362,06:17:00,3,0,0,3,2025-01-14T00:00:00.000Z,-43.327527760000,-21.762798310000,"Rua Natalino José de Paula, 310"
412,PARQUE BURNIER.,10072363,06:17:00,2,3,0,3,2025-01-14T00:00:00.000Z,-43.327885630000,-21.762179390000,"Rua Natalino José de Paula, 288"
412,PARQUE BURNIER.,10072358,06:17:00,1,0,0,0,2025-01-14T00:00:00.000Z,-43.328687310000,-21.761675740000,"Rua Natalino José de Paula, 112 - Ponto Final do Parque Burnier"
412,PARQUE BURNIER.,10071108,06:17:00,17,0,13,14,2025-01-14T00:00:00.000Z,-43.349331860000,-21.758144610000,"Avenida Getúlio Vargas, 835"
412,PARQUE BURNIER.,10072356,06:38:00,17,0,0,0,2025-01-14T00:00:00.000Z,-43.327793950000,-21.762107030000,"Rua Natalino José de Paula, 271"
412,PARQUE BURNIER.,10071503,06:38:00,15,0,0,0,2025-01-14T00:00:00.000Z,-43.326207040000,-21.762717810000,"Rua Natalino José de Paula, 421"
412,PARQUE BURNIER.,10072359,06:38:00,14,0,0,0,2025-01-14T00:00:00.000Z,-43.326282500000,-21.763143540000,"Rua Adelaide Campos de Resende, 651"
412,PARQUE BURNIER.,10072328,06:38:00,13,0,0,0,2025-01-14T00:00:00.000Z,-43.326450350000,-21.763683320000,"Rua Adelaide Campos de Resende, 669"
412,PARQUE BURNIER.,10072316,06:38:00,11,0,0,0,2025-01-14T00:00:00.000Z,-43.328204750000,-21.763332370000,"Rua José Teodoro dos Santos, 145"
412,PARQUE BURNIER.,10072313,06:38:00,10,0,3,0,2025-01-14T00:00:00.000Z,-43.328846690000,-21.762504770000,"Rua José Teodoro dos Santos, 275"
412,PARQUE BURNIER.,10072296,06:38:00,9,1,2,3,2025-01-14T00:00:00.000Z,-43.329374790000,-21.763440430000,"Rua Adelaide Campos de Resende, 975"
412,PARQUE BURNIER.,10073561,06:38:00,7,0,1,5,2025-01-14T00:00:00.000Z,-43.331552510000,-21.763418910000,"Rua Olga Burnier, 480"
412,PARQUE BURNIER.,10073557,06:38:00,6,0,0,6,2025-01-14T00:00:00.000Z,-43.332479840000,-21.762640710000,"Rua Olga Burnier, 356"
412,PARQUE BURNIER.,10073560,06:38:00,5,0,0,6,2025-01-14T00:00:00.000Z,-43.333589670000,-21.761652280000,"Rua Olga Burnier, 230"
412,PARQUE BURNIER.,10073552,06:38:00,3,0,0,7,2025-01-14T00:00:00.000Z,-43.335479020000,-21.760313550000,"Rua São Geraldo, 84"
412,PARQUE BURNIER.,10072305,06:38:00,2,1,0,7,2025-01-14T00:00:00.000Z,-43.337478970000,-21.760922950000,"Rua Djalma de Carvalho, 37"
412,PARQUE BURNIER.,10071108,06:38:00,1,6,0,6,2025-01-14T00:00:00.000Z,-43.349331860000,-21.758144610000,"Avenida Getúlio Vargas, 835"
412,PARQUE BURNIER.,10072375,06:38:00,16,0,0,0,2025-01-14T00:00:00.000Z,-43.327420830000,-21.762727850000,"Rua Natalino José de Paula, 319"
412,PARQUE BURNIER.,10072358,06:38:00,18,7,0,7,2025-01-14T00:00:00.000Z,-43.328687310000,-21.761675740000,"Rua Natalino José de Paula, 112 - Ponto Final do Parque Burnier"
412,PARQUE BURNIER.,10072301,06:38:00,8,0,1,4,2025-01-14T00:00:00.000Z,-43.330138330000,-21.763252970000,"Rua Adelaide Campos de Resende, 1061"
412,PARQUE BURNIER.,10072377,06:38:00,12,0,0,0,2025-01-14T00:00:00.000Z,-43.327321890000,-21.764062650000,"Rua José Teodoro dos Santos, 25"
412,PARQUE BURNIER.,10073558,06:38:00,4,0,1,6,2025-01-14T00:00:00.000Z,-43.334645750000,-21.760669710000,"Rua Olga Burnier, 70"
412,PARQUE BURNIER.,10071108,07:04:00,17,0,27,10,2025-01-14T00:00:00.000Z,-43.349331860000,-21.758144610000,"Avenida Getúlio Vargas, 835"
412,PARQUE BURNIER.,10072302,07:04:00,15,0,0,37,2025-01-14T00:00:00.000Z,-43.338029500000,-21.760323850000,"Avenida Sete de Setembro, 623"
412,PARQUE BURNIER.,10072337,07:04:00,13,1,0,37,2025-01-14T00:00:00.000Z,-43.334540130000,-21.760522960000,"Rua Olga Burnier, 67"
412,PARQUE BURNIER.,10072335,07:04:00,12,0,1,36,2025-01-14T00:00:00.000Z,-43.333453420000,-21.761562350000,"Rua Olga Burnier, 233"
412,PARQUE BURNIER.,10072382,07:04:00,11,2,0,37,2025-01-14T00:00:00.000Z,-43.332369450000,-21.762522520000,"Rua Olga Burnier, 361"
412,PARQUE BURNIER.,10073583,07:04:00,9,0,0,35,2025-01-14T00:00:00.000Z,-43.330207820000,-21.763072230000,"Rua Adelaide Campos de Resende, 1070"
412,PARQUE BURNIER.,10073584,07:04:00,8,7,4,35,2025-01-14T00:00:00.000Z,-43.329363350000,-21.763255450000,"Rua Adelaide Campos de Resende, 984"
412,PARQUE BURNIER.,10072386,07:04:00,7,5,1,32,2025-01-14T00:00:00.000Z,-43.328850270000,-21.762325320000,"Rua José Teodoro dos Santos, 292"
412,PARQUE BURNIER.,10072309,07:04:00,5,2,0,27,2025-01-14T00:00:00.000Z,-43.327273730000,-21.763967940000,"Rua José Teodoro dos Santos, 28"
412,PARQUE BURNIER.,10073589,07:04:00,4,19,0,25,2025-01-14T00:00:00.000Z,-43.326568960000,-21.763629600000,"Rua Adelaide Campos de Resende, 706"
412,PARQUE BURNIER.,10072362,07:04:00,3,1,0,6,2025-01-14T00:00:00.000Z,-43.327527760000,-21.762798310000,"Rua Natalino José de Paula, 310"
412,PARQUE BURNIER.,10072363,07:04:00,2,5,0,5,2025-01-14T00:00:00.000Z,-43.327885630000,-21.762179390000,"Rua Natalino José de Paula, 288"
412,PARQUE BURNIER.,10072358,07:04:00,1,0,0,0,2025-01-14T00:00:00.000Z,-43.328687310000,-21.761675740000,"Rua Natalino José de Paula, 112 - Ponto Final do Parque Burnier"
412,PARQUE BURNIER.,10074194,07:04:00,16,3,3,37,2025-01-14T00:00:00.000Z,-43.342338620000,-21.760505960000,"Rua Ângelo Falci, 55"
412,PARQUE BURNIER.,10072384,07:04:00,6,1,0,28,2025-01-14T00:00:00.000Z,-43.327999480000,-21.763301540000,"Rua José Teodoro dos Santos, 126"
412,PARQUE BURNIER.,10072380,07:04:00,10,0,0,35,2025-01-14T00:00:00.000Z,-43.331466790000,-21.763337580000,"Rua Olga Burnier, 485"
412,PARQUE BURNIER.,10072332,07:04:00,14,0,0,37,2025-01-14T00:00:00.000Z,-43.335533860000,-21.760131640000,"Rua São Geraldo, 89"
412,PARQUE BURNIER.,10074194,07:51:00,16,3,7,35,2025-01-14T00:00:00.000Z,-43.342338620000,-21.760505960000,"Rua Ângelo Falci, 55"
412,PARQUE BURNIER.,10072302,07:51:00,15,0,1,39,2025-01-14T00:00:00.000Z,-43.338029500000,-21.760323850000,"Avenida Sete de Setembro, 623"
412,PARQUE BURNIER.,10072332,07:51:00,14,1,0,40,2025-01-14T00:00:00.000Z,-43.335533860000,-21.760131640000,"Rua São Geraldo, 89"
412,PARQUE BURNIER.,10072335,07:51:00,12,1,0,39,2025-01-14T00:00:00.000Z,-43.333453420000,-21.761562350000,"Rua Olga Burnier, 233"
412,PARQUE BURNIER.,10072382,07:51:00,11,1,0,38,2025-01-14T00:00:00.000Z,-43.332369450000,-21.762522520000,"Rua Olga Burnier, 361"
412,PARQUE BURNIER.,10072380,07:51:00,10,3,0,37,2025-01-14T00:00:00.000Z,-43.331466790000,-21.763337580000,"Rua Olga Burnier, 485"
412,PARQUE BURNIER.,10073584,07:51:00,8,7,0,33,2025-01-14T00:00:00.000Z,-43.329363350000,-21.763255450000,"Rua Adelaide Campos de Resende, 984"
412,PARQUE BURNIER.,10072386,07:51:00,7,8,0,26,2025-01-14T00:00:00.000Z,-43.328850270000,-21.762325320000,"Rua José Teodoro dos Santos, 292"
412,PARQUE BURNIER.,10072384,07:51:00,6,1,0,18,2025-01-14T00:00:00.000Z,-43.327999480000,-21.763301540000,"Rua José Teodoro dos Santos, 126"
412,PARQUE BURNIER.,10073589,07:51:00,4,13,0,14,2025-01-14T00:00:00.000Z,-43.326568960000,-21.763629600000,"Rua Adelaide Campos de Resende, 706"
412,PARQUE BURNIER.,10072362,07:51:00,3,0,1,1,2025-01-14T00:00:00.000Z,-43.327527760000,-21.762798310000,"Rua Natalino José de Paula, 310"
412,PARQUE BURNIER.,10072363,07:51:00,2,2,0,2,2025-01-14T00:00:00.000Z,-43.327885630000,-21.762179390000,"Rua Natalino José de Paula, 288"
412,PARQUE BURNIER.,10072358,07:51:00,1,0,0,0,2025-01-14T00:00:00.000Z,-43.328687310000,-21.761675740000,"Rua Natalino José de Paula, 112 - Ponto Final do Parque Burnier"
412,PARQUE BURNIER.,10071108,07:51:00,17,0,23,12,2025-01-14T00:00:00.000Z,-43.349331860000,-21.758144610000,"Avenida Getúlio Vargas, 835"
412,PARQUE BURNIER.,10072309,07:51:00,5,4,1,17,2025-01-14T00:00:00.000Z,-43.327273730000,-21.763967940000,"Rua José Teodoro dos Santos, 28"
412,PARQUE BURNIER.,10073583,07:51:00,9,1,0,34,2025-01-14T00:00:00.000Z,-43.330207820000,-21.763072230000,"Rua Adelaide Campos de Resende, 1070"
412,PARQUE BURNIER.,10072337,07:51:00,13,0,0,39,2025-01-14T00:00:00.000Z,-43.334540130000,-21.760522960000,"Rua Olga Burnier, 67"
412,PARQUE BURNIER.,10072356,08:12:00,17,0,0,4,2025-01-14T00:00:00.000Z,-43.327793950000,-21.762107030000,"Rua Natalino José de Paula, 271"
412,PARQUE BURNIER.,10071503,08:12:00,15,0,0,5,2025-01-14T00:00:00.000Z,-43.326207040000,-21.762717810000,"Rua Natalino José de Paula, 421"
412,PARQUE BURNIER.,10072359,08:12:00,14,0,1,5,2025-01-14T00:00:00.000Z,-43.326282500000,-21.763143540000,"Rua Adelaide Campos de Resende, 651"
412,PARQUE BURNIER.,10072328,08:12:00,13,0,1,6,2025-01-14T00:00:00.000Z,-43.326450350000,-21.763683320000,"Rua Adelaide Campos de Resende, 669"
412,PARQUE BURNIER.,10072316,08:12:00,11,0,0,8,2025-01-14T00:00:00.000Z,-43.328204750000,-21.763332370000,"Rua José Teodoro dos Santos, 145"
412,PARQUE BURNIER.,10072313,08:12:00,10,0,2,8,2025-01-14T00:00:00.000Z,-43.328846690000,-21.762504770000,"Rua José Teodoro dos Santos, 275"
412,PARQUE BURNIER.,10072296,08:12:00,9,2,2,10,2025-01-14T00:00:00.000Z,-43.329374790000,-21.763440430000,"Rua Adelaide Campos de Resende, 975"
412,PARQUE BURNIER.,10073561,08:12:00,7,0,0,10,2025-01-14T00:00:00.000Z,-43.331552510000,-21.763418910000,"Rua Olga Burnier, 480"
412,PARQUE BURNIER.,10073557,08:12:00,6,0,0,10,2025-01-14T00:00:00.000Z,-43.332479840000,-21.762640710000,"Rua Olga Burnier, 356"
412,PARQUE BURNIER.,10073560,08:12:00,5,0,0,10,2025-01-14T00:00:00.000Z,-43.333589670000,-21.761652280000,"Rua Olga Burnier, 230"
412,PARQUE BURNIER.,10073552,08:12:00,3,0,0,10,2025-01-14T00:00:00.000Z,-43.335479020000,-21.760313550000,"Rua São Geraldo, 84"
412,PARQUE BURNIER.,10072305,08:12:00,2,3,0,10,2025-01-14T00:00:00.000Z,-43.337478970000,-21.760922950000,"Rua Djalma de Carvalho, 37"
412,PARQUE BURNIER.,10071108,08:12:00,1,7,0,7,2025-01-14T00:00:00.000Z,-43.349331860000,-21.758144610000,"Avenida Getúlio Vargas, 835"
412,PARQUE BURNIER.,10072358,08:12:00,18,6,0,10,2025-01-14T00:00:00.000Z,-43.328687310000,-21.761675740000,"Rua Natalino José de Paula, 112 - Ponto Final do Parque Burnier"
412,PARQUE BURNIER.,10072375,08:12:00,16,0,1,4,2025-01-14T00:00:00.000Z,-43.327420830000,-21.762727850000,"Rua Natalino José de Paula, 319"
412,PARQUE BURNIER.,10072301,08:12:00,8,0,0,10,2025-01-14T00:00:00.000Z,-43.330138330000,-21.763252970000,"Rua Adelaide Campos de Resende, 1061"
412,PARQUE BURNIER.,10073558,08:12:00,4,0,0,10,2025-01-14T00:00:00.000Z,-43.334645750000,-21.760669710000,"Rua Olga Burnier, 70"
412,PARQUE BURNIER.,10072377,08:12:00,12,0,1,7,2025-01-14T00:00:00.000Z,-43.327321890000,-21.764062650000,"Rua José Teodoro dos Santos, 25"
412,PARQUE BURNIER.,10071108,08:38:00,17,0,25,12,2025-01-14T00:00:00.000Z,-43.349331860000,-21.758144610000,"Avenida Getúlio Vargas, 835"
412,PARQUE BURNIER.,10074194,08:38:00,16,4,6,37,2025-01-14T00:00:00.000Z,-43.342338620000,-21.760505960000,"Rua Ângelo Falci, 55"
412,PARQUE BURNIER.,10072302,08:38:00,15,1,1,39,2025-01-14T00:00:00.000Z,-43.338029500000,-21.760323850000,"Avenida Sete de Setembro, 623"
412,PARQUE BURNIER.,10072337,08:38:00,13,1,0,39,2025-01-14T00:00:00.000Z,-43.334540130000,-21.760522960000,"Rua Olga Burnier, 67"
412,PARQUE BURNIER.,10072335,08:38:00,12,3,0,38,2025-01-14T00:00:00.000Z,-43.333453420000,-21.761562350000,"Rua Olga Burnier, 233"
412,PARQUE BURNIER.,10072382,08:38:00,11,2,0,35,2025-01-14T00:00:00.000Z,-43.332369450000,-21.762522520000,"Rua Olga Burnier, 361"
412,PARQUE BURNIER.,10073583,08:38:00,9,2,0,32,2025-01-14T00:00:00.000Z,-43.330207820000,-21.763072230000,"Rua Adelaide Campos de Resende, 1070"
412,PARQUE BURNIER.,10073584,08:38:00,8,7,0,30,2025-01-14T00:00:00.000Z,-43.329363350000,-21.763255450000,"Rua Adelaide Campos de Resende, 984"
412,PARQUE BURNIER.,10072386,08:38:00,7,1,0,23,2025-01-14T00:00:00.000Z,-43.328850270000,-21.762325320000,"Rua José Teodoro dos Santos, 292"
412,PARQUE BURNIER.,10072309,08:38:00,5,6,0,20,2025-01-14T00:00:00.000Z,-43.327273730000,-21.763967940000,"Rua José Teodoro dos Santos, 28"
412,PARQUE BURNIER.,10073589,08:38:00,4,8,0,14,2025-01-14T00:00:00.000Z,-43.326568960000,-21.763629600000,"Rua Adelaide Campos de Resende, 706"
412,PARQUE BURNIER.,10072362,08:38:00,3,6,0,6,2025-01-14T00:00:00.000Z,-43.327527760000,-21.762798310000,"Rua Natalino José de Paula, 310"
412,PARQUE BURNIER.,10072363,08:38:00,2,0,0,0,2025-01-14T00:00:00.000Z,-43.327885630000,-21.762179390000,"Rua Natalino José de Paula, 288"
412,PARQUE BURNIER.,10072358,08:38:00,1,0,0,0,2025-01-14T00:00:00.000Z,-43.328687310000,-21.761675740000,"Rua Natalino José de Paula, 112 - Ponto Final do Parque Burnier"
412,PARQUE BURNIER.,10072380,08:38:00,10,1,0,33,2025-01-14T00:00:00.000Z,-43.331466790000,-21.763337580000,"Rua Olga Burnier, 485"
412,PARQUE BURNIER.,10072332,08:38:00,14,0,0,39,2025-01-14T00:00:00.000Z,-43.335533860000,-21.760131640000,"Rua São Geraldo, 89"
412,PARQUE BURNIER.,10072384,08:38:00,6,2,0,22,2025-01-14T00:00:00.000Z,-43.327999480000,-21.763301540000,"Rua José Teodoro dos Santos, 126"
412,PARQUE BURNIER.,10072358,08:59:00,18,3,0,22,2025-01-14T00:00:00.000Z,-43.328687310000,-21.761675740000,"Rua Natalino José de Paula, 112 - Ponto Final do Parque Burnier"
412,PARQUE BURNIER.,10072375,08:59:00,16,0,0,21,2025-01-14T00:00:00.000Z,-43.327420830000,-21.762727850000,"Rua Natalino José de Paula, 319"
412,PARQUE BURNIER.,10071503,08:59:00,15,1,0,21,2025-01-14T00:00:00.000Z,-43.326207040000,-21.762717810000,"Rua Natalino José de Paula, 421"
412,PARQUE BURNIER.,10072359,08:59:00,14,0,0,20,2025-01-14T00:00:00.000Z,-43.326282500000,-21.763143540000,"Rua Adelaide Campos de Resende, 651"
412,PARQUE BURNIER.,10072377,08:59:00,12,0,0,20,2025-01-14T00:00:00.000Z,-43.327321890000,-21.764062650000,"Rua José Teodoro dos Santos, 25"
412,PARQUE BURNIER.,10072316,08:59:00,11,0,1,20,2025-01-14T00:00:00.000Z,-43.328204750000,-21.763332370000,"Rua José Teodoro dos Santos, 145"
412,PARQUE BURNIER.,10072313,08:59:00,10,0,0,21,2025-01-14T00:00:00.000Z,-43.328846690000,-21.762504770000,"Rua José Teodoro dos Santos, 275"
412,PARQUE BURNIER.,10072301,08:59:00,8,0,0,21,2025-01-14T00:00:00.000Z,-43.330138330000,-21.763252970000,"Rua Adelaide Campos de Resende, 1061"
412,PARQUE BURNIER.,10073561,08:59:00,7,0,0,21,2025-01-14T00:00:00.000Z,-43.331552510000,-21.763418910000,"Rua Olga Burnier, 480"
412,PARQUE BURNIER.,10073557,08:59:00,6,0,0,21,2025-01-14T00:00:00.000Z,-43.332479840000,-21.762640710000,"Rua Olga Burnier, 356"
412,PARQUE BURNIER.,10073558,08:59:00,4,0,0,21,2025-01-14T00:00:00.000Z,-43.334645750000,-21.760669710000,"Rua Olga Burnier, 70"
412,PARQUE BURNIER.,10073552,08:59:00,3,0,0,21,2025-01-14T00:00:00.000Z,-43.335479020000,-21.760313550000,"Rua São Geraldo, 84"
412,PARQUE BURNIER.,10072305,08:59:00,2,0,1,21,2025-01-14T00:00:00.000Z,-43.337478970000,-21.760922950000,"Rua Djalma de Carvalho, 37"
412,PARQUE BURNIER.,10071108,08:59:00,1,22,0,22,2025-01-14T00:00:00.000Z,-43.349331860000,-21.758144610000,"Avenida Getúlio Vargas, 835"
412,PARQUE BURNIER.,10072356,08:59:00,17,0,2,19,2025-01-14T00:00:00.000Z,-43.327793950000,-21.762107030000,"Rua Natalino José de Paula, 271"
412,PARQUE BURNIER.,10073560,08:59:00,5,0,0,21,2025-01-14T00:00:00.000Z,-43.333589670000,-21.761652280000,"Rua Olga Burnier, 230"
412,PARQUE BURNIER.,10072296,08:59:00,9,0,0,21,2025-01-14T00:00:00.000Z,-43.329374790000,-21.763440430000,"Rua Adelaide Campos de Resende, 975"
412,PARQUE BURNIER.,10072328,08:59:00,13,0,0,20,2025-01-14T00:00:00.000Z,-43.326450350000,-21.763683320000,"Rua Adelaide Campos de Resende, 669"
412,PARQUE BURNIER.,10074194,09:25:00,16,5,2,17,2025-01-14T00:00:00.000Z,-43.342338620000,-21.760505960000,"Rua Ângelo Falci, 55"
412,PARQUE BURNIER.,10072332,09:25:00,14,0,0,14,2025-01-14T00:00:00.000Z,-43.335533860000,-21.760131640000,"Rua São Geraldo, 89"
412,PARQUE BURNIER.,10072337,09:25:00,13,2,0,14,2025-01-14T00:00:00.000Z,-43.334540130000,-21.760522960000,"Rua Olga Burnier, 67"
412,PARQUE BURNIER.,10072335,09:25:00,12,0,0,12,2025-01-14T00:00:00.000Z,-43.333453420000,-21.761562350000,"Rua Olga Burnier, 233"
412,PARQUE BURNIER.,10072380,09:25:00,10,0,0,11,2025-01-14T00:00:00.000Z,-43.331466790000,-21.763337580000,"Rua Olga Burnier, 485"
412,PARQUE BURNIER.,10073583,09:25:00,9,1,0,11,2025-01-14T00:00:00.000Z,-43.330207820000,-21.763072230000,"Rua Adelaide Campos de Resende, 1070"
412,PARQUE BURNIER.,10073584,09:25:00,8,1,0,10,2025-01-14T00:00:00.000Z,-43.329363350000,-21.763255450000,"Rua Adelaide Campos de Resende, 984"
412,PARQUE BURNIER.,10072384,09:25:00,6,0,0,9,2025-01-14T00:00:00.000Z,-43.327999480000,-21.763301540000,"Rua José Teodoro dos Santos, 126"
412,PARQUE BURNIER.,10072309,09:25:00,5,1,0,9,2025-01-14T00:00:00.000Z,-43.327273730000,-21.763967940000,"Rua José Teodoro dos Santos, 28"
412,PARQUE BURNIER.,10073589,09:25:00,4,2,0,8,2025-01-14T00:00:00.000Z,-43.326568960000,-21.763629600000,"Rua Adelaide Campos de Resende, 706"
412,PARQUE BURNIER.,10072363,09:25:00,2,5,0,5,2025-01-14T00:00:00.000Z,-43.327885630000,-21.762179390000,"Rua Natalino José de Paula, 288"
412,PARQUE BURNIER.,10072358,09:25:00,1,0,0,0,2025-01-14T00:00:00.000Z,-43.328687310000,-21.761675740000,"Rua Natalino José de Paula, 112 - Ponto Final do Parque Burnier"
412,PARQUE BURNIER.,10071108,09:25:00,17,0,5,12,2025-01-14T00:00:00.000Z,-43.349331860000,-21.758144610000,"Avenida Getúlio Vargas, 835"
412,PARQUE BURNIER.,10072302,09:25:00,15,0,0,14,2025-01-14T00:00:00.000Z,-43.338029500000,-21.760323850000,"Avenida Sete de Setembro, 623"
412,PARQUE BURNIER.,10072386,09:25:00,7,0,0,9,2025-01-14T00:00:00.000Z,-43.328850270000,-21.762325320000,"Rua José Teodoro dos Santos, 292"
412,PARQUE BURNIER.,10072362,09:25:00,3,1,0,6,2025-01-14T00:00:00.000Z,-43.327527760000,-21.762798310000,"Rua Natalino José de Paula, 310"
412,PARQUE BURNIER.,10072382,09:25:00,11,1,0,12,2025-01-14T00:00:00.000Z,-43.332369450000,-21.762522520000,"Rua Olga Burnier, 361"
412,PARQUE BURNIER.,10071108,10:20:00,17,0,11,6,2025-01-14T00:00:00.000Z,-43.349331860000,-21.758144610000,"Avenida Getúlio Vargas, 835"
412,PARQUE BURNIER.,10074194,10:20:00,16,3,6,17,2025-01-14T00:00:00.000Z,-43.342338620000,-21.760505960000,"Rua Ângelo Falci, 55"
412,PARQUE BURNIER.,10072302,10:20:00,15,7,2,20,2025-01-14T00:00:00.000Z,-43.338029500000,-21.760323850000,"Avenida Sete de Setembro, 623"
412,PARQUE BURNIER.,10072337,10:20:00,13,1,0,15,2025-01-14T00:00:00.000Z,-43.334540130000,-21.760522960000,"Rua Olga Burnier, 67"
412,PARQUE BURNIER.,10072335,10:20:00,12,1,1,14,2025-01-14T00:00:00.000Z,-43.333453420000,-21.761562350000,"Rua Olga Burnier, 233"
412,PARQUE BURNIER.,10072382,10:20:00,11,0,0,14,2025-01-14T00:00:00.000Z,-43.332369450000,-21.762522520000,"Rua Olga Burnier, 361"
412,PARQUE BURNIER.,10073583,10:20:00,9,1,0,14,2025-01-14T00:00:00.000Z,-43.330207820000,-21.763072230000,"Rua Adelaide Campos de Resende, 1070"
412,PARQUE BURNIER.,10073584,10:20:00,8,5,0,13,2025-01-14T00:00:00.000Z,-43.329363350000,-21.763255450000,"Rua Adelaide Campos de Resende, 984"
412,PARQUE BURNIER.,10072386,10:20:00,7,2,0,8,2025-01-14T00:00:00.000Z,-43.328850270000,-21.762325320000,"Rua José Teodoro dos Santos, 292"
412,PARQUE BURNIER.,10072309,10:20:00,5,0,0,6,2025-01-14T00:00:00.000Z,-43.327273730000,-21.763967940000,"Rua José Teodoro dos Santos, 28"
412,PARQUE BURNIER.,10073589,10:20:00,4,3,0,6,2025-01-14T00:00:00.000Z,-43.326568960000,-21.763629600000,"Rua Adelaide Campos de Resende, 706"
412,PARQUE BURNIER.,10072362,10:20:00,3,2,0,3,2025-01-14T00:00:00.000Z,-43.327527760000,-21.762798310000,"Rua Natalino José de Paula, 310"
412,PARQUE BURNIER.,10072363,10:20:00,2,1,0,1,2025-01-14T00:00:00.000Z,-43.327885630000,-21.762179390000,"Rua Natalino José de Paula, 288"
412,PARQUE BURNIER.,10072358,10:20:00,1,0,0,0,2025-01-14T00:00:00.000Z,-43.328687310000,-21.761675740000,"Rua Natalino José de Paula, 112 - Ponto Final do Parque Burnier"
412,PARQUE BURNIER.,10072332,10:20:00,14,0,0,15,2025-01-14T00:00:00.000Z,-43.335533860000,-21.760131640000,"Rua São Geraldo, 89"
412,PARQUE BURNIER.,10072380,10:20:00,10,1,1,14,2025-01-14T00:00:00.000Z,-43.331466790000,-21.763337580000,"Rua Olga Burnier, 485"
412,PARQUE BURNIER.,10072384,10:20:00,6,0,0,6,2025-01-14T00:00:00.000Z,-43.327999480000,-21.763301540000,"Rua José Teodoro dos Santos, 126"
412,PARQUE BURNIER.,10072358,10:40:00,18,3,0,16,2025-01-14T00:00:00.000Z,-43.328687310000,-21.761675740000,"Rua Natalino José de Paula, 112 - Ponto Final do Parque Burnier"
412,PARQUE BURNIER.,10072375,10:40:00,16,0,0,16,2025-01-14T00:00:00.000Z,-43.327420830000,-21.762727850000,"Rua Natalino José de Paula, 319"
412,PARQUE BURNIER.,10071503,10:40:00,15,0,0,16,2025-01-14T00:00:00.000Z,-43.326207040000,-21.762717810000,"Rua Natalino José de Paula, 421"
412,PARQUE BURNIER.,10072359,10:40:00,14,0,0,16,2025-01-14T00:00:00.000Z,-43.326282500000,-21.763143540000,"Rua Adelaide Campos de Resende, 651"
412,PARQUE BURNIER.,10072377,10:40:00,12,0,0,16,2025-01-14T00:00:00.000Z,-43.327321890000,-21.764062650000,"Rua José Teodoro dos Santos, 25"
412,PARQUE BURNIER.,10072316,10:40:00,11,0,1,16,2025-01-14T00:00:00.000Z,-43.328204750000,-21.763332370000,"Rua José Teodoro dos Santos, 145"
412,PARQUE BURNIER.,10072313,10:40:00,10,0,0,17,2025-01-14T00:00:00.000Z,-43.328846690000,-21.762504770000,"Rua José Teodoro dos Santos, 275"
412,PARQUE BURNIER.,10072301,10:40:00,8,0,0,17,2025-01-14T00:00:00.000Z,-43.330138330000,-21.763252970000,"Rua Adelaide Campos de Resende, 1061"
412,PARQUE BURNIER.,10073561,10:40:00,7,0,0,17,2025-01-14T00:00:00.000Z,-43.331552510000,-21.763418910000,"Rua Olga Burnier, 480"
412,PARQUE BURNIER.,10073557,10:40:00,6,0,0,17,2025-01-14T00:00:00.000Z,-43.332479840000,-21.762640710000,"Rua Olga Burnier, 356"
412,PARQUE BURNIER.,10073558,10:40:00,4,0,0,17,2025-01-14T00:00:00.000Z,-43.334645750000,-21.760669710000,"Rua Olga Burnier, 70"
412,PARQUE BURNIER.,10073552,10:40:00,3,0,0,17,2025-01-14T00:00:00.000Z,-43.335479020000,-21.760313550000,"Rua São Geraldo, 84"
412,PARQUE BURNIER.,10072305,10:40:00,2,0,1,17,2025-01-14T00:00:00.000Z,-43.337478970000,-21.760922950000,"Rua Djalma de Carvalho, 37"
412,PARQUE BURNIER.,10071108,10:40:00,1,18,0,18,2025-01-14T00:00:00.000Z,-43.349331860000,-21.758144610000,"Avenida Getúlio Vargas, 835"
412,PARQUE BURNIER.,10072356,10:40:00,17,0,3,13,2025-01-14T00:00:00.000Z,-43.327793950000,-21.762107030000,"Rua Natalino José de Paula, 271"
412,PARQUE BURNIER.,10073560,10:40:00,5,0,0,17,2025-01-14T00:00:00.000Z,-43.333589670000,-21.761652280000,"Rua Olga Burnier, 230"
412,PARQUE BURNIER.,10072296,10:40:00,9,0,0,17,2025-01-14T00:00:00.000Z,-43.329374790000,-21.763440430000,"Rua Adelaide Campos de Resende, 975"
412,PARQUE BURNIER.,10072328,10:40:00,13,0,0,16,2025-01-14T00:00:00.000Z,-43.326450350000,-21.763683320000,"Rua Adelaide Campos de Resende, 669"
412,PARQUE BURNIER.,10074194,11:15:00,16,5,6,18,2025-01-14T00:00:00.000Z,-43.342338620000,-21.760505960000,"Rua Ângelo Falci, 55"
412,PARQUE BURNIER.,10072332,11:15:00,14,0,0,19,2025-01-14T00:00:00.000Z,-43.335533860000,-21.760131640000,"Rua São Geraldo, 89"
412,PARQUE BURNIER.,10072337,11:15:00,13,1,0,19,2025-01-14T00:00:00.000Z,-43.334540130000,-21.760522960000,"Rua Olga Burnier, 67"
412,PARQUE BURNIER.,10072335,11:15:00,12,0,0,18,2025-01-14T00:00:00.000Z,-43.333453420000,-21.761562350000,"Rua Olga Burnier, 233"
412,PARQUE BURNIER.,10072380,11:15:00,10,0,0,18,2025-01-14T00:00:00.000Z,-43.331466790000,-21.763337580000,"Rua Olga Burnier, 485"
412,PARQUE BURNIER.,10073583,11:15:00,9,0,0,18,2025-01-14T00:00:00.000Z,-43.330207820000,-21.763072230000,"Rua Adelaide Campos de Resende, 1070"
412,PARQUE BURNIER.,10073584,11:15:00,8,4,0,18,2025-01-14T00:00:00.000Z,-43.329363350000,-21.763255450000,"Rua Adelaide Campos de Resende, 984"
412,PARQUE BURNIER.,10072384,11:15:00,6,0,0,11,2025-01-14T00:00:00.000Z,-43.327999480000,-21.763301540000,"Rua José Teodoro dos Santos, 126"
412,PARQUE BURNIER.,10072309,11:15:00,5,4,0,11,2025-01-14T00:00:00.000Z,-43.327273730000,-21.763967940000,"Rua José Teodoro dos Santos, 28"
412,PARQUE BURNIER.,10073589,11:15:00,4,5,0,7,2025-01-14T00:00:00.000Z,-43.326568960000,-21.763629600000,"Rua Adelaide Campos de Resende, 706"
412,PARQUE BURNIER.,10072363,11:15:00,2,1,0,1,2025-01-14T00:00:00.000Z,-43.327885630000,-21.762179390000,"Rua Natalino José de Paula, 288"
412,PARQUE BURNIER.,10072358,11:15:00,1,0,0,0,2025-01-14T00:00:00.000Z,-43.328687310000,-21.761675740000,"Rua Natalino José de Paula, 112 - Ponto Final do Parque Burnier"
412,PARQUE BURNIER.,10071108,11:15:00,17,0,18,0,2025-01-14T00:00:00.000Z,-43.349331860000,-21.758144610000,"Avenida Getúlio Vargas, 835"
412,PARQUE BURNIER.,10072362,11:15:00,3,1,0,2,2025-01-14T00:00:00.000Z,-43.327527760000,-21.762798310000,"Rua Natalino José de Paula, 310"
412,PARQUE BURNIER.,10072386,11:15:00,7,3,0,14,2025-01-14T00:00:00.000Z,-43.328850270000,-21.762325320000,"Rua José Teodoro dos Santos, 292"
412,PARQUE BURNIER.,10072382,11:15:00,11,0,0,18,2025-01-14T00:00:00.000Z,-43.332369450000,-21.762522520000,"Rua Olga Burnier, 361"
412,PARQUE BURNIER.,10072302,11:15:00,15,1,1,19,2025-01-14T00:00:00.000Z,-43.338029500000,-21.760323850000,"Avenida Sete de Setembro, 623"
412,PARQUE BURNIER.,10072356,11:35:00,17,4,0,4,2025-01-14T00:00:00.000Z,-43.327793950000,-21.762107030000,"Rua Natalino José de Paula, 271"
412,PARQUE BURNIER.,10072375,11:35:00,16,0,0,0,2025-01-14T00:00:00.000Z,-43.327420830000,-21.762727850000,"Rua Natalino José de Paula, 319"
412,PARQUE BURNIER.,10071503,11:35:00,15,0,0,0,2025-01-14T00:00:00.000Z,-43.326207040000,-21.762717810000,"Rua Natalino José de Paula, 421"
412,PARQUE BURNIER.,10072328,11:35:00,13,0,2,0,2025-01-14T00:00:00.000Z,-43.326450350000,-21.763683320000,"Rua Adelaide Campos de Resende, 669"
412,PARQUE BURNIER.,10072377,11:35:00,12,0,1,2,2025-01-14T00:00:00.000Z,-43.327321890000,-21.764062650000,"Rua José Teodoro dos Santos, 25"
412,PARQUE BURNIER.,10072316,11:35:00,11,0,1,3,2025-01-14T00:00:00.000Z,-43.328204750000,-21.763332370000,"Rua José Teodoro dos Santos, 145"
412,PARQUE BURNIER.,10072296,11:35:00,9,0,3,5,2025-01-14T00:00:00.000Z,-43.329374790000,-21.763440430000,"Rua Adelaide Campos de Resende, 975"
412,PARQUE BURNIER.,10072301,11:35:00,8,0,0,8,2025-01-14T00:00:00.000Z,-43.330138330000,-21.763252970000,"Rua Adelaide Campos de Resende, 1061"
412,PARQUE BURNIER.,10073561,11:35:00,7,0,0,8,2025-01-14T00:00:00.000Z,-43.331552510000,-21.763418910000,"Rua Olga Burnier, 480"
412,PARQUE BURNIER.,10073560,11:35:00,5,0,0,8,2025-01-14T00:00:00.000Z,-43.333589670000,-21.761652280000,"Rua Olga Burnier, 230"
412,PARQUE BURNIER.,10073558,11:35:00,4,0,0,8,2025-01-14T00:00:00.000Z,-43.334645750000,-21.760669710000,"Rua Olga Burnier, 70"
412,PARQUE BURNIER.,10073552,11:35:00,3,0,0,8,2025-01-14T00:00:00.000Z,-43.335479020000,-21.760313550000,"Rua São Geraldo, 84"
412,PARQUE BURNIER.,10072305,11:35:00,2,0,2,8,2025-01-14T00:00:00.000Z,-43.337478970000,-21.760922950000,"Rua Djalma de Carvalho, 37"
412,PARQUE BURNIER.,10071108,11:35:00,1,10,0,10,2025-01-14T00:00:00.000Z,-43.349331860000,-21.758144610000,"Avenida Getúlio Vargas, 835"
412,PARQUE BURNIER.,10072358,11:35:00,18,4,1,7,2025-01-14T00:00:00.000Z,-43.328687310000,-21.761675740000,"Rua Natalino José de Paula, 112 - Ponto Final do Parque Burnier"
412,PARQUE BURNIER.,10073557,11:35:00,6,0,0,8,2025-01-14T00:00:00.000Z,-43.332479840000,-21.762640710000,"Rua Olga Burnier, 356"
412,PARQUE BURNIER.,10072313,11:35:00,10,0,1,4,2025-01-14T00:00:00.000Z,-43.328846690000,-21.762504770000,"Rua José Teodoro dos Santos, 275"
412,PARQUE BURNIER.,10072359,11:35:00,14,0,0,0,2025-01-14T00:00:00.000Z,-43.326282500000,-21.763143540000,"Rua Adelaide Campos de Resende, 651"
412,PARQUE BURNIER.,10071108,12:10:00,17,0,5,10,2025-01-14T00:00:00.000Z,-43.349331860000,-21.758144610000,"Avenida Getúlio Vargas, 835"
412,PARQUE BURNIER.,10072302,12:10:00,15,0,1,10,2025-01-14T00:00:00.000Z,-43.338029500000,-21.760323850000,"Avenida Sete de Setembro, 623"
412,PARQUE BURNIER.,10072332,12:10:00,14,1,0,11,2025-01-14T00:00:00.000Z,-43.335533860000,-21.760131640000,"Rua São Geraldo, 89"
412,PARQUE BURNIER.,10072337,12:10:00,13,2,0,10,2025-01-14T00:00:00.000Z,-43.334540130000,-21.760522960000,"Rua Olga Burnier, 67"
412,PARQUE BURNIER.,10072382,12:10:00,11,0,0,8,2025-01-14T00:00:00.000Z,-43.332369450000,-21.762522520000,"Rua Olga Burnier, 361"
412,PARQUE BURNIER.,10072380,12:10:00,10,0,0,8,2025-01-14T00:00:00.000Z,-43.331466790000,-21.763337580000,"Rua Olga Burnier, 485"
412,PARQUE BURNIER.,10073583,12:10:00,9,0,0,8,2025-01-14T00:00:00.000Z,-43.330207820000,-21.763072230000,"Rua Adelaide Campos de Resende, 1070"
412,PARQUE BURNIER.,10072386,12:10:00,7,1,0,6,2025-01-14T00:00:00.000Z,-43.328850270000,-21.762325320000,"Rua José Teodoro dos Santos, 292"
412,PARQUE BURNIER.,10072384,12:10:00,6,0,0,5,2025-01-14T00:00:00.000Z,-43.327999480000,-21.763301540000,"Rua José Teodoro dos Santos, 126"
412,PARQUE BURNIER.,10072309,12:10:00,5,0,0,5,2025-01-14T00:00:00.000Z,-43.327273730000,-21.763967940000,"Rua José Teodoro dos Santos, 28"
412,PARQUE BURNIER.,10072362,12:10:00,3,4,0,5,2025-01-14T00:00:00.000Z,-43.327527760000,-21.762798310000,"Rua Natalino José de Paula, 310"
412,PARQUE BURNIER.,10072363,12:10:00,2,1,0,1,2025-01-14T00:00:00.000Z,-43.327885630000,-21.762179390000,"Rua Natalino José de Paula, 288"
412,PARQUE BURNIER.,10072358,12:10:00,1,0,0,0,2025-01-14T00:00:00.000Z,-43.328687310000,-21.761675740000,"Rua Natalino José de Paula, 112 - Ponto Final do Parque Burnier"
412,PARQUE BURNIER.,10073589,12:10:00,4,0,0,5,2025-01-14T00:00:00.000Z,-43.326568960000,-21.763629600000,"Rua Adelaide Campos de Resende, 706"
412,PARQUE BURNIER.,10074194,12:10:00,16,8,3,15,2025-01-14T00:00:00.000Z,-43.342338620000,-21.760505960000,"Rua Ângelo Falci, 55"
412,PARQUE BURNIER.,10072335,12:10:00,12,0,0,8,2025-01-14T00:00:00.000Z,-43.333453420000,-21.761562350000,"Rua Olga Burnier, 233"
412,PARQUE BURNIER.,10073584,12:10:00,8,2,0,8,2025-01-14T00:00:00.000Z,-43.329363350000,-21.763255450000,"Rua Adelaide Campos de Resende, 984"
412,PARQUE BURNIER.,10072358,12:30:00,18,3,0,17,2025-01-14T00:00:00.000Z,-43.328687310000,-21.761675740000,"Rua Natalino José de Paula, 112 - Ponto Final do Parque Burnier"
412,PARQUE BURNIER.,10072375,12:30:00,16,0,0,17,2025-01-14T00:00:00.000Z,-43.327420830000,-21.762727850000,"Rua Natalino José de Paula, 319"
412,PARQUE BURNIER.,10072359,12:30:00,14,1,0,19,2025-01-14T00:00:00.000Z,-43.326282500000,-21.763143540000,"Rua Adelaide Campos de Resende, 651"
412,PARQUE BURNIER.,10072328,12:30:00,13,0,0,18,2025-01-14T00:00:00.000Z,-43.326450350000,-21.763683320000,"Rua Adelaide Campos de Resende, 669"
412,PARQUE BURNIER.,10072377,12:30:00,12,0,0,18,2025-01-14T00:00:00.000Z,-43.327321890000,-21.764062650000,"Rua José Teodoro dos Santos, 25"
412,PARQUE BURNIER.,10072313,12:30:00,10,0,0,19,2025-01-14T00:00:00.000Z,-43.328846690000,-21.762504770000,"Rua José Teodoro dos Santos, 275"
412,PARQUE BURNIER.,10072296,12:30:00,9,0,0,19,2025-01-14T00:00:00.000Z,-43.329374790000,-21.763440430000,"Rua Adelaide Campos de Resende, 975"
412,PARQUE BURNIER.,10072301,12:30:00,8,0,0,19,2025-01-14T00:00:00.000Z,-43.330138330000,-21.763252970000,"Rua Adelaide Campos de Resende, 1061"
412,PARQUE BURNIER.,10073557,12:30:00,6,0,0,18,2025-01-14T00:00:00.000Z,-43.332479840000,-21.762640710000,"Rua Olga Burnier, 356"
412,PARQUE BURNIER.,10073560,12:30:00,5,0,0,18,2025-01-14T00:00:00.000Z,-43.333589670000,-21.761652280000,"Rua Olga Burnier, 230"
412,PARQUE BURNIER.,10073558,12:30:00,4,0,0,18,2025-01-14T00:00:00.000Z,-43.334645750000,-21.760669710000,"Rua Olga Burnier, 70"
412,PARQUE BURNIER.,10073552,12:30:00,3,0,0,18,2025-01-14T00:00:00.000Z,-43.335479020000,-21.760313550000,"Rua São Geraldo, 84"
412,PARQUE BURNIER.,10072305,12:30:00,2,0,1,18,2025-01-14T00:00:00.000Z,-43.337478970000,-21.760922950000,"Rua Djalma de Carvalho, 37"
412,PARQUE BURNIER.,10071108,12:30:00,1,19,0,19,2025-01-14T00:00:00.000Z,-43.349331860000,-21.758144610000,"Avenida Getúlio Vargas, 835"
412,PARQUE BURNIER.,10072356,12:30:00,17,0,3,14,2025-01-14T00:00:00.000Z,-43.327793950000,-21.762107030000,"Rua Natalino José de Paula, 271"
412,PARQUE BURNIER.,10073561,12:30:00,7,1,0,19,2025-01-14T00:00:00.000Z,-43.331552510000,-21.763418910000,"Rua Olga Burnier, 480"
412,PARQUE BURNIER.,10072316,12:30:00,11,0,1,18,2025-01-14T00:00:00.000Z,-43.328204750000,-21.763332370000,"Rua José Teodoro dos Santos, 145"
412,PARQUE BURNIER.,10071503,12:30:00,15,0,2,17,2025-01-14T00:00:00.000Z,-43.326207040000,-21.762717810000,"Rua Natalino José de Paula, 421"
412,PARQUE BURNIER.,10074194,13:05:00,16,8,0,24,2025-01-14T00:00:00.000Z,-43.342338620000,-21.760505960000,"Rua Ângelo Falci, 55"
412,PARQUE BURNIER.,10072302,13:05:00,15,1,1,16,2025-01-14T00:00:00.000Z,-43.338029500000,-21.760323850000,"Avenida Sete de Setembro, 623"
412,PARQUE BURNIER.,10072332,13:05:00,14,0,0,16,2025-01-14T00:00:00.000Z,-43.335533860000,-21.760131640000,"Rua São Geraldo, 89"
412,PARQUE BURNIER.,10072335,13:05:00,12,0,0,16,2025-01-14T00:00:00.000Z,-43.333453420000,-21.761562350000,"Rua Olga Burnier, 233"
412,PARQUE BURNIER.,10072382,13:05:00,11,1,1,16,2025-01-14T00:00:00.000Z,-43.332369450000,-21.762522520000,"Rua Olga Burnier, 361"
412,PARQUE BURNIER.,10072380,13:05:00,10,0,0,16,2025-01-14T00:00:00.000Z,-43.331466790000,-21.763337580000,"Rua Olga Burnier, 485"
412,PARQUE BURNIER.,10073584,13:05:00,8,3,0,17,2025-01-14T00:00:00.000Z,-43.329363350000,-21.763255450000,"Rua Adelaide Campos de Resende, 984"
412,PARQUE BURNIER.,10072386,13:05:00,7,1,0,14,2025-01-14T00:00:00.000Z,-43.328850270000,-21.762325320000,"Rua José Teodoro dos Santos, 292"
412,PARQUE BURNIER.,10072384,13:05:00,6,5,0,13,2025-01-14T00:00:00.000Z,-43.327999480000,-21.763301540000,"Rua José Teodoro dos Santos, 126"
412,PARQUE BURNIER.,10073589,13:05:00,4,4,1,9,2025-01-14T00:00:00.000Z,-43.326568960000,-21.763629600000,"Rua Adelaide Campos de Resende, 706"
412,PARQUE BURNIER.,10072362,13:05:00,3,3,0,6,2025-01-14T00:00:00.000Z,-43.327527760000,-21.762798310000,"Rua Natalino José de Paula, 310"
412,PARQUE BURNIER.,10072363,13:05:00,2,3,0,3,2025-01-14T00:00:00.000Z,-43.327885630000,-21.762179390000,"Rua Natalino José de Paula, 288"
412,PARQUE BURNIER.,10072358,13:05:00,1,0,0,0,2025-01-14T00:00:00.000Z,-43.328687310000,-21.761675740000,"Rua Natalino José de Paula, 112 - Ponto Final do Parque Burnier"
412,PARQUE BURNIER.,10072309,13:05:00,5,0,1,8,2025-01-14T00:00:00.000Z,-43.327273730000,-21.763967940000,"Rua José Teodoro dos Santos, 28"
412,PARQUE BURNIER.,10073583,13:05:00,9,0,1,16,2025-01-14T00:00:00.000Z,-43.330207820000,-21.763072230000,"Rua Adelaide Campos de Resende, 1070"
412,PARQUE BURNIER.,10071108,13:05:00,17,0,24,0,2025-01-14T00:00:00.000Z,-43.349331860000,-21.758144610000,"Avenida Getúlio Vargas, 835"
412,PARQUE BURNIER.,10072337,13:05:00,13,0,0,16,2025-01-14T00:00:00.000Z,-43.334540130000,-21.760522960000,"Rua Olga Burnier, 67"
412,PARQUE BURNIER.,10072377,13:25:00,12,0,0,12,2025-01-14T00:00:00.000Z,-43.327321890000,-21.764062650000,"Rua José Teodoro dos Santos, 25"
412,PARQUE BURNIER.,10072356,13:25:00,17,0,3,9,2025-01-14T00:00:00.000Z,-43.327793950000,-21.762107030000,"Rua Natalino José de Paula, 271"
412,PARQUE BURNIER.,10071503,13:25:00,15,0,0,12,2025-01-14T00:00:00.000Z,-43.326207040000,-21.762717810000,"Rua Natalino José de Paula, 421"
412,PARQUE BURNIER.,10072359,13:25:00,14,0,0,12,2025-01-14T00:00:00.000Z,-43.326282500000,-21.763143540000,"Rua Adelaide Campos de Resende, 651"
412,PARQUE BURNIER.,10072328,13:25:00,13,0,0,12,2025-01-14T00:00:00.000Z,-43.326450350000,-21.763683320000,"Rua Adelaide Campos de Resende, 669"
412,PARQUE BURNIER.,10072316,13:25:00,11,0,1,12,2025-01-14T00:00:00.000Z,-43.328204750000,-21.763332370000,"Rua José Teodoro dos Santos, 145"
412,PARQUE BURNIER.,10072313,13:25:00,10,0,0,13,2025-01-14T00:00:00.000Z,-43.328846690000,-21.762504770000,"Rua José Teodoro dos Santos, 275"
412,PARQUE BURNIER.,10072296,13:25:00,9,0,3,13,2025-01-14T00:00:00.000Z,-43.329374790000,-21.763440430000,"Rua Adelaide Campos de Resende, 975"
412,PARQUE BURNIER.,10073561,13:25:00,7,0,0,16,2025-01-14T00:00:00.000Z,-43.331552510000,-21.763418910000,"Rua Olga Burnier, 480"
412,PARQUE BURNIER.,10073557,13:25:00,6,0,0,16,2025-01-14T00:00:00.000Z,-43.332479840000,-21.762640710000,"Rua Olga Burnier, 356"
412,PARQUE BURNIER.,10073560,13:25:00,5,0,0,16,2025-01-14T00:00:00.000Z,-43.333589670000,-21.761652280000,"Rua Olga Burnier, 230"
412,PARQUE BURNIER.,10073552,13:25:00,3,1,0,15,2025-01-14T00:00:00.000Z,-43.335479020000,-21.760313550000,"Rua São Geraldo, 84"
412,PARQUE BURNIER.,10072305,13:25:00,2,1,1,14,2025-01-14T00:00:00.000Z,-43.337478970000,-21.760922950000,"Rua Djalma de Carvalho, 37"
412,PARQUE BURNIER.,10071108,13:25:00,1,14,0,14,2025-01-14T00:00:00.000Z,-43.349331860000,-21.758144610000,"Avenida Getúlio Vargas, 835"
412,PARQUE BURNIER.,10072358,13:25:00,18,2,0,11,2025-01-14T00:00:00.000Z,-43.328687310000,-21.761675740000,"Rua Natalino José de Paula, 112 - Ponto Final do Parque Burnier"
412,PARQUE BURNIER.,10072375,13:25:00,16,0,0,12,2025-01-14T00:00:00.000Z,-43.327420830000,-21.762727850000,"Rua Natalino José de Paula, 319"
412,PARQUE BURNIER.,10072301,13:25:00,8,0,0,16,2025-01-14T00:00:00.000Z,-43.330138330000,-21.763252970000,"Rua Adelaide Campos de Resende, 1061"
412,PARQUE BURNIER.,10073558,13:25:00,4,1,0,16,2025-01-14T00:00:00.000Z,-43.334645750000,-21.760669710000,"Rua Olga Burnier, 70"
412,PARQUE BURNIER.,10071108,14:00:00,17,0,19,2,2025-01-14T00:00:00.000Z,-43.349331860000,-21.758144610000,"Avenida Getúlio Vargas, 835"
412,PARQUE BURNIER.,10074194,14:00:00,16,11,2,21,2025-01-14T00:00:00.000Z,-43.342338620000,-21.760505960000,"Rua Ângelo Falci, 55"
412,PARQUE BURNIER.,10072302,14:00:00,15,0,2,12,2025-01-14T00:00:00.000Z,-43.338029500000,-21.760323850000,"Avenida Sete de Setembro, 623"
412,PARQUE BURNIER.,10072337,14:00:00,13,0,0,14,2025-01-14T00:00:00.000Z,-43.334540130000,-21.760522960000,"Rua Olga Burnier, 67"
412,PARQUE BURNIER.,10072335,14:00:00,12,0,0,14,2025-01-14T00:00:00.000Z,-43.333453420000,-21.761562350000,"Rua Olga Burnier, 233"
412,PARQUE BURNIER.,10072382,14:00:00,11,1,0,14,2025-01-14T00:00:00.000Z,-43.332369450000,-21.762522520000,"Rua Olga Burnier, 361"
412,PARQUE BURNIER.,10073583,14:00:00,9,0,0,13,2025-01-14T00:00:00.000Z,-43.330207820000,-21.763072230000,"Rua Adelaide Campos de Resende, 1070"
412,PARQUE BURNIER.,10073584,14:00:00,8,3,0,13,2025-01-14T00:00:00.000Z,-43.329363350000,-21.763255450000,"Rua Adelaide Campos de Resende, 984"
412,PARQUE BURNIER.,10072386,14:00:00,7,0,0,10,2025-01-14T00:00:00.000Z,-43.328850270000,-21.762325320000,"Rua José Teodoro dos Santos, 292"
412,PARQUE BURNIER.,10072309,14:00:00,5,1,0,8,2025-01-14T00:00:00.000Z,-43.327273730000,-21.763967940000,"Rua José Teodoro dos Santos, 28"
412,PARQUE BURNIER.,10073589,14:00:00,4,1,0,7,2025-01-14T00:00:00.000Z,-43.326568960000,-21.763629600000,"Rua Adelaide Campos de Resende, 706"
412,PARQUE BURNIER.,10072362,14:00:00,3,3,0,6,2025-01-14T00:00:00.000Z,-43.327527760000,-21.762798310000,"Rua Natalino José de Paula, 310"
412,PARQUE BURNIER.,10072363,14:00:00,2,3,0,3,2025-01-14T00:00:00.000Z,-43.327885630000,-21.762179390000,"Rua Natalino José de Paula, 288"
412,PARQUE BURNIER.,10072358,14:00:00,1,0,0,0,2025-01-14T00:00:00.000Z,-43.328687310000,-21.761675740000,"Rua Natalino José de Paula, 112 - Ponto Final do Parque Burnier"
412,PARQUE BURNIER.,10072384,14:00:00,6,2,0,10,2025-01-14T00:00:00.000Z,-43.327999480000,-21.763301540000,"Rua José Teodoro dos Santos, 126"
412,PARQUE BURNIER.,10072332,14:00:00,14,0,0,14,2025-01-14T00:00:00.000Z,-43.335533860000,-21.760131640000,"Rua São Geraldo, 89"
412,PARQUE BURNIER.,10072380,14:00:00,10,0,0,13,2025-01-14T00:00:00.000Z,-43.331466790000,-21.763337580000,"Rua Olga Burnier, 485"
412,PARQUE BURNIER.,10072358,14:20:00,18,7,0,19,2025-01-14T00:00:00.000Z,-43.328687310000,-21.761675740000,"Rua Natalino José de Paula, 112 - Ponto Final do Parque Burnier"
412,PARQUE BURNIER.,10072375,14:20:00,16,0,0,13,2025-01-14T00:00:00.000Z,-43.327420830000,-21.762727850000,"Rua Natalino José de Paula, 319"
412,PARQUE BURNIER.,10071503,14:20:00,15,0,2,13,2025-01-14T00:00:00.000Z,-43.326207040000,-21.762717810000,"Rua Natalino José de Paula, 421"
412,PARQUE BURNIER.,10072359,14:20:00,14,0,2,15,2025-01-14T00:00:00.000Z,-43.326282500000,-21.763143540000,"Rua Adelaide Campos de Resende, 651"
412,PARQUE BURNIER.,10072377,14:20:00,12,0,0,19,2025-01-14T00:00:00.000Z,-43.327321890000,-21.764062650000,"Rua José Teodoro dos Santos, 25"
412,PARQUE BURNIER.,10072316,14:20:00,11,0,0,19,2025-01-14T00:00:00.000Z,-43.328204750000,-21.763332370000,"Rua José Teodoro dos Santos, 145"
412,PARQUE BURNIER.,10072313,14:20:00,10,0,0,19,2025-01-14T00:00:00.000Z,-43.328846690000,-21.762504770000,"Rua José Teodoro dos Santos, 275"
412,PARQUE BURNIER.,10072301,14:20:00,8,0,0,23,2025-01-14T00:00:00.000Z,-43.330138330000,-21.763252970000,"Rua Adelaide Campos de Resende, 1061"
412,PARQUE BURNIER.,10073561,14:20:00,7,0,0,23,2025-01-14T00:00:00.000Z,-43.331552510000,-21.763418910000,"Rua Olga Burnier, 480"
412,PARQUE BURNIER.,10073557,14:20:00,6,0,0,23,2025-01-14T00:00:00.000Z,-43.332479840000,-21.762640710000,"Rua Olga Burnier, 356"
412,PARQUE BURNIER.,10073558,14:20:00,4,0,0,23,2025-01-14T00:00:00.000Z,-43.334645750000,-21.760669710000,"Rua Olga Burnier, 70"
412,PARQUE BURNIER.,10073552,14:20:00,3,0,0,23,2025-01-14T00:00:00.000Z,-43.335479020000,-21.760313550000,"Rua São Geraldo, 84"
412,PARQUE BURNIER.,10072305,14:20:00,2,1,2,23,2025-01-14T00:00:00.000Z,-43.337478970000,-21.760922950000,"Rua Djalma de Carvalho, 37"
412,PARQUE BURNIER.,10071108,14:20:00,1,24,0,24,2025-01-14T00:00:00.000Z,-43.349331860000,-21.758144610000,"Avenida Getúlio Vargas, 835"
412,PARQUE BURNIER.,10072356,14:20:00,17,0,1,12,2025-01-14T00:00:00.000Z,-43.327793950000,-21.762107030000,"Rua Natalino José de Paula, 271"
412,PARQUE BURNIER.,10073560,14:20:00,5,0,0,23,2025-01-14T00:00:00.000Z,-43.333589670000,-21.761652280000,"Rua Olga Burnier, 230"
412,PARQUE BURNIER.,10072328,14:20:00,13,0,2,17,2025-01-14T00:00:00.000Z,-43.326450350000,-21.763683320000,"Rua Adelaide Campos de Resende, 669"
412,PARQUE BURNIER.,10072296,14:20:00,9,0,4,19,2025-01-14T00:00:00.000Z,-43.329374790000,-21.763440430000,"Rua Adelaide Campos de Resende, 975"
412,PARQUE BURNIER.,10074194,14:55:00,16,7,3,16,2025-01-14T00:00:00.000Z,-43.342338620000,-21.760505960000,"Rua Ângelo Falci, 55"
412,PARQUE BURNIER.,10072332,14:55:00,14,0,0,11,2025-01-14T00:00:00.000Z,-43.335533860000,-21.760131640000,"Rua São Geraldo, 89"
412,PARQUE BURNIER.,10072337,14:55:00,13,0,0,11,2025-01-14T00:00:00.000Z,-43.334540130000,-21.760522960000,"Rua Olga Burnier, 67"
412,PARQUE BURNIER.,10072335,14:55:00,12,1,0,11,2025-01-14T00:00:00.000Z,-43.333453420000,-21.761562350000,"Rua Olga Burnier, 233"
412,PARQUE BURNIER.,10072380,14:55:00,10,0,0,10,2025-01-14T00:00:00.000Z,-43.331466790000,-21.763337580000,"Rua Olga Burnier, 485"
412,PARQUE BURNIER.,10073583,14:55:00,9,0,0,10,2025-01-14T00:00:00.000Z,-43.330207820000,-21.763072230000,"Rua Adelaide Campos de Resende, 1070"
412,PARQUE BURNIER.,10073584,14:55:00,8,3,0,10,2025-01-14T00:00:00.000Z,-43.329363350000,-21.763255450000,"Rua Adelaide Campos de Resende, 984"
412,PARQUE BURNIER.,10072384,14:55:00,6,0,0,7,2025-01-14T00:00:00.000Z,-43.327999480000,-21.763301540000,"Rua José Teodoro dos Santos, 126"
412,PARQUE BURNIER.,10072309,14:55:00,5,1,0,7,2025-01-14T00:00:00.000Z,-43.327273730000,-21.763967940000,"Rua José Teodoro dos Santos, 28"
412,PARQUE BURNIER.,10073589,14:55:00,4,3,0,6,2025-01-14T00:00:00.000Z,-43.326568960000,-21.763629600000,"Rua Adelaide Campos de Resende, 706"
412,PARQUE BURNIER.,10072362,14:55:00,3,2,0,3,2025-01-14T00:00:00.000Z,-43.327527760000,-21.762798310000,"Rua Natalino José de Paula, 310"
412,PARQUE BURNIER.,10072363,14:55:00,2,1,0,1,2025-01-14T00:00:00.000Z,-43.327885630000,-21.762179390000,"Rua Natalino José de Paula, 288"
412,PARQUE BURNIER.,10072358,14:55:00,1,0,0,0,2025-01-14T00:00:00.000Z,-43.328687310000,-21.761675740000,"Rua Natalino José de Paula, 112 - Ponto Final do Parque Burnier"
412,PARQUE BURNIER.,10071108,14:55:00,17,0,16,0,2025-01-14T00:00:00.000Z,-43.349331860000,-21.758144610000,"Avenida Getúlio Vargas, 835"
412,PARQUE BURNIER.,10072386,14:55:00,7,0,0,7,2025-01-14T00:00:00.000Z,-43.328850270000,-21.762325320000,"Rua José Teodoro dos Santos, 292"
412,PARQUE BURNIER.,10072382,14:55:00,11,0,0,10,2025-01-14T00:00:00.000Z,-43.332369450000,-21.762522520000,"Rua Olga Burnier, 361"
412,PARQUE BURNIER.,10072302,14:55:00,15,2,1,12,2025-01-14T00:00:00.000Z,-43.338029500000,-21.760323850000,"Avenida Sete de Setembro, 623"
412,PARQUE BURNIER.,10072358,15:15:00,18,2,0,9,2025-01-14T00:00:00.000Z,-43.328687310000,-21.761675740000,"Rua Natalino José de Paula, 112 - Ponto Final do Parque Burnier"
412,PARQUE BURNIER.,10072356,15:15:00,17,0,3,7,2025-01-14T00:00:00.000Z,-43.327793950000,-21.762107030000,"Rua Natalino José de Paula, 271"
412,PARQUE BURNIER.,10072375,15:15:00,16,0,0,10,2025-01-14T00:00:00.000Z,-43.327420830000,-21.762727850000,"Rua Natalino José de Paula, 319"
412,PARQUE BURNIER.,10071503,15:15:00,15,0,4,10,2025-01-14T00:00:00.000Z,-43.326207040000,-21.762717810000,"Rua Natalino José de Paula, 421"
412,PARQUE BURNIER.,10072328,15:15:00,13,0,0,14,2025-01-14T00:00:00.000Z,-43.326450350000,-21.763683320000,"Rua Adelaide Campos de Resende, 669"
412,PARQUE BURNIER.,10072377,15:15:00,12,0,0,14,2025-01-14T00:00:00.000Z,-43.327321890000,-21.764062650000,"Rua José Teodoro dos Santos, 25"
412,PARQUE BURNIER.,10072316,15:15:00,11,1,1,14,2025-01-14T00:00:00.000Z,-43.328204750000,-21.763332370000,"Rua José Teodoro dos Santos, 145"
412,PARQUE BURNIER.,10072296,15:15:00,9,0,2,13,2025-01-14T00:00:00.000Z,-43.329374790000,-21.763440430000,"Rua Adelaide Campos de Resende, 975"
412,PARQUE BURNIER.,10072301,15:15:00,8,0,0,15,2025-01-14T00:00:00.000Z,-43.330138330000,-21.763252970000,"Rua Adelaide Campos de Resende, 1061"
412,PARQUE BURNIER.,10073561,15:15:00,7,1,0,15,2025-01-14T00:00:00.000Z,-43.331552510000,-21.763418910000,"Rua Olga Burnier, 480"
412,PARQUE BURNIER.,10073557,15:15:00,6,0,0,14,2025-01-14T00:00:00.000Z,-43.332479840000,-21.762640710000,"Rua Olga Burnier, 356"
412,PARQUE BURNIER.,10073560,15:15:00,5,0,0,14,2025-01-14T00:00:00.000Z,-43.333589670000,-21.761652280000,"Rua Olga Burnier, 230"
412,PARQUE BURNIER.,10073558,15:15:00,4,0,0,14,2025-01-14T00:00:00.000Z,-43.334645750000,-21.760669710000,"Rua Olga Burnier, 70"
412,PARQUE BURNIER.,10073552,15:15:00,3,0,0,14,2025-01-14T00:00:00.000Z,-43.335479020000,-21.760313550000,"Rua São Geraldo, 84"
412,PARQUE BURNIER.,10072305,15:15:00,2,3,1,14,2025-01-14T00:00:00.000Z,-43.337478970000,-21.760922950000,"Rua Djalma de Carvalho, 37"
412,PARQUE BURNIER.,10071108,15:15:00,1,12,0,12,2025-01-14T00:00:00.000Z,-43.349331860000,-21.758144610000,"Avenida Getúlio Vargas, 835"
412,PARQUE BURNIER.,10072359,15:15:00,14,0,0,14,2025-01-14T00:00:00.000Z,-43.326282500000,-21.763143540000,"Rua Adelaide Campos de Resende, 651"
412,PARQUE BURNIER.,10072313,15:15:00,10,1,0,14,2025-01-14T00:00:00.000Z,-43.328846690000,-21.762504770000,"Rua José Teodoro dos Santos, 275"
412,PARQUE BURNIER.,10074194,15:50:00,16,14,3,18,2025-01-14T00:00:00.000Z,-43.342338620000,-21.760505960000,"Rua Ângelo Falci, 55"
412,PARQUE BURNIER.,10073589,15:50:00,4,2,0,2,2025-01-14T00:00:00.000Z,-43.326568960000,-21.763629600000,"Rua Adelaide Campos de Resende, 706"
412,PARQUE BURNIER.,10072335,15:50:00,12,0,0,8,2025-01-14T00:00:00.000Z,-43.333453420000,-21.761562350000,"Rua Olga Burnier, 233"
412,PARQUE BURNIER.,10073584,15:50:00,8,0,0,5,2025-01-14T00:00:00.000Z,-43.329363350000,-21.763255450000,"Rua Adelaide Campos de Resende, 984"
412,PARQUE BURNIER.,10071108,15:50:00,17,0,18,0,2025-01-14T00:00:00.000Z,-43.349331860000,-21.758144610000,"Avenida Getúlio Vargas, 835"
412,PARQUE BURNIER.,10072302,15:50:00,15,0,1,7,2025-01-14T00:00:00.000Z,-43.338029500000,-21.760323850000,"Avenida Sete de Setembro, 623"
412,PARQUE BURNIER.,10072332,15:50:00,14,0,0,8,2025-01-14T00:00:00.000Z,-43.335533860000,-21.760131640000,"Rua São Geraldo, 89"
412,PARQUE BURNIER.,10072337,15:50:00,13,0,0,8,2025-01-14T00:00:00.000Z,-43.334540130000,-21.760522960000,"Rua Olga Burnier, 67"
412,PARQUE BURNIER.,10072382,15:50:00,11,2,0,8,2025-01-14T00:00:00.000Z,-43.332369450000,-21.762522520000,"Rua Olga Burnier, 361"
412,PARQUE BURNIER.,10072380,15:50:00,10,1,0,6,2025-01-14T00:00:00.000Z,-43.331466790000,-21.763337580000,"Rua Olga Burnier, 485"
412,PARQUE BURNIER.,10073583,15:50:00,9,0,0,5,2025-01-14T00:00:00.000Z,-43.330207820000,-21.763072230000,"Rua Adelaide Campos de Resende, 1070"
412,PARQUE BURNIER.,10072386,15:50:00,7,0,0,5,2025-01-14T00:00:00.000Z,-43.328850270000,-21.762325320000,"Rua José Teodoro dos Santos, 292"
412,PARQUE BURNIER.,10072384,15:50:00,6,0,0,5,2025-01-14T00:00:00.000Z,-43.327999480000,-21.763301540000,"Rua José Teodoro dos Santos, 126"
412,PARQUE BURNIER.,10072309,15:50:00,5,3,0,5,2025-01-14T00:00:00.000Z,-43.327273730000,-21.763967940000,"Rua José Teodoro dos Santos, 28"
412,PARQUE BURNIER.,10072362,15:50:00,3,0,0,0,2025-01-14T00:00:00.000Z,-43.327527760000,-21.762798310000,"Rua Natalino José de Paula, 310"
412,PARQUE BURNIER.,10072363,15:50:00,2,0,0,0,2025-01-14T00:00:00.000Z,-43.327885630000,-21.762179390000,"Rua Natalino José de Paula, 288"
412,PARQUE BURNIER.,10072358,15:50:00,1,0,0,0,2025-01-14T00:00:00.000Z,-43.328687310000,-21.761675740000,"Rua Natalino José de Paula, 112 - Ponto Final do Parque Burnier"
412,PARQUE BURNIER.,10073552,16:10:00,3,0,0,36,2025-01-14T00:00:00.000Z,-43.335479020000,-21.760313550000,"Rua São Geraldo, 84"
412,PARQUE BURNIER.,10073561,16:10:00,7,0,0,33,2025-01-14T00:00:00.000Z,-43.331552510000,-21.763418910000,"Rua Olga Burnier, 480"
412,PARQUE BURNIER.,10072316,16:10:00,11,0,1,20,2025-01-14T00:00:00.000Z,-43.328204750000,-21.763332370000,"Rua José Teodoro dos Santos, 145"
412,PARQUE BURNIER.,10072356,16:10:00,17,1,1,1,2025-01-14T00:00:00.000Z,-43.327793950000,-21.762107030000,"Rua Natalino José de Paula, 271"
412,PARQUE BURNIER.,10071503,16:10:00,15,0,0,0,2025-01-14T00:00:00.000Z,-43.326207040000,-21.762717810000,"Rua Natalino José de Paula, 421"
412,PARQUE BURNIER.,10072358,16:10:00,18,0,1,0,2025-01-14T00:00:00.000Z,-43.328687310000,-21.761675740000,"Rua Natalino José de Paula, 112 - Ponto Final do Parque Burnier"
412,PARQUE BURNIER.,10072375,16:10:00,16,1,0,1,2025-01-14T00:00:00.000Z,-43.327420830000,-21.762727850000,"Rua Natalino José de Paula, 319"
412,PARQUE BURNIER.,10072359,16:10:00,14,0,0,0,2025-01-14T00:00:00.000Z,-43.326282500000,-21.763143540000,"Rua Adelaide Campos de Resende, 651"
412,PARQUE BURNIER.,10072328,16:10:00,13,0,18,0,2025-01-14T00:00:00.000Z,-43.326450350000,-21.763683320000,"Rua Adelaide Campos de Resende, 669"
412,PARQUE BURNIER.,10072377,16:10:00,12,0,2,18,2025-01-14T00:00:00.000Z,-43.327321890000,-21.764062650000,"Rua José Teodoro dos Santos, 25"
412,PARQUE BURNIER.,10072313,16:10:00,10,0,5,21,2025-01-14T00:00:00.000Z,-43.328846690000,-21.762504770000,"Rua José Teodoro dos Santos, 275"
412,PARQUE BURNIER.,10072296,16:10:00,9,0,6,26,2025-01-14T00:00:00.000Z,-43.329374790000,-21.763440430000,"Rua Adelaide Campos de Resende, 975"
412,PARQUE BURNIER.,10072301,16:10:00,8,0,1,32,2025-01-14T00:00:00.000Z,-43.330138330000,-21.763252970000,"Rua Adelaide Campos de Resende, 1061"
412,PARQUE BURNIER.,10073557,16:10:00,6,0,2,33,2025-01-14T00:00:00.000Z,-43.332479840000,-21.762640710000,"Rua Olga Burnier, 356"
412,PARQUE BURNIER.,10073560,16:10:00,5,0,0,35,2025-01-14T00:00:00.000Z,-43.333589670000,-21.761652280000,"Rua Olga Burnier, 230"
412,PARQUE BURNIER.,10073558,16:10:00,4,0,1,35,2025-01-14T00:00:00.000Z,-43.334645750000,-21.760669710000,"Rua Olga Burnier, 70"
412,PARQUE BURNIER.,10072305,16:10:00,2,2,0,36,2025-01-14T00:00:00.000Z,-43.337478970000,-21.760922950000,"Rua Djalma de Carvalho, 37"
412,PARQUE BURNIER.,10071108,16:10:00,1,34,0,34,2025-01-14T00:00:00.000Z,-43.349331860000,-21.758144610000,"Avenida Getúlio Vargas, 835"
412,PARQUE BURNIER.,10071108,16:45:00,17,0,20,0,2025-01-14T00:00:00.000Z,-43.349331860000,-21.758144610000,"Avenida Getúlio Vargas, 835"
412,PARQUE BURNIER.,10072309,16:45:00,5,1,0,3,2025-01-14T00:00:00.000Z,-43.327273730000,-21.763967940000,"Rua José Teodoro dos Santos, 28"
412,PARQUE BURNIER.,10072337,16:45:00,13,0,0,5,2025-01-14T00:00:00.000Z,-43.334540130000,-21.760522960000,"Rua Olga Burnier, 67"
412,PARQUE BURNIER.,10073583,16:45:00,9,0,0,5,2025-01-14T00:00:00.000Z,-43.330207820000,-21.763072230000,"Rua Adelaide Campos de Resende, 1070"
412,PARQUE BURNIER.,10074194,16:45:00,16,15,0,20,2025-01-14T00:00:00.000Z,-43.342338620000,-21.760505960000,"Rua Ângelo Falci, 55"
412,PARQUE BURNIER.,10072302,16:45:00,15,0,1,5,2025-01-14T00:00:00.000Z,-43.338029500000,-21.760323850000,"Avenida Sete de Setembro, 623"
412,PARQUE BURNIER.,10072332,16:45:00,14,1,0,6,2025-01-14T00:00:00.000Z,-43.335533860000,-21.760131640000,"Rua São Geraldo, 89"
412,PARQUE BURNIER.,10072335,16:45:00,12,0,0,5,2025-01-14T00:00:00.000Z,-43.333453420000,-21.761562350000,"Rua Olga Burnier, 233"
412,PARQUE BURNIER.,10072382,16:45:00,11,0,0,5,2025-01-14T00:00:00.000Z,-43.332369450000,-21.762522520000,"Rua Olga Burnier, 361"
412,PARQUE BURNIER.,10072380,16:45:00,10,0,0,5,2025-01-14T00:00:00.000Z,-43.331466790000,-21.763337580000,"Rua Olga Burnier, 485"
412,PARQUE BURNIER.,10073584,16:45:00,8,0,0,5,2025-01-14T00:00:00.000Z,-43.329363350000,-21.763255450000,"Rua Adelaide Campos de Resende, 984"
412,PARQUE BURNIER.,10072386,16:45:00,7,2,0,5,2025-01-14T00:00:00.000Z,-43.328850270000,-21.762325320000,"Rua José Teodoro dos Santos, 292"
412,PARQUE BURNIER.,10072384,16:45:00,6,0,0,3,2025-01-14T00:00:00.000Z,-43.327999480000,-21.763301540000,"Rua José Teodoro dos Santos, 126"
412,PARQUE BURNIER.,10073589,16:45:00,4,1,0,2,2025-01-14T00:00:00.000Z,-43.326568960000,-21.763629600000,"Rua Adelaide Campos de Resende, 706"
412,PARQUE BURNIER.,10072362,16:45:00,3,1,0,1,2025-01-14T00:00:00.000Z,-43.327527760000,-21.762798310000,"Rua Natalino José de Paula, 310"
412,PARQUE BURNIER.,10072363,16:45:00,2,0,0,0,2025-01-14T00:00:00.000Z,-43.327885630000,-21.762179390000,"Rua Natalino José de Paula, 288"
412,PARQUE BURNIER.,10072358,16:45:00,1,0,0,0,2025-01-14T00:00:00.000Z,-43.328687310000,-21.761675740000,"Rua Natalino José de Paula, 112 - Ponto Final do Parque Burnier"
412,PARQUE BURNIER.,10072358,17:05:00,18,6,0,7,2025-01-14T00:00:00.000Z,-43.328687310000,-21.761675740000,"Rua Natalino José de Paula, 112 - Ponto Final do Parque Burnier"
412,PARQUE BURNIER.,10072301,17:05:00,8,0,0,3,2025-01-14T00:00:00.000Z,-43.330138330000,-21.763252970000,"Rua Adelaide Campos de Resende, 1061"
412,PARQUE BURNIER.,10073558,17:05:00,4,0,0,3,2025-01-14T00:00:00.000Z,-43.334645750000,-21.760669710000,"Rua Olga Burnier, 70"
412,PARQUE BURNIER.,10072375,17:05:00,16,0,1,0,2025-01-14T00:00:00.000Z,-43.327420830000,-21.762727850000,"Rua Natalino José de Paula, 319"
412,PARQUE BURNIER.,10072377,17:05:00,12,0,0,3,2025-01-14T00:00:00.000Z,-43.327321890000,-21.764062650000,"Rua José Teodoro dos Santos, 25"
412,PARQUE BURNIER.,10072356,17:05:00,17,1,0,1,2025-01-14T00:00:00.000Z,-43.327793950000,-21.762107030000,"Rua Natalino José de Paula, 271"
412,PARQUE BURNIER.,10071503,17:05:00,15,0,2,1,2025-01-14T00:00:00.000Z,-43.326207040000,-21.762717810000,"Rua Natalino José de Paula, 421"
412,PARQUE BURNIER.,10072359,17:05:00,14,0,0,3,2025-01-14T00:00:00.000Z,-43.326282500000,-21.763143540000,"Rua Adelaide Campos de Resende, 651"
412,PARQUE BURNIER.,10072328,17:05:00,13,0,0,3,2025-01-14T00:00:00.000Z,-43.326450350000,-21.763683320000,"Rua Adelaide Campos de Resende, 669"
412,PARQUE BURNIER.,10072316,17:05:00,11,0,0,3,2025-01-14T00:00:00.000Z,-43.328204750000,-21.763332370000,"Rua José Teodoro dos Santos, 145"
412,PARQUE BURNIER.,10072313,17:05:00,10,0,0,3,2025-01-14T00:00:00.000Z,-43.328846690000,-21.762504770000,"Rua José Teodoro dos Santos, 275"
412,PARQUE BURNIER.,10072296,17:05:00,9,0,0,3,2025-01-14T00:00:00.000Z,-43.329374790000,-21.763440430000,"Rua Adelaide Campos de Resende, 975"
412,PARQUE BURNIER.,10073561,17:05:00,7,1,1,3,2025-01-14T00:00:00.000Z,-43.331552510000,-21.763418910000,"Rua Olga Burnier, 480"
412,PARQUE BURNIER.,10073557,17:05:00,6,0,0,3,2025-01-14T00:00:00.000Z,-43.332479840000,-21.762640710000,"Rua Olga Burnier, 356"
412,PARQUE BURNIER.,10073560,17:05:00,5,0,0,3,2025-01-14T00:00:00.000Z,-43.333589670000,-21.761652280000,"Rua Olga Burnier, 230"
412,PARQUE BURNIER.,10073552,17:05:00,3,0,0,3,2025-01-14T00:00:00.000Z,-43.335479020000,-21.760313550000,"Rua São Geraldo, 84"
412,PARQUE BURNIER.,10072305,17:05:00,2,2,0,3,2025-01-14T00:00:00.000Z,-43.337478970000,-21.760922950000,"Rua Djalma de Carvalho, 37"
412,PARQUE BURNIER.,10071108,17:05:00,1,1,0,1,2025-01-14T00:00:00.000Z,-43.349331860000,-21.758144610000,"Avenida Getúlio Vargas, 835"
412,PARQUE BURNIER.,10074194,17:40:00,16,13,2,20,2025-01-14T00:00:00.000Z,-43.342338620000,-21.760505960000,"Rua Ângelo Falci, 55"
412,PARQUE BURNIER.,10072384,17:40:00,6,1,0,6,2025-01-14T00:00:00.000Z,-43.327999480000,-21.763301540000,"Rua José Teodoro dos Santos, 126"
412,PARQUE BURNIER.,10072380,17:40:00,10,0,0,9,2025-01-14T00:00:00.000Z,-43.331466790000,-21.763337580000,"Rua Olga Burnier, 485"
412,PARQUE BURNIER.,10072332,17:40:00,14,0,0,9,2025-01-14T00:00:00.000Z,-43.335533860000,-21.760131640000,"Rua São Geraldo, 89"
412,PARQUE BURNIER.,10071108,17:40:00,17,0,20,0,2025-01-14T00:00:00.000Z,-43.349331860000,-21.758144610000,"Avenida Getúlio Vargas, 835"
412,PARQUE BURNIER.,10072302,17:40:00,15,1,1,9,2025-01-14T00:00:00.000Z,-43.338029500000,-21.760323850000,"Avenida Sete de Setembro, 623"
412,PARQUE BURNIER.,10072337,17:40:00,13,0,0,9,2025-01-14T00:00:00.000Z,-43.334540130000,-21.760522960000,"Rua Olga Burnier, 67"
412,PARQUE BURNIER.,10072335,17:40:00,12,0,0,9,2025-01-14T00:00:00.000Z,-43.333453420000,-21.761562350000,"Rua Olga Burnier, 233"
412,PARQUE BURNIER.,10072382,17:40:00,11,0,0,9,2025-01-14T00:00:00.000Z,-43.332369450000,-21.762522520000,"Rua Olga Burnier, 361"
412,PARQUE BURNIER.,10073583,17:40:00,9,0,0,9,2025-01-14T00:00:00.000Z,-43.330207820000,-21.763072230000,"Rua Adelaide Campos de Resende, 1070"
412,PARQUE BURNIER.,10073584,17:40:00,8,2,0,9,2025-01-14T00:00:00.000Z,-43.329363350000,-21.763255450000,"Rua Adelaide Campos de Resende, 984"
412,PARQUE BURNIER.,10072386,17:40:00,7,1,0,7,2025-01-14T00:00:00.000Z,-43.328850270000,-21.762325320000,"Rua José Teodoro dos Santos, 292"
412,PARQUE BURNIER.,10072309,17:40:00,5,2,0,5,2025-01-14T00:00:00.000Z,-43.327273730000,-21.763967940000,"Rua José Teodoro dos Santos, 28"
412,PARQUE BURNIER.,10073589,17:40:00,4,0,0,3,2025-01-14T00:00:00.000Z,-43.326568960000,-21.763629600000,"Rua Adelaide Campos de Resende, 706"
412,PARQUE BURNIER.,10072362,17:40:00,3,2,0,3,2025-01-14T00:00:00.000Z,-43.327527760000,-21.762798310000,"Rua Natalino José de Paula, 310"
412,PARQUE BURNIER.,10072363,17:40:00,2,1,0,1,2025-01-14T00:00:00.000Z,-43.327885630000,-21.762179390000,"Rua Natalino José de Paula, 288"
412,PARQUE BURNIER.,10072358,17:40:00,1,0,0,0,2025-01-14T00:00:00.000Z,-43.328687310000,-21.761675740000,"Rua Natalino José de Paula, 112 - Ponto Final do Parque Burnier"
412,PARQUE BURNIER.,10072356,18:00:00,17,0,1,12,2025-01-14T00:00:00.000Z,-43.327793950000,-21.762107030000,"Rua Natalino José de Paula, 271"
412,PARQUE BURNIER.,10073560,18:00:00,5,1,0,18,2025-01-14T00:00:00.000Z,-43.333589670000,-21.761652280000,"Rua Olga Burnier, 230"
412,PARQUE BURNIER.,10072296,18:00:00,9,0,3,15,2025-01-14T00:00:00.000Z,-43.329374790000,-21.763440430000,"Rua Adelaide Campos de Resende, 975"
412,PARQUE BURNIER.,10072328,18:00:00,13,0,2,13,2025-01-14T00:00:00.000Z,-43.326450350000,-21.763683320000,"Rua Adelaide Campos de Resende, 669"
412,PARQUE BURNIER.,10072358,18:00:00,18,2,0,14,2025-01-14T00:00:00.000Z,-43.328687310000,-21.761675740000,"Rua Natalino José de Paula, 112 - Ponto Final do Parque Burnier"
412,PARQUE BURNIER.,10072375,18:00:00,16,0,0,13,2025-01-14T00:00:00.000Z,-43.327420830000,-21.762727850000,"Rua Natalino José de Paula, 319"
412,PARQUE BURNIER.,10071503,18:00:00,15,1,0,13,2025-01-14T00:00:00.000Z,-43.326207040000,-21.762717810000,"Rua Natalino José de Paula, 421"
412,PARQUE BURNIER.,10072359,18:00:00,14,1,2,12,2025-01-14T00:00:00.000Z,-43.326282500000,-21.763143540000,"Rua Adelaide Campos de Resende, 651"
412,PARQUE BURNIER.,10072377,18:00:00,12,0,0,15,2025-01-14T00:00:00.000Z,-43.327321890000,-21.764062650000,"Rua José Teodoro dos Santos, 25"
412,PARQUE BURNIER.,10072316,18:00:00,11,0,0,15,2025-01-14T00:00:00.000Z,-43.328204750000,-21.763332370000,"Rua José Teodoro dos Santos, 145"
412,PARQUE BURNIER.,10072313,18:00:00,10,0,0,15,2025-01-14T00:00:00.000Z,-43.328846690000,-21.762504770000,"Rua José Teodoro dos Santos, 275"
412,PARQUE BURNIER.,10072301,18:00:00,8,0,0,18,2025-01-14T00:00:00.000Z,-43.330138330000,-21.763252970000,"Rua Adelaide Campos de Resende, 1061"
412,PARQUE BURNIER.,10073561,18:00:00,7,0,0,18,2025-01-14T00:00:00.000Z,-43.331552510000,-21.763418910000,"Rua Olga Burnier, 480"
412,PARQUE BURNIER.,10073557,18:00:00,6,0,0,18,2025-01-14T00:00:00.000Z,-43.332479840000,-21.762640710000,"Rua Olga Burnier, 356"
412,PARQUE BURNIER.,10073558,18:00:00,4,0,0,17,2025-01-14T00:00:00.000Z,-43.334645750000,-21.760669710000,"Rua Olga Burnier, 70"
412,PARQUE BURNIER.,10073552,18:00:00,3,0,0,17,2025-01-14T00:00:00.000Z,-43.335479020000,-21.760313550000,"Rua São Geraldo, 84"
412,PARQUE BURNIER.,10072305,18:00:00,2,2,2,17,2025-01-14T00:00:00.000Z,-43.337478970000,-21.760922950000,"Rua Djalma de Carvalho, 37"
412,PARQUE BURNIER.,10071108,18:00:00,1,17,0,17,2025-01-14T00:00:00.000Z,-43.349331860000,-21.758144610000,"Avenida Getúlio Vargas, 835"
412,PARQUE BURNIER.,10071108,18:35:00,17,0,21,0,2025-01-14T00:00:00.000Z,-43.349331860000,-21.758144610000,"Avenida Getúlio Vargas, 835"
412,PARQUE BURNIER.,10072302,18:35:00,15,1,1,4,2025-01-14T00:00:00.000Z,-43.338029500000,-21.760323850000,"Avenida Sete de Setembro, 623"
412,PARQUE BURNIER.,10072386,18:35:00,7,0,0,4,2025-01-14T00:00:00.000Z,-43.328850270000,-21.762325320000,"Rua José Teodoro dos Santos, 292"
412,PARQUE BURNIER.,10072382,18:35:00,11,0,0,4,2025-01-14T00:00:00.000Z,-43.332369450000,-21.762522520000,"Rua Olga Burnier, 361"
412,PARQUE BURNIER.,10072362,18:35:00,3,0,0,3,2025-01-14T00:00:00.000Z,-43.327527760000,-21.762798310000,"Rua Natalino José de Paula, 310"
412,PARQUE BURNIER.,10074194,18:35:00,16,18,1,21,2025-01-14T00:00:00.000Z,-43.342338620000,-21.760505960000,"Rua Ângelo Falci, 55"
412,PARQUE BURNIER.,10072332,18:35:00,14,0,0,4,2025-01-14T00:00:00.000Z,-43.335533860000,-21.760131640000,"Rua São Geraldo, 89"
412,PARQUE BURNIER.,10072337,18:35:00,13,0,0,4,2025-01-14T00:00:00.000Z,-43.334540130000,-21.760522960000,"Rua Olga Burnier, 67"
412,PARQUE BURNIER.,10072335,18:35:00,12,0,0,4,2025-01-14T00:00:00.000Z,-43.333453420000,-21.761562350000,"Rua Olga Burnier, 233"
412,PARQUE BURNIER.,10072380,18:35:00,10,0,0,4,2025-01-14T00:00:00.000Z,-43.331466790000,-21.763337580000,"Rua Olga Burnier, 485"
412,PARQUE BURNIER.,10073583,18:35:00,9,0,0,4,2025-01-14T00:00:00.000Z,-43.330207820000,-21.763072230000,"Rua Adelaide Campos de Resende, 1070"
412,PARQUE BURNIER.,10073584,18:35:00,8,0,0,4,2025-01-14T00:00:00.000Z,-43.329363350000,-21.763255450000,"Rua Adelaide Campos de Resende, 984"
412,PARQUE BURNIER.,10072384,18:35:00,6,1,0,4,2025-01-14T00:00:00.000Z,-43.327999480000,-21.763301540000,"Rua José Teodoro dos Santos, 126"
412,PARQUE BURNIER.,10072309,18:35:00,5,0,0,3,2025-01-14T00:00:00.000Z,-43.327273730000,-21.763967940000,"Rua José Teodoro dos Santos, 28"
412,PARQUE BURNIER.,10073589,18:35:00,4,0,0,3,2025-01-14T00:00:00.000Z,-43.326568960000,-21.763629600000,"Rua Adelaide Campos de Resende, 706"
412,PARQUE BURNIER.,10072363,18:35:00,2,3,0,3,2025-01-14T00:00:00.000Z,-43.327885630000,-21.762179390000,"Rua Natalino José de Paula, 288"
412,PARQUE BURNIER.,10072358,18:35:00,1,0,0,0,2025-01-14T00:00:00.000Z,-43.328687310000,-21.761675740000,"Rua Natalino José de Paula, 112 - Ponto Final do Parque Burnier"
412,PARQUE BURNIER.,10072358,18:55:00,18,0,0,5,2025-01-14T00:00:00.000Z,-43.328687310000,-21.761675740000,"Rua Natalino José de Paula, 112 - Ponto Final do Parque Burnier"
412,PARQUE BURNIER.,10073557,18:55:00,6,0,0,8,2025-01-14T00:00:00.000Z,-43.332479840000,-21.762640710000,"Rua Olga Burnier, 356"
412,PARQUE BURNIER.,10072359,18:55:00,14,0,0,8,2025-01-14T00:00:00.000Z,-43.326282500000,-21.763143540000,"Rua Adelaide Campos de Resende, 651"
412,PARQUE BURNIER.,10072313,18:55:00,10,0,0,8,2025-01-14T00:00:00.000Z,-43.328846690000,-21.762504770000,"Rua José Teodoro dos Santos, 275"
412,PARQUE BURNIER.,10072356,18:55:00,17,0,1,5,2025-01-14T00:00:00.000Z,-43.327793950000,-21.762107030000,"Rua Natalino José de Paula, 271"
412,PARQUE BURNIER.,10072375,18:55:00,16,1,1,6,2025-01-14T00:00:00.000Z,-43.327420830000,-21.762727850000,"Rua Natalino José de Paula, 319"
412,PARQUE BURNIER.,10071503,18:55:00,15,0,2,6,2025-01-14T00:00:00.000Z,-43.326207040000,-21.762717810000,"Rua Natalino José de Paula, 421"
412,PARQUE BURNIER.,10072328,18:55:00,13,0,0,8,2025-01-14T00:00:00.000Z,-43.326450350000,-21.763683320000,"Rua Adelaide Campos de Resende, 669"
412,PARQUE BURNIER.,10072377,18:55:00,12,0,0,8,2025-01-14T00:00:00.000Z,-43.327321890000,-21.764062650000,"Rua José Teodoro dos Santos, 25"
412,PARQUE BURNIER.,10072316,18:55:00,11,0,0,8,2025-01-14T00:00:00.000Z,-43.328204750000,-21.763332370000,"Rua José Teodoro dos Santos, 145"
412,PARQUE BURNIER.,10072296,18:55:00,9,0,0,8,2025-01-14T00:00:00.000Z,-43.329374790000,-21.763440430000,"Rua Adelaide Campos de Resende, 975"
412,PARQUE BURNIER.,10072301,18:55:00,8,1,0,8,2025-01-14T00:00:00.000Z,-43.330138330000,-21.763252970000,"Rua Adelaide Campos de Resende, 1061"
412,PARQUE BURNIER.,10073561,18:55:00,7,0,1,7,2025-01-14T00:00:00.000Z,-43.331552510000,-21.763418910000,"Rua Olga Burnier, 480"
412,PARQUE BURNIER.,10073560,18:55:00,5,0,0,8,2025-01-14T00:00:00.000Z,-43.333589670000,-21.761652280000,"Rua Olga Burnier, 230"
412,PARQUE BURNIER.,10073558,18:55:00,4,0,0,8,2025-01-14T00:00:00.000Z,-43.334645750000,-21.760669710000,"Rua Olga Burnier, 70"
412,PARQUE BURNIER.,10073552,18:55:00,3,0,0,8,2025-01-14T00:00:00.000Z,-43.335479020000,-21.760313550000,"Rua São Geraldo, 84"
412,PARQUE BURNIER.,10072305,18:55:00,2,1,0,8,2025-01-14T00:00:00.000Z,-43.337478970000,-21.760922950000,"Rua Djalma de Carvalho, 37"
412,PARQUE BURNIER.,10071108,18:55:00,1,7,0,7,2025-01-14T00:00:00.000Z,-43.349331860000,-21.758144610000,"Avenida Getúlio Vargas, 835"
412,PARQUE BURNIER.,10074194,19:30:00,16,20,2,27,2025-01-14T00:00:00.000Z,-43.342338620000,-21.760505960000,"Rua Ângelo Falci, 55"
412,PARQUE BURNIER.,10073589,19:30:00,4,2,0,3,2025-01-14T00:00:00.000Z,-43.326568960000,-21.763629600000,"Rua Adelaide Campos de Resende, 706"
412,PARQUE BURNIER.,10072335,19:30:00,12,0,0,8,2025-01-14T00:00:00.000Z,-43.333453420000,-21.761562350000,"Rua Olga Burnier, 233"
412,PARQUE BURNIER.,10073584,19:30:00,8,5,0,8,2025-01-14T00:00:00.000Z,-43.329363350000,-21.763255450000,"Rua Adelaide Campos de Resende, 984"
412,PARQUE BURNIER.,10071108,19:30:00,17,0,20,7,2025-01-14T00:00:00.000Z,-43.349331860000,-21.758144610000,"Avenida Getúlio Vargas, 835"
412,PARQUE BURNIER.,10072302,19:30:00,15,2,1,9,2025-01-14T00:00:00.000Z,-43.338029500000,-21.760323850000,"Avenida Sete de Setembro, 623"
412,PARQUE BURNIER.,10072332,19:30:00,14,0,0,8,2025-01-14T00:00:00.000Z,-43.335533860000,-21.760131640000,"Rua São Geraldo, 89"
412,PARQUE BURNIER.,10072337,19:30:00,13,0,0,8,2025-01-14T00:00:00.000Z,-43.334540130000,-21.760522960000,"Rua Olga Burnier, 67"
412,PARQUE BURNIER.,10072382,19:30:00,11,0,0,8,2025-01-14T00:00:00.000Z,-43.332369450000,-21.762522520000,"Rua Olga Burnier, 361"
412,PARQUE BURNIER.,10072380,19:30:00,10,0,0,8,2025-01-14T00:00:00.000Z,-43.331466790000,-21.763337580000,"Rua Olga Burnier, 485"
412,PARQUE BURNIER.,10073583,19:30:00,9,0,0,8,2025-01-14T00:00:00.000Z,-43.330207820000,-21.763072230000,"Rua Adelaide Campos de Resende, 1070"
412,PARQUE BURNIER.,10072386,19:30:00,7,0,0,3,2025-01-14T00:00:00.000Z,-43.328850270000,-21.762325320000,"Rua José Teodoro dos Santos, 292"
412,PARQUE BURNIER.,10072384,19:30:00,6,0,0,3,2025-01-14T00:00:00.000Z,-43.327999480000,-21.763301540000,"Rua José Teodoro dos Santos, 126"
412,PARQUE BURNIER.,10072309,19:30:00,5,0,0,3,2025-01-14T00:00:00.000Z,-43.327273730000,-21.763967940000,"Rua José Teodoro dos Santos, 28"
412,PARQUE BURNIER.,10072362,19:30:00,3,0,0,1,2025-01-14T00:00:00.000Z,-43.327527760000,-21.762798310000,"Rua Natalino José de Paula, 310"
412,PARQUE BURNIER.,10072363,19:30:00,2,1,0,1,2025-01-14T00:00:00.000Z,-43.327885630000,-21.762179390000,"Rua Natalino José de Paula, 288"
412,PARQUE BURNIER.,10072358,19:30:00,1,0,0,0,2025-01-14T00:00:00.000Z,-43.328687310000,-21.761675740000,"Rua Natalino José de Paula, 112 - Ponto Final do Parque Burnier"
412,PARQUE BURNIER.,10073552,19:50:00,3,0,0,31,2025-01-14T00:00:00.000Z,-43.335479020000,-21.760313550000,"Rua São Geraldo, 84"
412,PARQUE BURNIER.,10073561,19:50:00,7,0,0,30,2025-01-14T00:00:00.000Z,-43.331552510000,-21.763418910000,"Rua Olga Burnier, 480"
412,PARQUE BURNIER.,10072316,19:50:00,11,0,1,22,2025-01-14T00:00:00.000Z,-43.328204750000,-21.763332370000,"Rua José Teodoro dos Santos, 145"
412,PARQUE BURNIER.,10071503,19:50:00,15,0,0,0,2025-01-14T00:00:00.000Z,-43.326207040000,-21.762717810000,"Rua Natalino José de Paula, 421"
412,PARQUE BURNIER.,10072356,19:50:00,17,1,0,1,2025-01-14T00:00:00.000Z,-43.327793950000,-21.762107030000,"Rua Natalino José de Paula, 271"
412,PARQUE BURNIER.,10072358,19:50:00,18,0,1,0,2025-01-14T00:00:00.000Z,-43.328687310000,-21.761675740000,"Rua Natalino José de Paula, 112 - Ponto Final do Parque Burnier"
412,PARQUE BURNIER.,10072375,19:50:00,16,0,0,0,2025-01-14T00:00:00.000Z,-43.327420830000,-21.762727850000,"Rua Natalino José de Paula, 319"
412,PARQUE BURNIER.,10072359,19:50:00,14,0,8,0,2025-01-14T00:00:00.000Z,-43.326282500000,-21.763143540000,"Rua Adelaide Campos de Resende, 651"
412,PARQUE BURNIER.,10072328,19:50:00,13,1,11,8,2025-01-14T00:00:00.000Z,-43.326450350000,-21.763683320000,"Rua Adelaide Campos de Resende, 669"
412,PARQUE BURNIER.,10072377,19:50:00,12,0,4,18,2025-01-14T00:00:00.000Z,-43.327321890000,-21.764062650000,"Rua José Teodoro dos Santos, 25"
412,PARQUE BURNIER.,10072313,19:50:00,10,0,2,23,2025-01-14T00:00:00.000Z,-43.328846690000,-21.762504770000,"Rua José Teodoro dos Santos, 275"
412,PARQUE BURNIER.,10072296,19:50:00,9,0,5,25,2025-01-14T00:00:00.000Z,-43.329374790000,-21.763440430000,"Rua Adelaide Campos de Resende, 975"
412,PARQUE BURNIER.,10072301,19:50:00,8,1,1,30,2025-01-14T00:00:00.000Z,-43.330138330000,-21.763252970000,"Rua Adelaide Campos de Resende, 1061"
412,PARQUE BURNIER.,10073557,19:50:00,6,1,1,30,2025-01-14T00:00:00.000Z,-43.332479840000,-21.762640710000,"Rua Olga Burnier, 356"
412,PARQUE BURNIER.,10073560,19:50:00,5,0,0,30,2025-01-14T00:00:00.000Z,-43.333589670000,-21.761652280000,"Rua Olga Burnier, 230"
412,PARQUE BURNIER.,10073558,19:50:00,4,0,1,30,2025-01-14T00:00:00.000Z,-43.334645750000,-21.760669710000,"Rua Olga Burnier, 70"
412,PARQUE BURNIER.,10072305,19:50:00,2,1,0,31,2025-01-14T00:00:00.000Z,-43.337478970000,-21.760922950000,"Rua Djalma de Carvalho, 37"
412,PARQUE BURNIER.,10071108,19:50:00,1,30,0,30,2025-01-14T00:00:00.000Z,-43.349331860000,-21.758144610000,"Avenida Getúlio Vargas, 835"
412,PARQUE BURNIER.,10074194,20:25:00,16,8,0,8,2025-01-14T00:00:00.000Z,-43.342338620000,-21.760505960000,"Rua Ângelo Falci, 55"
412,PARQUE BURNIER.,10072302,20:25:00,15,0,1,0,2025-01-14T00:00:00.000Z,-43.338029500000,-21.760323850000,"Avenida Sete de Setembro, 623"
412,PARQUE BURNIER.,10072332,20:25:00,14,0,0,1,2025-01-14T00:00:00.000Z,-43.335533860000,-21.760131640000,"Rua São Geraldo, 89"
412,PARQUE BURNIER.,10072335,20:25:00,12,0,0,1,2025-01-14T00:00:00.000Z,-43.333453420000,-21.761562350000,"Rua Olga Burnier, 233"
412,PARQUE BURNIER.,10072382,20:25:00,11,0,0,1,2025-01-14T00:00:00.000Z,-43.332369450000,-21.762522520000,"Rua Olga Burnier, 361"
412,PARQUE BURNIER.,10072380,20:25:00,10,1,0,1,2025-01-14T00:00:00.000Z,-43.331466790000,-21.763337580000,"Rua Olga Burnier, 485"
412,PARQUE BURNIER.,10073584,20:25:00,8,0,0,1,2025-01-14T00:00:00.000Z,-43.329363350000,-21.763255450000,"Rua Adelaide Campos de Resende, 984"
412,PARQUE BURNIER.,10072386,20:25:00,7,0,0,1,2025-01-14T00:00:00.000Z,-43.328850270000,-21.762325320000,"Rua José Teodoro dos Santos, 292"
412,PARQUE BURNIER.,10072384,20:25:00,6,0,0,1,2025-01-14T00:00:00.000Z,-43.327999480000,-21.763301540000,"Rua José Teodoro dos Santos, 126"
412,PARQUE BURNIER.,10073589,20:25:00,4,0,0,1,2025-01-14T00:00:00.000Z,-43.326568960000,-21.763629600000,"Rua Adelaide Campos de Resende, 706"
412,PARQUE BURNIER.,10072362,20:25:00,3,1,0,1,2025-01-14T00:00:00.000Z,-43.327527760000,-21.762798310000,"Rua Natalino José de Paula, 310"
412,PARQUE BURNIER.,10072363,20:25:00,2,0,0,0,2025-01-14T00:00:00.000Z,-43.327885630000,-21.762179390000,"Rua Natalino José de Paula, 288"
412,PARQUE BURNIER.,10072358,20:25:00,1,0,0,0,2025-01-14T00:00:00.000Z,-43.328687310000,-21.761675740000,"Rua Natalino José de Paula, 112 - Ponto Final do Parque Burnier"
412,PARQUE BURNIER.,10072337,20:25:00,13,0,0,1,2025-01-14T00:00:00.000Z,-43.334540130000,-21.760522960000,"Rua Olga Burnier, 67"
412,PARQUE BURNIER.,10071108,20:25:00,17,0,6,2,2025-01-14T00:00:00.000Z,-43.349331860000,-21.758144610000,"Avenida Getúlio Vargas, 835"
412,PARQUE BURNIER.,10073583,20:25:00,9,0,1,0,2025-01-14T00:00:00.000Z,-43.330207820000,-21.763072230000,"Rua Adelaide Campos de Resende, 1070"
412,PARQUE BURNIER.,10072309,20:25:00,5,0,0,1,2025-01-14T00:00:00.000Z,-43.327273730000,-21.763967940000,"Rua José Teodoro dos Santos, 28"
412,PARQUE BURNIER.,10072356,20:45:00,17,1,1,4,2025-01-14T00:00:00.000Z,-43.327793950000,-21.762107030000,"Rua Natalino José de Paula, 271"
412,PARQUE BURNIER.,10071503,20:45:00,15,0,0,8,2025-01-14T00:00:00.000Z,-43.326207040000,-21.762717810000,"Rua Natalino José de Paula, 421"
412,PARQUE BURNIER.,10072359,20:45:00,14,0,0,8,2025-01-14T00:00:00.000Z,-43.326282500000,-21.763143540000,"Rua Adelaide Campos de Resende, 651"
412,PARQUE BURNIER.,10072328,20:45:00,13,0,1,8,2025-01-14T00:00:00.000Z,-43.326450350000,-21.763683320000,"Rua Adelaide Campos de Resende, 669"
412,PARQUE BURNIER.,10072316,20:45:00,11,0,0,9,2025-01-14T00:00:00.000Z,-43.328204750000,-21.763332370000,"Rua José Teodoro dos Santos, 145"
412,PARQUE BURNIER.,10072313,20:45:00,10,0,1,9,2025-01-14T00:00:00.000Z,-43.328846690000,-21.762504770000,"Rua José Teodoro dos Santos, 275"
412,PARQUE BURNIER.,10072296,20:45:00,9,1,2,10,2025-01-14T00:00:00.000Z,-43.329374790000,-21.763440430000,"Rua Adelaide Campos de Resende, 975"
412,PARQUE BURNIER.,10073561,20:45:00,7,0,0,11,2025-01-14T00:00:00.000Z,-43.331552510000,-21.763418910000,"Rua Olga Burnier, 480"
412,PARQUE BURNIER.,10073557,20:45:00,6,0,0,11,2025-01-14T00:00:00.000Z,-43.332479840000,-21.762640710000,"Rua Olga Burnier, 356"
412,PARQUE BURNIER.,10073560,20:45:00,5,0,0,11,2025-01-14T00:00:00.000Z,-43.333589670000,-21.761652280000,"Rua Olga Burnier, 230"
412,PARQUE BURNIER.,10073552,20:45:00,3,0,1,13,2025-01-14T00:00:00.000Z,-43.335479020000,-21.760313550000,"Rua São Geraldo, 84"
412,PARQUE BURNIER.,10072305,20:45:00,2,0,0,14,2025-01-14T00:00:00.000Z,-43.337478970000,-21.760922950000,"Rua Djalma de Carvalho, 37"
412,PARQUE BURNIER.,10071108,20:45:00,1,14,0,14,2025-01-14T00:00:00.000Z,-43.349331860000,-21.758144610000,"Avenida Getúlio Vargas, 835"
412,PARQUE BURNIER.,10072358,20:45:00,18,0,0,4,2025-01-14T00:00:00.000Z,-43.328687310000,-21.761675740000,"Rua Natalino José de Paula, 112 - Ponto Final do Parque Burnier"
412,PARQUE BURNIER.,10073558,20:45:00,4,0,2,11,2025-01-14T00:00:00.000Z,-43.334645750000,-21.760669710000,"Rua Olga Burnier, 70"
412,PARQUE BURNIER.,10072301,20:45:00,8,0,0,11,2025-01-14T00:00:00.000Z,-43.330138330000,-21.763252970000,"Rua Adelaide Campos de Resende, 1061"
412,PARQUE BURNIER.,10072377,20:45:00,12,0,0,9,2025-01-14T00:00:00.000Z,-43.327321890000,-21.764062650000,"Rua José Teodoro dos Santos, 25"
412,PARQUE BURNIER.,10072375,20:45:00,16,0,4,4,2025-01-14T00:00:00.000Z,-43.327420830000,-21.762727850000,"Rua Natalino José de Paula, 319"
412,PARQUE BURNIER.,10071108,21:20:00,17,0,5,0,2025-01-14T00:00:00.000Z,-43.349331860000,-21.758144610000,"Avenida Getúlio Vargas, 835"
412,PARQUE BURNIER.,10072302,21:20:00,15,0,0,1,2025-01-14T00:00:00.000Z,-43.338029500000,-21.760323850000,"Avenida Sete de Setembro, 623"
412,PARQUE BURNIER.,10072337,21:20:00,13,0,0,1,2025-01-14T00:00:00.000Z,-43.334540130000,-21.760522960000,"Rua Olga Burnier, 67"
412,PARQUE BURNIER.,10072335,21:20:00,12,0,0,1,2025-01-14T00:00:00.000Z,-43.333453420000,-21.761562350000,"Rua Olga Burnier, 233"
412,PARQUE BURNIER.,10072382,21:20:00,11,0,0,1,2025-01-14T00:00:00.000Z,-43.332369450000,-21.762522520000,"Rua Olga Burnier, 361"
412,PARQUE BURNIER.,10073583,21:20:00,9,0,0,1,2025-01-14T00:00:00.000Z,-43.330207820000,-21.763072230000,"Rua Adelaide Campos de Resende, 1070"
412,PARQUE BURNIER.,10073584,21:20:00,8,0,0,1,2025-01-14T00:00:00.000Z,-43.329363350000,-21.763255450000,"Rua Adelaide Campos de Resende, 984"
412,PARQUE BURNIER.,10072386,21:20:00,7,0,0,1,2025-01-14T00:00:00.000Z,-43.328850270000,-21.762325320000,"Rua José Teodoro dos Santos, 292"
412,PARQUE BURNIER.,10072309,21:20:00,5,0,0,1,2025-01-14T00:00:00.000Z,-43.327273730000,-21.763967940000,"Rua José Teodoro dos Santos, 28"
412,PARQUE BURNIER.,10073589,21:20:00,4,1,0,1,2025-01-14T00:00:00.000Z,-43.326568960000,-21.763629600000,"Rua Adelaide Campos de Resende, 706"
412,PARQUE BURNIER.,10072362,21:20:00,3,0,0,0,2025-01-14T00:00:00.000Z,-43.327527760000,-21.762798310000,"Rua Natalino José de Paula, 310"
412,PARQUE BURNIER.,10072363,21:20:00,2,0,0,0,2025-01-14T00:00:00.000Z,-43.327885630000,-21.762179390000,"Rua Natalino José de Paula, 288"
412,PARQUE BURNIER.,10072358,21:20:00,1,0,0,0,2025-01-14T00:00:00.000Z,-43.328687310000,-21.761675740000,"Rua Natalino José de Paula, 112 - Ponto Final do Parque Burnier"
412,PARQUE BURNIER.,10072384,21:20:00,6,0,0,1,2025-01-14T00:00:00.000Z,-43.327999480000,-21.763301540000,"Rua José Teodoro dos Santos, 126"
412,PARQUE BURNIER.,10072380,21:20:00,10,0,0,1,2025-01-14T00:00:00.000Z,-43.331466790000,-21.763337580000,"Rua Olga Burnier, 485"
412,PARQUE BURNIER.,10072332,21:20:00,14,0,0,1,2025-01-14T00:00:00.000Z,-43.335533860000,-21.760131640000,"Rua São Geraldo, 89"
412,PARQUE BURNIER.,10074194,21:20:00,16,5,1,5,2025-01-14T00:00:00.000Z,-43.342338620000,-21.760505960000,"Rua Ângelo Falci, 55"
412,PARQUE BURNIER.,10072358,21:40:00,18,0,0,18,2025-01-14T00:00:00.000Z,-43.328687310000,-21.761675740000,"Rua Natalino José de Paula, 112 - Ponto Final do Parque Burnier"
412,PARQUE BURNIER.,10072375,21:40:00,16,0,0,21,2025-01-14T00:00:00.000Z,-43.327420830000,-21.762727850000,"Rua Natalino José de Paula, 319"
412,PARQUE BURNIER.,10071503,21:40:00,15,0,0,21,2025-01-14T00:00:00.000Z,-43.326207040000,-21.762717810000,"Rua Natalino José de Paula, 421"
412,PARQUE BURNIER.,10072359,21:40:00,14,0,0,21,2025-01-14T00:00:00.000Z,-43.326282500000,-21.763143540000,"Rua Adelaide Campos de Resende, 651"
412,PARQUE BURNIER.,10072377,21:40:00,12,0,0,21,2025-01-14T00:00:00.000Z,-43.327321890000,-21.764062650000,"Rua José Teodoro dos Santos, 25"
412,PARQUE BURNIER.,10072316,21:40:00,11,0,1,21,2025-01-14T00:00:00.000Z,-43.328204750000,-21.763332370000,"Rua José Teodoro dos Santos, 145"
412,PARQUE BURNIER.,10072313,21:40:00,10,0,0,22,2025-01-14T00:00:00.000Z,-43.328846690000,-21.762504770000,"Rua José Teodoro dos Santos, 275"
412,PARQUE BURNIER.,10072301,21:40:00,8,0,0,23,2025-01-14T00:00:00.000Z,-43.330138330000,-21.763252970000,"Rua Adelaide Campos de Resende, 1061"
412,PARQUE BURNIER.,10073561,21:40:00,7,0,0,23,2025-01-14T00:00:00.000Z,-43.331552510000,-21.763418910000,"Rua Olga Burnier, 480"
412,PARQUE BURNIER.,10073557,21:40:00,6,0,0,23,2025-01-14T00:00:00.000Z,-43.332479840000,-21.762640710000,"Rua Olga Burnier, 356"
412,PARQUE BURNIER.,10073558,21:40:00,4,0,0,23,2025-01-14T00:00:00.000Z,-43.334645750000,-21.760669710000,"Rua Olga Burnier, 70"
412,PARQUE BURNIER.,10073552,21:40:00,3,0,0,23,2025-01-14T00:00:00.000Z,-43.335479020000,-21.760313550000,"Rua São Geraldo, 84"
412,PARQUE BURNIER.,10072305,21:40:00,2,1,1,23,2025-01-14T00:00:00.000Z,-43.337478970000,-21.760922950000,"Rua Djalma de Carvalho, 37"
412,PARQUE BURNIER.,10071108,21:40:00,1,23,0,23,2025-01-14T00:00:00.000Z,-43.349331860000,-21.758144610000,"Avenida Getúlio Vargas, 835"
412,PARQUE BURNIER.,10072356,21:40:00,17,0,3,18,2025-01-14T00:00:00.000Z,-43.327793950000,-21.762107030000,"Rua Natalino José de Paula, 271"
412,PARQUE BURNIER.,10073560,21:40:00,5,0,0,23,2025-01-14T00:00:00.000Z,-43.333589670000,-21.761652280000,"Rua Olga Burnier, 230"
412,PARQUE BURNIER.,10072296,21:40:00,9,0,1,22,2025-01-14T00:00:00.000Z,-43.329374790000,-21.763440430000,"Rua Adelaide Campos de Resende, 975"
412,PARQUE BURNIER.,10072328,21:40:00,13,0,0,21,2025-01-14T00:00:00.000Z,-43.326450350000,-21.763683320000,"Rua Adelaide Campos de Resende, 669"
412,PARQUE BURNIER.,10071108,22:10:00,17,0,6,0,2025-01-14T00:00:00.000Z,-43.349331860000,-21.758144610000,"Avenida Getúlio Vargas, 835"
412,PARQUE BURNIER.,10074194,22:10:00,16,6,0,6,2025-01-14T00:00:00.000Z,-43.342338620000,-21.760505960000,"Rua Ângelo Falci, 55"
412,PARQUE BURNIER.,10072332,22:10:00,14,0,0,0,2025-01-14T00:00:00.000Z,-43.335533860000,-21.760131640000,"Rua São Geraldo, 89"
412,PARQUE BURNIER.,10072337,22:10:00,13,0,0,0,2025-01-14T00:00:00.000Z,-43.334540130000,-21.760522960000,"Rua Olga Burnier, 67"
412,PARQUE BURNIER.,10072335,22:10:00,12,0,0,0,2025-01-14T00:00:00.000Z,-43.333453420000,-21.761562350000,"Rua Olga Burnier, 233"
412,PARQUE BURNIER.,10072380,22:10:00,10,0,0,0,2025-01-14T00:00:00.000Z,-43.331466790000,-21.763337580000,"Rua Olga Burnier, 485"
412,PARQUE BURNIER.,10073583,22:10:00,9,0,0,0,2025-01-14T00:00:00.000Z,-43.330207820000,-21.763072230000,"Rua Adelaide Campos de Resende, 1070"
412,PARQUE BURNIER.,10073584,22:10:00,8,0,0,0,2025-01-14T00:00:00.000Z,-43.329363350000,-21.763255450000,"Rua Adelaide Campos de Resende, 984"
412,PARQUE BURNIER.,10072384,22:10:00,6,0,0,0,2025-01-14T00:00:00.000Z,-43.327999480000,-21.763301540000,"Rua José Teodoro dos Santos, 126"
412,PARQUE BURNIER.,10072309,22:10:00,5,0,0,0,2025-01-14T00:00:00.000Z,-43.327273730000,-21.763967940000,"Rua José Teodoro dos Santos, 28"
412,PARQUE BURNIER.,10073589,22:10:00,4,0,0,0,2025-01-14T00:00:00.000Z,-43.326568960000,-21.763629600000,"Rua Adelaide Campos de Resende, 706"
412,PARQUE BURNIER.,10072363,22:10:00,2,0,0,0,2025-01-14T00:00:00.000Z,-43.327885630000,-21.762179390000,"Rua Natalino José de Paula, 288"
412,PARQUE BURNIER.,10072358,22:10:00,1,0,0,0,2025-01-14T00:00:00.000Z,-43.328687310000,-21.761675740000,"Rua Natalino José de Paula, 112 - Ponto Final do Parque Burnier"
412,PARQUE BURNIER.,10072362,22:10:00,3,0,0,0,2025-01-14T00:00:00.000Z,-43.327527760000,-21.762798310000,"Rua Natalino José de Paula, 310"
412,PARQUE BURNIER.,10072386,22:10:00,7,0,0,0,2025-01-14T00:00:00.000Z,-43.328850270000,-21.762325320000,"Rua José Teodoro dos Santos, 292"
412,PARQUE BURNIER.,10072382,22:10:00,11,0,0,0,2025-01-14T00:00:00.000Z,-43.332369450000,-21.762522520000,"Rua Olga Burnier, 361"
412,PARQUE BURNIER.,10072302,22:10:00,15,0,0,0,2025-01-14T00:00:00.000Z,-43.338029500000,-21.760323850000,"Avenida Sete de Setembro, 623"
412,PARQUE BURNIER.,10071108,05:30:00,17,0,8,0,2025-01-15T00:00:00.000Z,-43.349331860000,-21.758144610000,"Avenida Getúlio Vargas, 835"
412,PARQUE BURNIER.,10074194,05:30:00,16,1,6,8,2025-01-15T00:00:00.000Z,-43.342338620000,-21.760505960000,"Rua Ângelo Falci, 55"
412,PARQUE BURNIER.,10072302,05:30:00,15,2,0,13,2025-01-15T00:00:00.000Z,-43.338029500000,-21.760323850000,"Avenida Sete de Setembro, 623"
412,PARQUE BURNIER.,10072332,05:30:00,14,0,0,11,2025-01-15T00:00:00.000Z,-43.335533860000,-21.760131640000,"Rua São Geraldo, 89"
412,PARQUE BURNIER.,10072337,05:30:00,13,0,0,11,2025-01-15T00:00:00.000Z,-43.334540130000,-21.760522960000,"Rua Olga Burnier, 67"
412,PARQUE BURNIER.,10072335,05:30:00,12,0,0,11,2025-01-15T00:00:00.000Z,-43.333453420000,-21.761562350000,"Rua Olga Burnier, 233"
412,PARQUE BURNIER.,10072382,05:30:00,11,0,0,11,2025-01-15T00:00:00.000Z,-43.332369450000,-21.762522520000,"Rua Olga Burnier, 361"
412,PARQUE BURNIER.,10072380,05:30:00,10,0,0,11,2025-01-15T00:00:00.000Z,-43.331466790000,-21.763337580000,"Rua Olga Burnier, 485"
412,PARQUE BURNIER.,10073583,05:30:00,9,0,0,11,2025-01-15T00:00:00.000Z,-43.330207820000,-21.763072230000,"Rua Adelaide Campos de Resende, 1070"
412,PARQUE BURNIER.,10073584,05:30:00,8,4,0,11,2025-01-15T00:00:00.000Z,-43.329363350000,-21.763255450000,"Rua Adelaide Campos de Resende, 984"
412,PARQUE BURNIER.,10072386,05:30:00,7,3,0,7,2025-01-15T00:00:00.000Z,-43.328850270000,-21.762325320000,"Rua José Teodoro dos Santos, 292"
412,PARQUE BURNIER.,10072384,05:30:00,6,0,0,4,2025-01-15T00:00:00.000Z,-43.327999480000,-21.763301540000,"Rua José Teodoro dos Santos, 126"
412,PARQUE BURNIER.,10072309,05:30:00,5,0,0,4,2025-01-15T00:00:00.000Z,-43.327273730000,-21.763967940000,"Rua José Teodoro dos Santos, 28"
412,PARQUE BURNIER.,10073589,05:30:00,4,3,0,4,2025-01-15T00:00:00.000Z,-43.326568960000,-21.763629600000,"Rua Adelaide Campos de Resende, 706"
412,PARQUE BURNIER.,10072362,05:30:00,3,1,0,1,2025-01-15T00:00:00.000Z,-43.327527760000,-21.762798310000,"Rua Natalino José de Paula, 310"
412,PARQUE BURNIER.,10072363,05:30:00,2,0,0,0,2025-01-15T00:00:00.000Z,-43.327885630000,-21.762179390000,"Rua Natalino José de Paula, 288"
412,PARQUE BURNIER.,10072358,05:30:00,1,0,0,0,2025-01-15T00:00:00.000Z,-43.328687310000,-21.761675740000,"Rua Natalino José de Paula, 112 - Ponto Final do Parque Burnier"
412,PARQUE BURNIER.,10072358,05:51:00,18,13,0,13,2025-01-15T00:00:00.000Z,-43.328687310000,-21.761675740000,"Rua Natalino José de Paula, 112 - Ponto Final do Parque Burnier"
412,PARQUE BURNIER.,10072356,05:51:00,17,0,0,0,2025-01-15T00:00:00.000Z,-43.327793950000,-21.762107030000,"Rua Natalino José de Paula, 271"
412,PARQUE BURNIER.,10072375,05:51:00,16,0,0,0,2025-01-15T00:00:00.000Z,-43.327420830000,-21.762727850000,"Rua Natalino José de Paula, 319"
412,PARQUE BURNIER.,10071503,05:51:00,15,0,0,0,2025-01-15T00:00:00.000Z,-43.326207040000,-21.762717810000,"Rua Natalino José de Paula, 421"
412,PARQUE BURNIER.,10072359,05:51:00,14,0,0,0,2025-01-15T00:00:00.000Z,-43.326282500000,-21.763143540000,"Rua Adelaide Campos de Resende, 651"
412,PARQUE BURNIER.,10072328,05:51:00,13,0,0,0,2025-01-15T00:00:00.000Z,-43.326450350000,-21.763683320000,"Rua Adelaide Campos de Resende, 669"
412,PARQUE BURNIER.,10072377,05:51:00,12,0,0,0,2025-01-15T00:00:00.000Z,-43.327321890000,-21.764062650000,"Rua José Teodoro dos Santos, 25"
412,PARQUE BURNIER.,10072316,05:51:00,11,0,0,0,2025-01-15T00:00:00.000Z,-43.328204750000,-21.763332370000,"Rua José Teodoro dos Santos, 145"
412,PARQUE BURNIER.,10072313,05:51:00,10,0,0,0,2025-01-15T00:00:00.000Z,-43.328846690000,-21.762504770000,"Rua José Teodoro dos Santos, 275"
412,PARQUE BURNIER.,10072296,05:51:00,9,0,0,0,2025-01-15T00:00:00.000Z,-43.329374790000,-21.763440430000,"Rua Adelaide Campos de Resende, 975"
412,PARQUE BURNIER.,10072301,05:51:00,8,0,0,0,2025-01-15T00:00:00.000Z,-43.330138330000,-21.763252970000,"Rua Adelaide Campos de Resende, 1061"
412,PARQUE BURNIER.,10073561,05:51:00,7,0,0,0,2025-01-15T00:00:00.000Z,-43.331552510000,-21.763418910000,"Rua Olga Burnier, 480"
412,PARQUE BURNIER.,10073557,05:51:00,6,0,0,0,2025-01-15T00:00:00.000Z,-43.332479840000,-21.762640710000,"Rua Olga Burnier, 356"
412,PARQUE BURNIER.,10073560,05:51:00,5,0,0,0,2025-01-15T00:00:00.000Z,-43.333589670000,-21.761652280000,"Rua Olga Burnier, 230"
412,PARQUE BURNIER.,10073558,05:51:00,4,0,0,0,2025-01-15T00:00:00.000Z,-43.334645750000,-21.760669710000,"Rua Olga Burnier, 70"
412,PARQUE BURNIER.,10073552,05:51:00,3,0,0,0,2025-01-15T00:00:00.000Z,-43.335479020000,-21.760313550000,"Rua São Geraldo, 84"
412,PARQUE BURNIER.,10072305,05:51:00,2,0,1,0,2025-01-15T00:00:00.000Z,-43.337478970000,-21.760922950000,"Rua Djalma de Carvalho, 37"
412,PARQUE BURNIER.,10071108,05:51:00,1,1,0,1,2025-01-15T00:00:00.000Z,-43.349331860000,-21.758144610000,"Avenida Getúlio Vargas, 835"
412,PARQUE BURNIER.,10071108,06:17:00,17,0,7,14,2025-01-15T00:00:00.000Z,-43.349331860000,-21.758144610000,"Avenida Getúlio Vargas, 835"
412,PARQUE BURNIER.,10074194,06:17:00,16,1,5,21,2025-01-15T00:00:00.000Z,-43.342338620000,-21.760505960000,"Rua Ângelo Falci, 55"
412,PARQUE BURNIER.,10072302,06:17:00,15,2,1,25,2025-01-15T00:00:00.000Z,-43.338029500000,-21.760323850000,"Avenida Sete de Setembro, 623"
412,PARQUE BURNIER.,10072332,06:17:00,14,0,0,24,2025-01-15T00:00:00.000Z,-43.335533860000,-21.760131640000,"Rua São Geraldo, 89"
412,PARQUE BURNIER.,10072337,06:17:00,13,1,0,24,2025-01-15T00:00:00.000Z,-43.334540130000,-21.760522960000,"Rua Olga Burnier, 67"
412,PARQUE BURNIER.,10072335,06:17:00,12,1,0,23,2025-01-15T00:00:00.000Z,-43.333453420000,-21.761562350000,"Rua Olga Burnier, 233"
412,PARQUE BURNIER.,10072382,06:17:00,11,0,0,22,2025-01-15T00:00:00.000Z,-43.332369450000,-21.762522520000,"Rua Olga Burnier, 361"
412,PARQUE BURNIER.,10072380,06:17:00,10,0,0,22,2025-01-15T00:00:00.000Z,-43.331466790000,-21.763337580000,"Rua Olga Burnier, 485"
412,PARQUE BURNIER.,10073583,06:17:00,9,1,1,22,2025-01-15T00:00:00.000Z,-43.330207820000,-21.763072230000,"Rua Adelaide Campos de Resende, 1070"
412,PARQUE BURNIER.,10073584,06:17:00,8,2,1,22,2025-01-15T00:00:00.000Z,-43.329363350000,-21.763255450000,"Rua Adelaide Campos de Resende, 984"
412,PARQUE BURNIER.,10072386,06:17:00,7,2,0,21,2025-01-15T00:00:00.000Z,-43.328850270000,-21.762325320000,"Rua José Teodoro dos Santos, 292"
412,PARQUE BURNIER.,10072384,06:17:00,6,2,0,19,2025-01-15T00:00:00.000Z,-43.327999480000,-21.763301540000,"Rua José Teodoro dos Santos, 126"
412,PARQUE BURNIER.,10072309,06:17:00,5,1,0,17,2025-01-15T00:00:00.000Z,-43.327273730000,-21.763967940000,"Rua José Teodoro dos Santos, 28"
412,PARQUE BURNIER.,10073589,06:17:00,4,9,0,16,2025-01-15T00:00:00.000Z,-43.326568960000,-21.763629600000,"Rua Adelaide Campos de Resende, 706"
412,PARQUE BURNIER.,10072362,06:17:00,3,1,0,7,2025-01-15T00:00:00.000Z,-43.327527760000,-21.762798310000,"Rua Natalino José de Paula, 310"
412,PARQUE BURNIER.,10072363,06:17:00,2,6,0,6,2025-01-15T00:00:00.000Z,-43.327885630000,-21.762179390000,"Rua Natalino José de Paula, 288"
412,PARQUE BURNIER.,10072358,06:17:00,1,0,0,0,2025-01-15T00:00:00.000Z,-43.328687310000,-21.761675740000,"Rua Natalino José de Paula, 112 - Ponto Final do Parque Burnier"
412,PARQUE BURNIER.,10072358,06:38:00,18,10,0,10,2025-01-15T00:00:00.000Z,-43.328687310000,-21.761675740000,"Rua Natalino José de Paula, 112 - Ponto Final do Parque Burnier"
412,PARQUE BURNIER.,10072356,06:38:00,17,0,0,0,2025-01-15T00:00:00.000Z,-43.327793950000,-21.762107030000,"Rua Natalino José de Paula, 271"
412,PARQUE BURNIER.,10072375,06:38:00,16,0,0,0,2025-01-15T00:00:00.000Z,-43.327420830000,-21.762727850000,"Rua Natalino José de Paula, 319"
412,PARQUE BURNIER.,10071503,06:38:00,15,0,0,0,2025-01-15T00:00:00.000Z,-43.326207040000,-21.762717810000,"Rua Natalino José de Paula, 421"
412,PARQUE BURNIER.,10072359,06:38:00,14,0,0,0,2025-01-15T00:00:00.000Z,-43.326282500000,-21.763143540000,"Rua Adelaide Campos de Resende, 651"
412,PARQUE BURNIER.,10072328,06:38:00,13,0,1,0,2025-01-15T00:00:00.000Z,-43.326450350000,-21.763683320000,"Rua Adelaide Campos de Resende, 669"
412,PARQUE BURNIER.,10072377,06:38:00,12,0,1,1,2025-01-15T00:00:00.000Z,-43.327321890000,-21.764062650000,"Rua José Teodoro dos Santos, 25"
412,PARQUE BURNIER.,10072316,06:38:00,11,0,0,2,2025-01-15T00:00:00.000Z,-43.328204750000,-21.763332370000,"Rua José Teodoro dos Santos, 145"
412,PARQUE BURNIER.,10072313,06:38:00,10,0,0,2,2025-01-15T00:00:00.000Z,-43.328846690000,-21.762504770000,"Rua José Teodoro dos Santos, 275"
412,PARQUE BURNIER.,10072296,06:38:00,9,0,2,2,2025-01-15T00:00:00.000Z,-43.329374790000,-21.763440430000,"Rua Adelaide Campos de Resende, 975"
412,PARQUE BURNIER.,10072301,06:38:00,8,0,0,4,2025-01-15T00:00:00.000Z,-43.330138330000,-21.763252970000,"Rua Adelaide Campos de Resende, 1061"
412,PARQUE BURNIER.,10073561,06:38:00,7,0,0,4,2025-01-15T00:00:00.000Z,-43.331552510000,-21.763418910000,"Rua Olga Burnier, 480"
412,PARQUE BURNIER.,10073557,06:38:00,6,0,2,4,2025-01-15T00:00:00.000Z,-43.332479840000,-21.762640710000,"Rua Olga Burnier, 356"
412,PARQUE BURNIER.,10073560,06:38:00,5,0,2,6,2025-01-15T00:00:00.000Z,-43.333589670000,-21.761652280000,"Rua Olga Burnier, 230"
412,PARQUE BURNIER.,10073558,06:38:00,4,0,0,8,2025-01-15T00:00:00.000Z,-43.334645750000,-21.760669710000,"Rua Olga Burnier, 70"
412,PARQUE BURNIER.,10073552,06:38:00,3,0,0,8,2025-01-15T00:00:00.000Z,-43.335479020000,-21.760313550000,"Rua São Geraldo, 84"
412,PARQUE BURNIER.,10072305,06:38:00,2,0,0,8,2025-01-15T00:00:00.000Z,-43.337478970000,-21.760922950000,"Rua Djalma de Carvalho, 37"
412,PARQUE BURNIER.,10071108,06:38:00,1,8,0,8,2025-01-15T00:00:00.000Z,-43.349331860000,-21.758144610000,"Avenida Getúlio Vargas, 835"
412,PARQUE BURNIER.,10071108,07:04:00,17,0,15,12,2025-01-15T00:00:00.000Z,-43.349331860000,-21.758144610000,"Avenida Getúlio Vargas, 835"
412,PARQUE BURNIER.,10074194,07:04:00,16,2,5,27,2025-01-15T00:00:00.000Z,-43.342338620000,-21.760505960000,"Rua Ângelo Falci, 55"
412,PARQUE BURNIER.,10072302,07:04:00,15,1,1,30,2025-01-15T00:00:00.000Z,-43.338029500000,-21.760323850000,"Avenida Sete de Setembro, 623"
412,PARQUE BURNIER.,10072332,07:04:00,14,0,0,30,2025-01-15T00:00:00.000Z,-43.335533860000,-21.760131640000,"Rua São Geraldo, 89"
412,PARQUE BURNIER.,10072337,07:04:00,13,0,0,30,2025-01-15T00:00:00.000Z,-43.334540130000,-21.760522960000,"Rua Olga Burnier, 67"
412,PARQUE BURNIER.,10072335,07:04:00,12,1,1,30,2025-01-15T00:00:00.000Z,-43.333453420000,-21.761562350000,"Rua Olga Burnier, 233"
412,PARQUE BURNIER.,10072382,07:04:00,11,1,0,30,2025-01-15T00:00:00.000Z,-43.332369450000,-21.762522520000,"Rua Olga Burnier, 361"
412,PARQUE BURNIER.,10072380,07:04:00,10,0,0,29,2025-01-15T00:00:00.000Z,-43.331466790000,-21.763337580000,"Rua Olga Burnier, 485"
412,PARQUE BURNIER.,10073583,07:04:00,9,0,0,29,2025-01-15T00:00:00.000Z,-43.330207820000,-21.763072230000,"Rua Adelaide Campos de Resende, 1070"
412,PARQUE BURNIER.,10073584,07:04:00,8,0,0,29,2025-01-15T00:00:00.000Z,-43.329363350000,-21.763255450000,"Rua Adelaide Campos de Resende, 984"
412,PARQUE BURNIER.,10072386,07:04:00,7,7,1,29,2025-01-15T00:00:00.000Z,-43.328850270000,-21.762325320000,"Rua José Teodoro dos Santos, 292"
412,PARQUE BURNIER.,10072384,07:04:00,6,4,0,23,2025-01-15T00:00:00.000Z,-43.327999480000,-21.763301540000,"Rua José Teodoro dos Santos, 126"
412,PARQUE BURNIER.,10072309,07:04:00,5,0,0,19,2025-01-15T00:00:00.000Z,-43.327273730000,-21.763967940000,"Rua José Teodoro dos Santos, 28"
412,PARQUE BURNIER.,10073589,07:04:00,4,16,0,19,2025-01-15T00:00:00.000Z,-43.326568960000,-21.763629600000,"Rua Adelaide Campos de Resende, 706"
412,PARQUE BURNIER.,10072362,07:04:00,3,0,0,3,2025-01-15T00:00:00.000Z,-43.327527760000,-21.762798310000,"Rua Natalino José de Paula, 310"
412,PARQUE BURNIER.,10072363,07:04:00,2,3,0,3,2025-01-15T00:00:00.000Z,-43.327885630000,-21.762179390000,"Rua Natalino José de Paula, 288"
412,PARQUE BURNIER.,10072358,07:04:00,1,0,0,0,2025-01-15T00:00:00.000Z,-43.328687310000,-21.761675740000,"Rua Natalino José de Paula, 112 - Ponto Final do Parque Burnier"
412,PARQUE BURNIER.,10072358,07:25:00,18,6,0,11,2025-01-15T00:00:00.000Z,-43.328687310000,-21.761675740000,"Rua Natalino José de Paula, 112 - Ponto Final do Parque Burnier"
412,PARQUE BURNIER.,10072356,07:25:00,17,0,0,5,2025-01-15T00:00:00.000Z,-43.327793950000,-21.762107030000,"Rua Natalino José de Paula, 271"
412,PARQUE BURNIER.,10072375,07:25:00,16,0,1,5,2025-01-15T00:00:00.000Z,-43.327420830000,-21.762727850000,"Rua Natalino José de Paula, 319"
412,PARQUE BURNIER.,10071503,07:25:00,15,0,1,6,2025-01-15T00:00:00.000Z,-43.326207040000,-21.762717810000,"Rua Natalino José de Paula, 421"
412,PARQUE BURNIER.,10072359,07:25:00,14,0,0,7,2025-01-15T00:00:00.000Z,-43.326282500000,-21.763143540000,"Rua Adelaide Campos de Resende, 651"
412,PARQUE BURNIER.,10072328,07:25:00,13,0,0,7,2025-01-15T00:00:00.000Z,-43.326450350000,-21.763683320000,"Rua Adelaide Campos de Resende, 669"
412,PARQUE BURNIER.,10072377,07:25:00,12,0,0,7,2025-01-15T00:00:00.000Z,-43.327321890000,-21.764062650000,"Rua José Teodoro dos Santos, 25"
412,PARQUE BURNIER.,10072316,07:25:00,11,0,0,7,2025-01-15T00:00:00.000Z,-43.328204750000,-21.763332370000,"Rua José Teodoro dos Santos, 145"
412,PARQUE BURNIER.,10072313,07:25:00,10,0,0,7,2025-01-15T00:00:00.000Z,-43.328846690000,-21.762504770000,"Rua José Teodoro dos Santos, 275"
412,PARQUE BURNIER.,10072296,07:25:00,9,0,0,7,2025-01-15T00:00:00.000Z,-43.329374790000,-21.763440430000,"Rua Adelaide Campos de Resende, 975"
412,PARQUE BURNIER.,10072301,07:25:00,8,0,0,7,2025-01-15T00:00:00.000Z,-43.330138330000,-21.763252970000,"Rua Adelaide Campos de Resende, 1061"
412,PARQUE BURNIER.,10073561,07:25:00,7,0,0,7,2025-01-15T00:00:00.000Z,-43.331552510000,-21.763418910000,"Rua Olga Burnier, 480"
412,PARQUE BURNIER.,10073557,07:25:00,6,0,0,7,2025-01-15T00:00:00.000Z,-43.332479840000,-21.762640710000,"Rua Olga Burnier, 356"
412,PARQUE BURNIER.,10073560,07:25:00,5,0,0,7,2025-01-15T00:00:00.000Z,-43.333589670000,-21.761652280000,"Rua Olga Burnier, 230"
412,PARQUE BURNIER.,10073558,07:25:00,4,0,0,7,2025-01-15T00:00:00.000Z,-43.334645750000,-21.760669710000,"Rua Olga Burnier, 70"
412,PARQUE BURNIER.,10073552,07:25:00,3,0,0,7,2025-01-15T00:00:00.000Z,-43.335479020000,-21.760313550000,"Rua São Geraldo, 84"
412,PARQUE BURNIER.,10072305,07:25:00,2,1,1,7,2025-01-15T00:00:00.000Z,-43.337478970000,-21.760922950000,"Rua Djalma de Carvalho, 37"
412,PARQUE BURNIER.,10071108,07:25:00,1,7,0,7,2025-01-15T00:00:00.000Z,-43.349331860000,-21.758144610000,"Avenida Getúlio Vargas, 835"
412,PARQUE BURNIER.,10071108,07:51:00,17,0,10,9,2025-01-15T00:00:00.000Z,-43.349331860000,-21.758144610000,"Avenida Getúlio Vargas, 835"
412,PARQUE BURNIER.,10074194,07:51:00,16,0,3,19,2025-01-15T00:00:00.000Z,-43.342338620000,-21.760505960000,"Rua Ângelo Falci, 55"
412,PARQUE BURNIER.,10072302,07:51:00,15,0,2,22,2025-01-15T00:00:00.000Z,-43.338029500000,-21.760323850000,"Avenida Sete de Setembro, 623"
412,PARQUE BURNIER.,10072332,07:51:00,14,0,0,24,2025-01-15T00:00:00.000Z,-43.335533860000,-21.760131640000,"Rua São Geraldo, 89"
412,PARQUE BURNIER.,10072337,07:51:00,13,0,0,24,2025-01-15T00:00:00.000Z,-43.334540130000,-21.760522960000,"Rua Olga Burnier, 67"
412,PARQUE BURNIER.,10072335,07:51:00,12,1,0,24,2025-01-15T00:00:00.000Z,-43.333453420000,-21.761562350000,"Rua Olga Burnier, 233"
412,PARQUE BURNIER.,10072382,07:51:00,11,0,0,23,2025-01-15T00:00:00.000Z,-43.332369450000,-21.762522520000,"Rua Olga Burnier, 361"
412,PARQUE BURNIER.,10072380,07:51:00,10,1,0,23,2025-01-15T00:00:00.000Z,-43.331466790000,-21.763337580000,"Rua Olga Burnier, 485"
412,PARQUE BURNIER.,10073583,07:51:00,9,0,0,22,2025-01-15T00:00:00.000Z,-43.330207820000,-21.763072230000,"Rua Adelaide Campos de Resende, 1070"
412,PARQUE BURNIER.,10073584,07:51:00,8,0,0,22,2025-01-15T00:00:00.000Z,-43.329363350000,-21.763255450000,"Rua Adelaide Campos de Resende, 984"
412,PARQUE BURNIER.,10072386,07:51:00,7,4,0,22,2025-01-15T00:00:00.000Z,-43.328850270000,-21.762325320000,"Rua José Teodoro dos Santos, 292"
412,PARQUE BURNIER.,10072384,07:51:00,6,1,0,18,2025-01-15T00:00:00.000Z,-43.327999480000,-21.763301540000,"Rua José Teodoro dos Santos, 126"
412,PARQUE BURNIER.,10072309,07:51:00,5,0,0,17,2025-01-15T00:00:00.000Z,-43.327273730000,-21.763967940000,"Rua José Teodoro dos Santos, 28"
412,PARQUE BURNIER.,10073589,07:51:00,4,12,0,17,2025-01-15T00:00:00.000Z,-43.326568960000,-21.763629600000,"Rua Adelaide Campos de Resende, 706"
412,PARQUE BURNIER.,10072362,07:51:00,3,4,0,5,2025-01-15T00:00:00.000Z,-43.327527760000,-21.762798310000,"Rua Natalino José de Paula, 310"
412,PARQUE BURNIER.,10072363,07:51:00,2,1,0,1,2025-01-15T00:00:00.000Z,-43.327885630000,-21.762179390000,"Rua Natalino José de Paula, 288"
412,PARQUE BURNIER.,10072358,07:51:00,1,0,0,0,2025-01-15T00:00:00.000Z,-43.328687310000,-21.761675740000,"Rua Natalino José de Paula, 112 - Ponto Final do Parque Burnier"
412,PARQUE BURNIER.,10071108,08:38:00,17,0,35,0,2025-01-15T00:00:00.000Z,-43.349331860000,-21.758144610000,"Avenida Getúlio Vargas, 835"
412,PARQUE BURNIER.,10074194,08:38:00,16,7,5,35,2025-01-15T00:00:00.000Z,-43.342338620000,-21.760505960000,"Rua Ângelo Falci, 55"
412,PARQUE BURNIER.,10072302,08:38:00,15,2,3,33,2025-01-15T00:00:00.000Z,-43.338029500000,-21.760323850000,"Avenida Sete de Setembro, 623"
412,PARQUE BURNIER.,10072332,08:38:00,14,0,0,34,2025-01-15T00:00:00.000Z,-43.335533860000,-21.760131640000,"Rua São Geraldo, 89"
412,PARQUE BURNIER.,10072337,08:38:00,13,1,0,34,2025-01-15T00:00:00.000Z,-43.334540130000,-21.760522960000,"Rua Olga Burnier, 67"
412,PARQUE BURNIER.,10072335,08:38:00,12,0,0,33,2025-01-15T00:00:00.000Z,-43.333453420000,-21.761562350000,"Rua Olga Burnier, 233"
412,PARQUE BURNIER.,10072382,08:38:00,11,5,0,33,2025-01-15T00:00:00.000Z,-43.332369450000,-21.762522520000,"Rua Olga Burnier, 361"
412,PARQUE BURNIER.,10072380,08:38:00,10,1,1,28,2025-01-15T00:00:00.000Z,-43.331466790000,-21.763337580000,"Rua Olga Burnier, 485"
412,PARQUE BURNIER.,10073583,08:38:00,9,2,0,28,2025-01-15T00:00:00.000Z,-43.330207820000,-21.763072230000,"Rua Adelaide Campos de Resende, 1070"
412,PARQUE BURNIER.,10073584,08:38:00,8,5,0,26,2025-01-15T00:00:00.000Z,-43.329363350000,-21.763255450000,"Rua Adelaide Campos de Resende, 984"
412,PARQUE BURNIER.,10072386,08:38:00,7,3,0,21,2025-01-15T00:00:00.000Z,-43.328850270000,-21.762325320000,"Rua José Teodoro dos Santos, 292"
412,PARQUE BURNIER.,10072384,08:38:00,6,3,0,18,2025-01-15T00:00:00.000Z,-43.327999480000,-21.763301540000,"Rua José Teodoro dos Santos, 126"
412,PARQUE BURNIER.,10072309,08:38:00,5,4,0,15,2025-01-15T00:00:00.000Z,-43.327273730000,-21.763967940000,"Rua José Teodoro dos Santos, 28"
412,PARQUE BURNIER.,10073589,08:38:00,4,4,0,11,2025-01-15T00:00:00.000Z,-43.326568960000,-21.763629600000,"Rua Adelaide Campos de Resende, 706"
412,PARQUE BURNIER.,10072362,08:38:00,3,3,1,7,2025-01-15T00:00:00.000Z,-43.327527760000,-21.762798310000,"Rua Natalino José de Paula, 310"
412,PARQUE BURNIER.,10072363,08:38:00,2,5,0,5,2025-01-15T00:00:00.000Z,-43.327885630000,-21.762179390000,"Rua Natalino José de Paula, 288"
412,PARQUE BURNIER.,10072358,08:38:00,1,0,0,0,2025-01-15T00:00:00.000Z,-43.328687310000,-21.761675740000,"Rua Natalino José de Paula, 112 - Ponto Final do Parque Burnier"
412,PARQUE BURNIER.,10072358,08:59:00,18,9,0,9,2025-01-15T00:00:00.000Z,-43.328687310000,-21.761675740000,"Rua Natalino José de Paula, 112 - Ponto Final do Parque Burnier"
412,PARQUE BURNIER.,10072356,08:59:00,17,0,0,0,2025-01-15T00:00:00.000Z,-43.327793950000,-21.762107030000,"Rua Natalino José de Paula, 271"
412,PARQUE BURNIER.,10072375,08:59:00,16,0,0,0,2025-01-15T00:00:00.000Z,-43.327420830000,-21.762727850000,"Rua Natalino José de Paula, 319"
412,PARQUE BURNIER.,10071503,08:59:00,15,0,0,0,2025-01-15T00:00:00.000Z,-43.326207040000,-21.762717810000,"Rua Natalino José de Paula, 421"
412,PARQUE BURNIER.,10072359,08:59:00,14,0,0,0,2025-01-15T00:00:00.000Z,-43.326282500000,-21.763143540000,"Rua Adelaide Campos de Resende, 651"
412,PARQUE BURNIER.,10072328,08:59:00,13,0,3,0,2025-01-15T00:00:00.000Z,-43.326450350000,-21.763683320000,"Rua Adelaide Campos de Resende, 669"
412,PARQUE BURNIER.,10072377,08:59:00,12,0,0,3,2025-01-15T00:00:00.000Z,-43.327321890000,-21.764062650000,"Rua José Teodoro dos Santos, 25"
412,PARQUE BURNIER.,10072316,08:59:00,11,0,4,3,2025-01-15T00:00:00.000Z,-43.328204750000,-21.763332370000,"Rua José Teodoro dos Santos, 145"
412,PARQUE BURNIER.,10072313,08:59:00,10,0,7,7,2025-01-15T00:00:00.000Z,-43.328846690000,-21.762504770000,"Rua José Teodoro dos Santos, 275"
412,PARQUE BURNIER.,10072296,08:59:00,9,1,1,14,2025-01-15T00:00:00.000Z,-43.329374790000,-21.763440430000,"Rua Adelaide Campos de Resende, 975"
412,PARQUE BURNIER.,10072301,08:59:00,8,1,0,14,2025-01-15T00:00:00.000Z,-43.330138330000,-21.763252970000,"Rua Adelaide Campos de Resende, 1061"
412,PARQUE BURNIER.,10073561,08:59:00,7,0,0,13,2025-01-15T00:00:00.000Z,-43.331552510000,-21.763418910000,"Rua Olga Burnier, 480"
412,PARQUE BURNIER.,10073557,08:59:00,6,0,1,13,2025-01-15T00:00:00.000Z,-43.332479840000,-21.762640710000,"Rua Olga Burnier, 356"
412,PARQUE BURNIER.,10073560,08:59:00,5,0,1,14,2025-01-15T00:00:00.000Z,-43.333589670000,-21.761652280000,"Rua Olga Burnier, 230"
412,PARQUE BURNIER.,10073558,08:59:00,4,0,0,15,2025-01-15T00:00:00.000Z,-43.334645750000,-21.760669710000,"Rua Olga Burnier, 70"
412,PARQUE BURNIER.,10073552,08:59:00,3,0,1,15,2025-01-15T00:00:00.000Z,-43.335479020000,-21.760313550000,"Rua São Geraldo, 84"
412,PARQUE BURNIER.,10072305,08:59:00,2,1,1,16,2025-01-15T00:00:00.000Z,-43.337478970000,-21.760922950000,"Rua Djalma de Carvalho, 37"
412,PARQUE BURNIER.,10071108,08:59:00,1,16,0,16,2025-01-15T00:00:00.000Z,-43.349331860000,-21.758144610000,"Avenida Getúlio Vargas, 835"
412,PARQUE BURNIER.,10071108,09:25:00,17,0,16,3,2025-01-15T00:00:00.000Z,-43.349331860000,-21.758144610000,"Avenida Getúlio Vargas, 835"
412,PARQUE BURNIER.,10074194,09:25:00,16,4,1,19,2025-01-15T00:00:00.000Z,-43.342338620000,-21.760505960000,"Rua Ângelo Falci, 55"
412,PARQUE BURNIER.,10072302,09:25:00,15,4,2,16,2025-01-15T00:00:00.000Z,-43.338029500000,-21.760323850000,"Avenida Sete de Setembro, 623"
412,PARQUE BURNIER.,10072332,09:25:00,14,0,0,14,2025-01-15T00:00:00.000Z,-43.335533860000,-21.760131640000,"Rua São Geraldo, 89"
412,PARQUE BURNIER.,10072337,09:25:00,13,0,0,14,2025-01-15T00:00:00.000Z,-43.334540130000,-21.760522960000,"Rua Olga Burnier, 67"
412,PARQUE BURNIER.,10072335,09:25:00,12,0,0,14,2025-01-15T00:00:00.000Z,-43.333453420000,-21.761562350000,"Rua Olga Burnier, 233"
412,PARQUE BURNIER.,10072382,09:25:00,11,0,0,14,2025-01-15T00:00:00.000Z,-43.332369450000,-21.762522520000,"Rua Olga Burnier, 361"
412,PARQUE BURNIER.,10072380,09:25:00,10,1,0,14,2025-01-15T00:00:00.000Z,-43.331466790000,-21.763337580000,"Rua Olga Burnier, 485"
412,PARQUE BURNIER.,10073583,09:25:00,9,0,1,13,2025-01-15T00:00:00.000Z,-43.330207820000,-21.763072230000,"Rua Adelaide Campos de Resende, 1070"
412,PARQUE BURNIER.,10073584,09:25:00,8,2,0,14,2025-01-15T00:00:00.000Z,-43.329363350000,-21.763255450000,"Rua Adelaide Campos de Resende, 984"
412,PARQUE BURNIER.,10072386,09:25:00,7,1,0,12,2025-01-15T00:00:00.000Z,-43.328850270000,-21.762325320000,"Rua José Teodoro dos Santos, 292"
412,PARQUE BURNIER.,10072384,09:25:00,6,0,0,11,2025-01-15T00:00:00.000Z,-43.327999480000,-21.763301540000,"Rua José Teodoro dos Santos, 126"
412,PARQUE BURNIER.,10072309,09:25:00,5,3,0,11,2025-01-15T00:00:00.000Z,-43.327273730000,-21.763967940000,"Rua José Teodoro dos Santos, 28"
412,PARQUE BURNIER.,10073589,09:25:00,4,3,0,8,2025-01-15T00:00:00.000Z,-43.326568960000,-21.763629600000,"Rua Adelaide Campos de Resende, 706"
412,PARQUE BURNIER.,10072362,09:25:00,3,2,0,5,2025-01-15T00:00:00.000Z,-43.327527760000,-21.762798310000,"Rua Natalino José de Paula, 310"
412,PARQUE BURNIER.,10072363,09:25:00,2,3,0,3,2025-01-15T00:00:00.000Z,-43.327885630000,-21.762179390000,"Rua Natalino José de Paula, 288"
412,PARQUE BURNIER.,10072358,09:25:00,1,0,0,0,2025-01-15T00:00:00.000Z,-43.328687310000,-21.761675740000,"Rua Natalino José de Paula, 112 - Ponto Final do Parque Burnier"
412,PARQUE BURNIER.,10072358,09:45:00,18,4,0,4,2025-01-15T00:00:00.000Z,-43.328687310000,-21.761675740000,"Rua Natalino José de Paula, 112 - Ponto Final do Parque Burnier"
412,PARQUE BURNIER.,10072356,09:45:00,17,0,0,0,2025-01-15T00:00:00.000Z,-43.327793950000,-21.762107030000,"Rua Natalino José de Paula, 271"
412,PARQUE BURNIER.,10072375,09:45:00,16,0,0,0,2025-01-15T00:00:00.000Z,-43.327420830000,-21.762727850000,"Rua Natalino José de Paula, 319"
412,PARQUE BURNIER.,10071503,09:45:00,15,0,1,0,2025-01-15T00:00:00.000Z,-43.326207040000,-21.762717810000,"Rua Natalino José de Paula, 421"
412,PARQUE BURNIER.,10072359,09:45:00,14,0,0,1,2025-01-15T00:00:00.000Z,-43.326282500000,-21.763143540000,"Rua Adelaide Campos de Resende, 651"
412,PARQUE BURNIER.,10072328,09:45:00,13,0,0,1,2025-01-15T00:00:00.000Z,-43.326450350000,-21.763683320000,"Rua Adelaide Campos de Resende, 669"
412,PARQUE BURNIER.,10072377,09:45:00,12,0,0,1,2025-01-15T00:00:00.000Z,-43.327321890000,-21.764062650000,"Rua José Teodoro dos Santos, 25"
412,PARQUE BURNIER.,10072316,09:45:00,11,0,0,1,2025-01-15T00:00:00.000Z,-43.328204750000,-21.763332370000,"Rua José Teodoro dos Santos, 145"
412,PARQUE BURNIER.,10072313,09:45:00,10,0,0,1,2025-01-15T00:00:00.000Z,-43.328846690000,-21.762504770000,"Rua José Teodoro dos Santos, 275"
412,PARQUE BURNIER.,10072296,09:45:00,9,0,1,1,2025-01-15T00:00:00.000Z,-43.329374790000,-21.763440430000,"Rua Adelaide Campos de Resende, 975"
412,PARQUE BURNIER.,10072301,09:45:00,8,0,0,2,2025-01-15T00:00:00.000Z,-43.330138330000,-21.763252970000,"Rua Adelaide Campos de Resende, 1061"
412,PARQUE BURNIER.,10073561,09:45:00,7,0,1,2,2025-01-15T00:00:00.000Z,-43.331552510000,-21.763418910000,"Rua Olga Burnier, 480"
412,PARQUE BURNIER.,10073557,09:45:00,6,0,0,3,2025-01-15T00:00:00.000Z,-43.332479840000,-21.762640710000,"Rua Olga Burnier, 356"
412,PARQUE BURNIER.,10073560,09:45:00,5,0,0,3,2025-01-15T00:00:00.000Z,-43.333589670000,-21.761652280000,"Rua Olga Burnier, 230"
412,PARQUE BURNIER.,10073558,09:45:00,4,0,0,3,2025-01-15T00:00:00.000Z,-43.334645750000,-21.760669710000,"Rua Olga Burnier, 70"
412,PARQUE BURNIER.,10073552,09:45:00,3,0,0,3,2025-01-15T00:00:00.000Z,-43.335479020000,-21.760313550000,"Rua São Geraldo, 84"
412,PARQUE BURNIER.,10072305,09:45:00,2,3,0,3,2025-01-15T00:00:00.000Z,-43.337478970000,-21.760922950000,"Rua Djalma de Carvalho, 37"
412,PARQUE BURNIER.,10071108,09:45:00,1,0,0,0,2025-01-15T00:00:00.000Z,-43.349331860000,-21.758144610000,"Avenida Getúlio Vargas, 835"
412,PARQUE BURNIER.,10071108,10:20:00,17,0,24,5,2025-01-15T00:00:00.000Z,-43.349331860000,-21.758144610000,"Avenida Getúlio Vargas, 835"
412,PARQUE BURNIER.,10074194,10:20:00,16,11,8,29,2025-01-15T00:00:00.000Z,-43.342338620000,-21.760505960000,"Rua Ângelo Falci, 55"
412,PARQUE BURNIER.,10072302,10:20:00,15,0,1,26,2025-01-15T00:00:00.000Z,-43.338029500000,-21.760323850000,"Avenida Sete de Setembro, 623"
412,PARQUE BURNIER.,10072332,10:20:00,14,0,0,27,2025-01-15T00:00:00.000Z,-43.335533860000,-21.760131640000,"Rua São Geraldo, 89"
412,PARQUE BURNIER.,10072337,10:20:00,13,0,0,27,2025-01-15T00:00:00.000Z,-43.334540130000,-21.760522960000,"Rua Olga Burnier, 67"
412,PARQUE BURNIER.,10072335,10:20:00,12,0,0,27,2025-01-15T00:00:00.000Z,-43.333453420000,-21.761562350000,"Rua Olga Burnier, 233"
412,PARQUE BURNIER.,10072382,10:20:00,11,0,0,27,2025-01-15T00:00:00.000Z,-43.332369450000,-21.762522520000,"Rua Olga Burnier, 361"
412,PARQUE BURNIER.,10072380,10:20:00,10,1,0,27,2025-01-15T00:00:00.000Z,-43.331466790000,-21.763337580000,"Rua Olga Burnier, 485"
412,PARQUE BURNIER.,10073583,10:20:00,9,1,0,26,2025-01-15T00:00:00.000Z,-43.330207820000,-21.763072230000,"Rua Adelaide Campos de Resende, 1070"
412,PARQUE BURNIER.,10073584,10:20:00,8,13,0,25,2025-01-15T00:00:00.000Z,-43.329363350000,-21.763255450000,"Rua Adelaide Campos de Resende, 984"
412,PARQUE BURNIER.,10072386,10:20:00,7,0,1,12,2025-01-15T00:00:00.000Z,-43.328850270000,-21.762325320000,"Rua José Teodoro dos Santos, 292"
412,PARQUE BURNIER.,10072384,10:20:00,6,2,0,13,2025-01-15T00:00:00.000Z,-43.327999480000,-21.763301540000,"Rua José Teodoro dos Santos, 126"
412,PARQUE BURNIER.,10072309,10:20:00,5,1,0,11,2025-01-15T00:00:00.000Z,-43.327273730000,-21.763967940000,"Rua José Teodoro dos Santos, 28"
412,PARQUE BURNIER.,10073589,10:20:00,4,2,0,10,2025-01-15T00:00:00.000Z,-43.326568960000,-21.763629600000,"Rua Adelaide Campos de Resende, 706"
412,PARQUE BURNIER.,10072362,10:20:00,3,3,0,8,2025-01-15T00:00:00.000Z,-43.327527760000,-21.762798310000,"Rua Natalino José de Paula, 310"
412,PARQUE BURNIER.,10072363,10:20:00,2,5,0,5,2025-01-15T00:00:00.000Z,-43.327885630000,-21.762179390000,"Rua Natalino José de Paula, 288"
412,PARQUE BURNIER.,10072358,10:20:00,1,0,0,0,2025-01-15T00:00:00.000Z,-43.328687310000,-21.761675740000,"Rua Natalino José de Paula, 112 - Ponto Final do Parque Burnier"
412,PARQUE BURNIER.,10072358,10:40:00,18,3,0,14,2025-01-15T00:00:00.000Z,-43.328687310000,-21.761675740000,"Rua Natalino José de Paula, 112 - Ponto Final do Parque Burnier"
412,PARQUE BURNIER.,10072356,10:40:00,17,0,0,11,2025-01-15T00:00:00.000Z,-43.327793950000,-21.762107030000,"Rua Natalino José de Paula, 271"
412,PARQUE BURNIER.,10072375,10:40:00,16,0,1,11,2025-01-15T00:00:00.000Z,-43.327420830000,-21.762727850000,"Rua Natalino José de Paula, 319"
412,PARQUE BURNIER.,10071503,10:40:00,15,0,1,12,2025-01-15T00:00:00.000Z,-43.326207040000,-21.762717810000,"Rua Natalino José de Paula, 421"
412,PARQUE BURNIER.,10072359,10:40:00,14,0,2,13,2025-01-15T00:00:00.000Z,-43.326282500000,-21.763143540000,"Rua Adelaide Campos de Resende, 651"
412,PARQUE BURNIER.,10072328,10:40:00,13,0,2,15,2025-01-15T00:00:00.000Z,-43.326450350000,-21.763683320000,"Rua Adelaide Campos de Resende, 669"
412,PARQUE BURNIER.,10072377,10:40:00,12,1,0,17,2025-01-15T00:00:00.000Z,-43.327321890000,-21.764062650000,"Rua José Teodoro dos Santos, 25"
412,PARQUE BURNIER.,10072316,10:40:00,11,0,0,16,2025-01-15T00:00:00.000Z,-43.328204750000,-21.763332370000,"Rua José Teodoro dos Santos, 145"
412,PARQUE BURNIER.,10072313,10:40:00,10,0,2,16,2025-01-15T00:00:00.000Z,-43.328846690000,-21.762504770000,"Rua José Teodoro dos Santos, 275"
412,PARQUE BURNIER.,10072296,10:40:00,9,0,0,18,2025-01-15T00:00:00.000Z,-43.329374790000,-21.763440430000,"Rua Adelaide Campos de Resende, 975"
412,PARQUE BURNIER.,10072301,10:40:00,8,0,0,18,2025-01-15T00:00:00.000Z,-43.330138330000,-21.763252970000,"Rua Adelaide Campos de Resende, 1061"
412,PARQUE BURNIER.,10073561,10:40:00,7,0,0,18,2025-01-15T00:00:00.000Z,-43.331552510000,-21.763418910000,"Rua Olga Burnier, 480"
412,PARQUE BURNIER.,10073557,10:40:00,6,0,0,18,2025-01-15T00:00:00.000Z,-43.332479840000,-21.762640710000,"Rua Olga Burnier, 356"
412,PARQUE BURNIER.,10073560,10:40:00,5,0,0,18,2025-01-15T00:00:00.000Z,-43.333589670000,-21.761652280000,"Rua Olga Burnier, 230"
412,PARQUE BURNIER.,10073558,10:40:00,4,0,0,18,2025-01-15T00:00:00.000Z,-43.334645750000,-21.760669710000,"Rua Olga Burnier, 70"
412,PARQUE BURNIER.,10073552,10:40:00,3,0,1,18,2025-01-15T00:00:00.000Z,-43.335479020000,-21.760313550000,"Rua São Geraldo, 84"
412,PARQUE BURNIER.,10072305,10:40:00,2,1,1,19,2025-01-15T00:00:00.000Z,-43.337478970000,-21.760922950000,"Rua Djalma de Carvalho, 37"
412,PARQUE BURNIER.,10071108,10:40:00,1,19,0,19,2025-01-15T00:00:00.000Z,-43.349331860000,-21.758144610000,"Avenida Getúlio Vargas, 835"
412,PARQUE BURNIER.,10071108,11:15:00,17,0,16,5,2025-01-15T00:00:00.000Z,-43.349331860000,-21.758144610000,"Avenida Getúlio Vargas, 835"
412,PARQUE BURNIER.,10074194,11:15:00,16,13,1,21,2025-01-15T00:00:00.000Z,-43.342338620000,-21.760505960000,"Rua Ângelo Falci, 55"
412,PARQUE BURNIER.,10072302,11:15:00,15,0,2,9,2025-01-15T00:00:00.000Z,-43.338029500000,-21.760323850000,"Avenida Sete de Setembro, 623"
412,PARQUE BURNIER.,10072332,11:15:00,14,0,0,11,2025-01-15T00:00:00.000Z,-43.335533860000,-21.760131640000,"Rua São Geraldo, 89"
412,PARQUE BURNIER.,10072337,11:15:00,13,1,0,11,2025-01-15T00:00:00.000Z,-43.334540130000,-21.760522960000,"Rua Olga Burnier, 67"
412,PARQUE BURNIER.,10072335,11:15:00,12,1,0,10,2025-01-15T00:00:00.000Z,-43.333453420000,-21.761562350000,"Rua Olga Burnier, 233"
412,PARQUE BURNIER.,10072382,11:15:00,11,0,0,9,2025-01-15T00:00:00.000Z,-43.332369450000,-21.762522520000,"Rua Olga Burnier, 361"
412,PARQUE BURNIER.,10072380,11:15:00,10,0,0,9,2025-01-15T00:00:00.000Z,-43.331466790000,-21.763337580000,"Rua Olga Burnier, 485"
412,PARQUE BURNIER.,10073583,11:15:00,9,0,1,9,2025-01-15T00:00:00.000Z,-43.330207820000,-21.763072230000,"Rua Adelaide Campos de Resende, 1070"
412,PARQUE BURNIER.,10073584,11:15:00,8,2,0,10,2025-01-15T00:00:00.000Z,-43.329363350000,-21.763255450000,"Rua Adelaide Campos de Resende, 984"
412,PARQUE BURNIER.,10072386,11:15:00,7,2,0,8,2025-01-15T00:00:00.000Z,-43.328850270000,-21.762325320000,"Rua José Teodoro dos Santos, 292"
412,PARQUE BURNIER.,10072384,11:15:00,6,1,0,6,2025-01-15T00:00:00.000Z,-43.327999480000,-21.763301540000,"Rua José Teodoro dos Santos, 126"
412,PARQUE BURNIER.,10072309,11:15:00,5,0,0,5,2025-01-15T00:00:00.000Z,-43.327273730000,-21.763967940000,"Rua José Teodoro dos Santos, 28"
412,PARQUE BURNIER.,10073589,11:15:00,4,4,0,5,2025-01-15T00:00:00.000Z,-43.326568960000,-21.763629600000,"Rua Adelaide Campos de Resende, 706"
412,PARQUE BURNIER.,10072362,11:15:00,3,1,0,1,2025-01-15T00:00:00.000Z,-43.327527760000,-21.762798310000,"Rua Natalino José de Paula, 310"
412,PARQUE BURNIER.,10072363,11:15:00,2,0,0,0,2025-01-15T00:00:00.000Z,-43.327885630000,-21.762179390000,"Rua Natalino José de Paula, 288"
412,PARQUE BURNIER.,10072358,11:15:00,1,0,0,0,2025-01-15T00:00:00.000Z,-43.328687310000,-21.761675740000,"Rua Natalino José de Paula, 112 - Ponto Final do Parque Burnier"
412,PARQUE BURNIER.,10072358,11:35:00,18,1,0,14,2025-01-15T00:00:00.000Z,-43.328687310000,-21.761675740000,"Rua Natalino José de Paula, 112 - Ponto Final do Parque Burnier"
412,PARQUE BURNIER.,10072356,11:35:00,17,1,0,13,2025-01-15T00:00:00.000Z,-43.327793950000,-21.762107030000,"Rua Natalino José de Paula, 271"
412,PARQUE BURNIER.,10072375,11:35:00,16,0,0,12,2025-01-15T00:00:00.000Z,-43.327420830000,-21.762727850000,"Rua Natalino José de Paula, 319"
412,PARQUE BURNIER.,10071503,11:35:00,15,0,0,12,2025-01-15T00:00:00.000Z,-43.326207040000,-21.762717810000,"Rua Natalino José de Paula, 421"
412,PARQUE BURNIER.,10072359,11:35:00,14,0,0,12,2025-01-15T00:00:00.000Z,-43.326282500000,-21.763143540000,"Rua Adelaide Campos de Resende, 651"
412,PARQUE BURNIER.,10072328,11:35:00,13,0,0,12,2025-01-15T00:00:00.000Z,-43.326450350000,-21.763683320000,"Rua Adelaide Campos de Resende, 669"
412,PARQUE BURNIER.,10072377,11:35:00,12,0,0,12,2025-01-15T00:00:00.000Z,-43.327321890000,-21.764062650000,"Rua José Teodoro dos Santos, 25"
412,PARQUE BURNIER.,10072316,11:35:00,11,0,0,12,2025-01-15T00:00:00.000Z,-43.328204750000,-21.763332370000,"Rua José Teodoro dos Santos, 145"
412,PARQUE BURNIER.,10072313,11:35:00,10,0,0,12,2025-01-15T00:00:00.000Z,-43.328846690000,-21.762504770000,"Rua José Teodoro dos Santos, 275"
412,PARQUE BURNIER.,10072296,11:35:00,9,0,0,12,2025-01-15T00:00:00.000Z,-43.329374790000,-21.763440430000,"Rua Adelaide Campos de Resende, 975"
412,PARQUE BURNIER.,10072301,11:35:00,8,0,0,12,2025-01-15T00:00:00.000Z,-43.330138330000,-21.763252970000,"Rua Adelaide Campos de Resende, 1061"
412,PARQUE BURNIER.,10073561,11:35:00,7,0,0,12,2025-01-15T00:00:00.000Z,-43.331552510000,-21.763418910000,"Rua Olga Burnier, 480"
412,PARQUE BURNIER.,10073557,11:35:00,6,0,0,12,2025-01-15T00:00:00.000Z,-43.332479840000,-21.762640710000,"Rua Olga Burnier, 356"
412,PARQUE BURNIER.,10073560,11:35:00,5,0,0,12,2025-01-15T00:00:00.000Z,-43.333589670000,-21.761652280000,"Rua Olga Burnier, 230"
412,PARQUE BURNIER.,10073558,11:35:00,4,0,0,12,2025-01-15T00:00:00.000Z,-43.334645750000,-21.760669710000,"Rua Olga Burnier, 70"
412,PARQUE BURNIER.,10073552,11:35:00,3,0,2,12,2025-01-15T00:00:00.000Z,-43.335479020000,-21.760313550000,"Rua São Geraldo, 84"
412,PARQUE BURNIER.,10072305,11:35:00,2,0,1,14,2025-01-15T00:00:00.000Z,-43.337478970000,-21.760922950000,"Rua Djalma de Carvalho, 37"
412,PARQUE BURNIER.,10071108,11:35:00,1,15,0,15,2025-01-15T00:00:00.000Z,-43.349331860000,-21.758144610000,"Avenida Getúlio Vargas, 835"
412,PARQUE BURNIER.,10071108,12:10:00,17,0,26,2,2025-01-15T00:00:00.000Z,-43.349331860000,-21.758144610000,"Avenida Getúlio Vargas, 835"
412,PARQUE BURNIER.,10074194,12:10:00,16,16,0,28,2025-01-15T00:00:00.000Z,-43.342338620000,-21.760505960000,"Rua Ângelo Falci, 55"
412,PARQUE BURNIER.,10072302,12:10:00,15,0,1,12,2025-01-15T00:00:00.000Z,-43.338029500000,-21.760323850000,"Avenida Sete de Setembro, 623"
412,PARQUE BURNIER.,10072332,12:10:00,14,2,0,13,2025-01-15T00:00:00.000Z,-43.335533860000,-21.760131640000,"Rua São Geraldo, 89"
412,PARQUE BURNIER.,10072337,12:10:00,13,2,0,11,2025-01-15T00:00:00.000Z,-43.334540130000,-21.760522960000,"Rua Olga Burnier, 67"
412,PARQUE BURNIER.,10072335,12:10:00,12,0,0,9,2025-01-15T00:00:00.000Z,-43.333453420000,-21.761562350000,"Rua Olga Burnier, 233"
412,PARQUE BURNIER.,10072382,12:10:00,11,0,0,9,2025-01-15T00:00:00.000Z,-43.332369450000,-21.762522520000,"Rua Olga Burnier, 361"
412,PARQUE BURNIER.,10072380,12:10:00,10,0,0,9,2025-01-15T00:00:00.000Z,-43.331466790000,-21.763337580000,"Rua Olga Burnier, 485"
412,PARQUE BURNIER.,10073583,12:10:00,9,0,0,9,2025-01-15T00:00:00.000Z,-43.330207820000,-21.763072230000,"Rua Adelaide Campos de Resende, 1070"
412,PARQUE BURNIER.,10073584,12:10:00,8,0,0,9,2025-01-15T00:00:00.000Z,-43.329363350000,-21.763255450000,"Rua Adelaide Campos de Resende, 984"
412,PARQUE BURNIER.,10072386,12:10:00,7,0,1,9,2025-01-15T00:00:00.000Z,-43.328850270000,-21.762325320000,"Rua José Teodoro dos Santos, 292"
412,PARQUE BURNIER.,10072384,12:10:00,6,0,0,10,2025-01-15T00:00:00.000Z,-43.327999480000,-21.763301540000,"Rua José Teodoro dos Santos, 126"
412,PARQUE BURNIER.,10072309,12:10:00,5,0,1,10,2025-01-15T00:00:00.000Z,-43.327273730000,-21.763967940000,"Rua José Teodoro dos Santos, 28"
412,PARQUE BURNIER.,10073589,12:10:00,4,4,0,11,2025-01-15T00:00:00.000Z,-43.326568960000,-21.763629600000,"Rua Adelaide Campos de Resende, 706"
412,PARQUE BURNIER.,10072362,12:10:00,3,5,0,7,2025-01-15T00:00:00.000Z,-43.327527760000,-21.762798310000,"Rua Natalino José de Paula, 310"
412,PARQUE BURNIER.,10072363,12:10:00,2,1,0,2,2025-01-15T00:00:00.000Z,-43.327885630000,-21.762179390000,"Rua Natalino José de Paula, 288"
412,PARQUE BURNIER.,10072358,12:10:00,1,1,0,1,2025-01-15T00:00:00.000Z,-43.328687310000,-21.761675740000,"Rua Natalino José de Paula, 112 - Ponto Final do Parque Burnier"
412,PARQUE BURNIER.,10072358,12:30:00,18,2,0,7,2025-01-15T00:00:00.000Z,-43.328687310000,-21.761675740000,"Rua Natalino José de Paula, 112 - Ponto Final do Parque Burnier"
412,PARQUE BURNIER.,10072356,12:30:00,17,0,1,5,2025-01-15T00:00:00.000Z,-43.327793950000,-21.762107030000,"Rua Natalino José de Paula, 271"
412,PARQUE BURNIER.,10072375,12:30:00,16,0,1,6,2025-01-15T00:00:00.000Z,-43.327420830000,-21.762727850000,"Rua Natalino José de Paula, 319"
412,PARQUE BURNIER.,10071503,12:30:00,15,1,2,7,2025-01-15T00:00:00.000Z,-43.326207040000,-21.762717810000,"Rua Natalino José de Paula, 421"
412,PARQUE BURNIER.,10072359,12:30:00,14,0,2,8,2025-01-15T00:00:00.000Z,-43.326282500000,-21.763143540000,"Rua Adelaide Campos de Resende, 651"
412,PARQUE BURNIER.,10072328,12:30:00,13,0,2,10,2025-01-15T00:00:00.000Z,-43.326450350000,-21.763683320000,"Rua Adelaide Campos de Resende, 669"
412,PARQUE BURNIER.,10072377,12:30:00,12,0,0,12,2025-01-15T00:00:00.000Z,-43.327321890000,-21.764062650000,"Rua José Teodoro dos Santos, 25"
412,PARQUE BURNIER.,10072316,12:30:00,11,0,0,12,2025-01-15T00:00:00.000Z,-43.328204750000,-21.763332370000,"Rua José Teodoro dos Santos, 145"
412,PARQUE BURNIER.,10072313,12:30:00,10,0,2,12,2025-01-15T00:00:00.000Z,-43.328846690000,-21.762504770000,"Rua José Teodoro dos Santos, 275"
412,PARQUE BURNIER.,10072296,12:30:00,9,0,0,14,2025-01-15T00:00:00.000Z,-43.329374790000,-21.763440430000,"Rua Adelaide Campos de Resende, 975"
412,PARQUE BURNIER.,10072301,12:30:00,8,0,1,14,2025-01-15T00:00:00.000Z,-43.330138330000,-21.763252970000,"Rua Adelaide Campos de Resende, 1061"
412,PARQUE BURNIER.,10073561,12:30:00,7,0,0,15,2025-01-15T00:00:00.000Z,-43.331552510000,-21.763418910000,"Rua Olga Burnier, 480"
412,PARQUE BURNIER.,10073557,12:30:00,6,0,0,15,2025-01-15T00:00:00.000Z,-43.332479840000,-21.762640710000,"Rua Olga Burnier, 356"
412,PARQUE BURNIER.,10073560,12:30:00,5,0,0,15,2025-01-15T00:00:00.000Z,-43.333589670000,-21.761652280000,"Rua Olga Burnier, 230"
412,PARQUE BURNIER.,10073558,12:30:00,4,0,0,15,2025-01-15T00:00:00.000Z,-43.334645750000,-21.760669710000,"Rua Olga Burnier, 70"
412,PARQUE BURNIER.,10073552,12:30:00,3,0,1,15,2025-01-15T00:00:00.000Z,-43.335479020000,-21.760313550000,"Rua São Geraldo, 84"
412,PARQUE BURNIER.,10072305,12:30:00,2,2,1,16,2025-01-15T00:00:00.000Z,-43.337478970000,-21.760922950000,"Rua Djalma de Carvalho, 37"
412,PARQUE BURNIER.,10071108,12:30:00,1,15,0,15,2025-01-15T00:00:00.000Z,-43.349331860000,-21.758144610000,"Avenida Getúlio Vargas, 835"
412,PARQUE BURNIER.,10071108,13:05:00,17,0,25,1,2025-01-15T00:00:00.000Z,-43.349331860000,-21.758144610000,"Avenida Getúlio Vargas, 835"
412,PARQUE BURNIER.,10074194,13:05:00,16,10,2,26,2025-01-15T00:00:00.000Z,-43.342338620000,-21.760505960000,"Rua Ângelo Falci, 55"
412,PARQUE BURNIER.,10072302,13:05:00,15,1,1,18,2025-01-15T00:00:00.000Z,-43.338029500000,-21.760323850000,"Avenida Sete de Setembro, 623"
412,PARQUE BURNIER.,10072332,13:05:00,14,0,0,18,2025-01-15T00:00:00.000Z,-43.335533860000,-21.760131640000,"Rua São Geraldo, 89"
412,PARQUE BURNIER.,10072337,13:05:00,13,0,0,18,2025-01-15T00:00:00.000Z,-43.334540130000,-21.760522960000,"Rua Olga Burnier, 67"
412,PARQUE BURNIER.,10072335,13:05:00,12,0,0,18,2025-01-15T00:00:00.000Z,-43.333453420000,-21.761562350000,"Rua Olga Burnier, 233"
412,PARQUE BURNIER.,10072382,13:05:00,11,1,0,18,2025-01-15T00:00:00.000Z,-43.332369450000,-21.762522520000,"Rua Olga Burnier, 361"
412,PARQUE BURNIER.,10072380,13:05:00,10,0,0,17,2025-01-15T00:00:00.000Z,-43.331466790000,-21.763337580000,"Rua Olga Burnier, 485"
412,PARQUE BURNIER.,10073583,13:05:00,9,0,0,17,2025-01-15T00:00:00.000Z,-43.330207820000,-21.763072230000,"Rua Adelaide Campos de Resende, 1070"
412,PARQUE BURNIER.,10073584,13:05:00,8,2,0,17,2025-01-15T00:00:00.000Z,-43.329363350000,-21.763255450000,"Rua Adelaide Campos de Resende, 984"
412,PARQUE BURNIER.,10072386,13:05:00,7,2,1,15,2025-01-15T00:00:00.000Z,-43.328850270000,-21.762325320000,"Rua José Teodoro dos Santos, 292"
412,PARQUE BURNIER.,10072384,13:05:00,6,1,0,14,2025-01-15T00:00:00.000Z,-43.327999480000,-21.763301540000,"Rua José Teodoro dos Santos, 126"
412,PARQUE BURNIER.,10072309,13:05:00,5,0,0,13,2025-01-15T00:00:00.000Z,-43.327273730000,-21.763967940000,"Rua José Teodoro dos Santos, 28"
412,PARQUE BURNIER.,10073589,13:05:00,4,8,0,13,2025-01-15T00:00:00.000Z,-43.326568960000,-21.763629600000,"Rua Adelaide Campos de Resende, 706"
412,PARQUE BURNIER.,10072362,13:05:00,3,1,0,5,2025-01-15T00:00:00.000Z,-43.327527760000,-21.762798310000,"Rua Natalino José de Paula, 310"
412,PARQUE BURNIER.,10072363,13:05:00,2,4,0,4,2025-01-15T00:00:00.000Z,-43.327885630000,-21.762179390000,"Rua Natalino José de Paula, 288"
412,PARQUE BURNIER.,10072358,13:05:00,1,0,0,0,2025-01-15T00:00:00.000Z,-43.328687310000,-21.761675740000,"Rua Natalino José de Paula, 112 - Ponto Final do Parque Burnier"
412,PARQUE BURNIER.,10072358,13:25:00,18,2,1,2,2025-01-15T00:00:00.000Z,-43.328687310000,-21.761675740000,"Rua Natalino José de Paula, 112 - Ponto Final do Parque Burnier"
412,PARQUE BURNIER.,10072356,13:25:00,17,1,0,1,2025-01-15T00:00:00.000Z,-43.327793950000,-21.762107030000,"Rua Natalino José de Paula, 271"
412,PARQUE BURNIER.,10072375,13:25:00,16,0,0,0,2025-01-15T00:00:00.000Z,-43.327420830000,-21.762727850000,"Rua Natalino José de Paula, 319"
412,PARQUE BURNIER.,10071503,13:25:00,15,0,0,0,2025-01-15T00:00:00.000Z,-43.326207040000,-21.762717810000,"Rua Natalino José de Paula, 421"
412,PARQUE BURNIER.,10072359,13:25:00,14,0,0,0,2025-01-15T00:00:00.000Z,-43.326282500000,-21.763143540000,"Rua Adelaide Campos de Resende, 651"
412,PARQUE BURNIER.,10072328,13:25:00,13,0,2,0,2025-01-15T00:00:00.000Z,-43.326450350000,-21.763683320000,"Rua Adelaide Campos de Resende, 669"
412,PARQUE BURNIER.,10072377,13:25:00,12,0,0,2,2025-01-15T00:00:00.000Z,-43.327321890000,-21.764062650000,"Rua José Teodoro dos Santos, 25"
412,PARQUE BURNIER.,10072316,13:25:00,11,0,0,2,2025-01-15T00:00:00.000Z,-43.328204750000,-21.763332370000,"Rua José Teodoro dos Santos, 145"
412,PARQUE BURNIER.,10072313,13:25:00,10,0,3,2,2025-01-15T00:00:00.000Z,-43.328846690000,-21.762504770000,"Rua José Teodoro dos Santos, 275"
412,PARQUE BURNIER.,10072296,13:25:00,9,0,4,5,2025-01-15T00:00:00.000Z,-43.329374790000,-21.763440430000,"Rua Adelaide Campos de Resende, 975"
412,PARQUE BURNIER.,10072301,13:25:00,8,0,0,9,2025-01-15T00:00:00.000Z,-43.330138330000,-21.763252970000,"Rua Adelaide Campos de Resende, 1061"
412,PARQUE BURNIER.,10073561,13:25:00,7,0,0,9,2025-01-15T00:00:00.000Z,-43.331552510000,-21.763418910000,"Rua Olga Burnier, 480"
412,PARQUE BURNIER.,10073557,13:25:00,6,0,0,9,2025-01-15T00:00:00.000Z,-43.332479840000,-21.762640710000,"Rua Olga Burnier, 356"
412,PARQUE BURNIER.,10073560,13:25:00,5,0,0,9,2025-01-15T00:00:00.000Z,-43.333589670000,-21.761652280000,"Rua Olga Burnier, 230"
412,PARQUE BURNIER.,10073558,13:25:00,4,0,0,9,2025-01-15T00:00:00.000Z,-43.334645750000,-21.760669710000,"Rua Olga Burnier, 70"
412,PARQUE BURNIER.,10073552,13:25:00,3,0,0,9,2025-01-15T00:00:00.000Z,-43.335479020000,-21.760313550000,"Rua São Geraldo, 84"
412,PARQUE BURNIER.,10072305,13:25:00,2,0,2,9,2025-01-15T00:00:00.000Z,-43.337478970000,-21.760922950000,"Rua Djalma de Carvalho, 37"
412,PARQUE BURNIER.,10071108,13:25:00,1,11,0,11,2025-01-15T00:00:00.000Z,-43.349331860000,-21.758144610000,"Avenida Getúlio Vargas, 835"
412,PARQUE BURNIER.,10071108,14:00:00,17,0,17,4,2025-01-15T00:00:00.000Z,-43.349331860000,-21.758144610000,"Avenida Getúlio Vargas, 835"
412,PARQUE BURNIER.,10074194,14:00:00,16,8,0,21,2025-01-15T00:00:00.000Z,-43.342338620000,-21.760505960000,"Rua Ângelo Falci, 55"
412,PARQUE BURNIER.,10072302,14:00:00,15,0,2,13,2025-01-15T00:00:00.000Z,-43.338029500000,-21.760323850000,"Avenida Sete de Setembro, 623"
412,PARQUE BURNIER.,10072332,14:00:00,14,0,0,15,2025-01-15T00:00:00.000Z,-43.335533860000,-21.760131640000,"Rua São Geraldo, 89"
412,PARQUE BURNIER.,10072337,14:00:00,13,0,0,15,2025-01-15T00:00:00.000Z,-43.334540130000,-21.760522960000,"Rua Olga Burnier, 67"
412,PARQUE BURNIER.,10072335,14:00:00,12,0,0,15,2025-01-15T00:00:00.000Z,-43.333453420000,-21.761562350000,"Rua Olga Burnier, 233"
412,PARQUE BURNIER.,10072382,14:00:00,11,1,0,15,2025-01-15T00:00:00.000Z,-43.332369450000,-21.762522520000,"Rua Olga Burnier, 361"
412,PARQUE BURNIER.,10072380,14:00:00,10,0,1,14,2025-01-15T00:00:00.000Z,-43.331466790000,-21.763337580000,"Rua Olga Burnier, 485"
412,PARQUE BURNIER.,10073583,14:00:00,9,1,1,15,2025-01-15T00:00:00.000Z,-43.330207820000,-21.763072230000,"Rua Adelaide Campos de Resende, 1070"
412,PARQUE BURNIER.,10073584,14:00:00,8,2,0,15,2025-01-15T00:00:00.000Z,-43.329363350000,-21.763255450000,"Rua Adelaide Campos de Resende, 984"
412,PARQUE BURNIER.,10072386,14:00:00,7,2,0,13,2025-01-15T00:00:00.000Z,-43.328850270000,-21.762325320000,"Rua José Teodoro dos Santos, 292"
412,PARQUE BURNIER.,10072384,14:00:00,6,0,0,11,2025-01-15T00:00:00.000Z,-43.327999480000,-21.763301540000,"Rua José Teodoro dos Santos, 126"
412,PARQUE BURNIER.,10072309,14:00:00,5,5,0,11,2025-01-15T00:00:00.000Z,-43.327273730000,-21.763967940000,"Rua José Teodoro dos Santos, 28"
412,PARQUE BURNIER.,10073589,14:00:00,4,1,0,6,2025-01-15T00:00:00.000Z,-43.326568960000,-21.763629600000,"Rua Adelaide Campos de Resende, 706"
412,PARQUE BURNIER.,10072362,14:00:00,3,4,0,5,2025-01-15T00:00:00.000Z,-43.327527760000,-21.762798310000,"Rua Natalino José de Paula, 310"
412,PARQUE BURNIER.,10072363,14:00:00,2,1,0,1,2025-01-15T00:00:00.000Z,-43.327885630000,-21.762179390000,"Rua Natalino José de Paula, 288"
412,PARQUE BURNIER.,10072358,14:00:00,1,0,0,0,2025-01-15T00:00:00.000Z,-43.328687310000,-21.761675740000,"Rua Natalino José de Paula, 112 - Ponto Final do Parque Burnier"
412,PARQUE BURNIER.,10072358,14:20:00,18,3,0,3,2025-01-15T00:00:00.000Z,-43.328687310000,-21.761675740000,"Rua Natalino José de Paula, 112 - Ponto Final do Parque Burnier"
412,PARQUE BURNIER.,10072356,14:20:00,17,0,0,0,2025-01-15T00:00:00.000Z,-43.327793950000,-21.762107030000,"Rua Natalino José de Paula, 271"
412,PARQUE BURNIER.,10072375,14:20:00,16,0,1,0,2025-01-15T00:00:00.000Z,-43.327420830000,-21.762727850000,"Rua Natalino José de Paula, 319"
412,PARQUE BURNIER.,10071503,14:20:00,15,0,0,1,2025-01-15T00:00:00.000Z,-43.326207040000,-21.762717810000,"Rua Natalino José de Paula, 421"
412,PARQUE BURNIER.,10072359,14:20:00,14,1,0,1,2025-01-15T00:00:00.000Z,-43.326282500000,-21.763143540000,"Rua Adelaide Campos de Resende, 651"
412,PARQUE BURNIER.,10072328,14:20:00,13,0,2,0,2025-01-15T00:00:00.000Z,-43.326450350000,-21.763683320000,"Rua Adelaide Campos de Resende, 669"
412,PARQUE BURNIER.,10072377,14:20:00,12,0,0,2,2025-01-15T00:00:00.000Z,-43.327321890000,-21.764062650000,"Rua José Teodoro dos Santos, 25"
412,PARQUE BURNIER.,10072316,14:20:00,11,0,0,2,2025-01-15T00:00:00.000Z,-43.328204750000,-21.763332370000,"Rua José Teodoro dos Santos, 145"
412,PARQUE BURNIER.,10072313,14:20:00,10,0,3,2,2025-01-15T00:00:00.000Z,-43.328846690000,-21.762504770000,"Rua José Teodoro dos Santos, 275"
412,PARQUE BURNIER.,10072296,14:20:00,9,0,4,5,2025-01-15T00:00:00.000Z,-43.329374790000,-21.763440430000,"Rua Adelaide Campos de Resende, 975"
412,PARQUE BURNIER.,10072301,14:20:00,8,0,0,9,2025-01-15T00:00:00.000Z,-43.330138330000,-21.763252970000,"Rua Adelaide Campos de Resende, 1061"
412,PARQUE BURNIER.,10073561,14:20:00,7,0,0,9,2025-01-15T00:00:00.000Z,-43.331552510000,-21.763418910000,"Rua Olga Burnier, 480"
412,PARQUE BURNIER.,10073557,14:20:00,6,0,0,9,2025-01-15T00:00:00.000Z,-43.332479840000,-21.762640710000,"Rua Olga Burnier, 356"
412,PARQUE BURNIER.,10073560,14:20:00,5,0,0,9,2025-01-15T00:00:00.000Z,-43.333589670000,-21.761652280000,"Rua Olga Burnier, 230"
412,PARQUE BURNIER.,10073558,14:20:00,4,1,0,9,2025-01-15T00:00:00.000Z,-43.334645750000,-21.760669710000,"Rua Olga Burnier, 70"
412,PARQUE BURNIER.,10073552,14:20:00,3,0,0,8,2025-01-15T00:00:00.000Z,-43.335479020000,-21.760313550000,"Rua São Geraldo, 84"
412,PARQUE BURNIER.,10072305,14:20:00,2,2,2,8,2025-01-15T00:00:00.000Z,-43.337478970000,-21.760922950000,"Rua Djalma de Carvalho, 37"
412,PARQUE BURNIER.,10071108,14:20:00,1,8,0,8,2025-01-15T00:00:00.000Z,-43.349331860000,-21.758144610000,"Avenida Getúlio Vargas, 835"
412,PARQUE BURNIER.,10071108,14:55:00,17,0,14,0,2025-01-15T00:00:00.000Z,-43.349331860000,-21.758144610000,"Avenida Getúlio Vargas, 835"
412,PARQUE BURNIER.,10074194,14:55:00,16,12,3,14,2025-01-15T00:00:00.000Z,-43.342338620000,-21.760505960000,"Rua Ângelo Falci, 55"
412,PARQUE BURNIER.,10072302,14:55:00,15,0,2,5,2025-01-15T00:00:00.000Z,-43.338029500000,-21.760323850000,"Avenida Sete de Setembro, 623"
412,PARQUE BURNIER.,10072332,14:55:00,14,0,0,7,2025-01-15T00:00:00.000Z,-43.335533860000,-21.760131640000,"Rua São Geraldo, 89"
412,PARQUE BURNIER.,10072337,14:55:00,13,0,0,7,2025-01-15T00:00:00.000Z,-43.334540130000,-21.760522960000,"Rua Olga Burnier, 67"
412,PARQUE BURNIER.,10072335,14:55:00,12,2,0,7,2025-01-15T00:00:00.000Z,-43.333453420000,-21.761562350000,"Rua Olga Burnier, 233"
412,PARQUE BURNIER.,10072382,14:55:00,11,2,0,5,2025-01-15T00:00:00.000Z,-43.332369450000,-21.762522520000,"Rua Olga Burnier, 361"
412,PARQUE BURNIER.,10072380,14:55:00,10,0,0,3,2025-01-15T00:00:00.000Z,-43.331466790000,-21.763337580000,"Rua Olga Burnier, 485"
412,PARQUE BURNIER.,10073583,14:55:00,9,0,1,3,2025-01-15T00:00:00.000Z,-43.330207820000,-21.763072230000,"Rua Adelaide Campos de Resende, 1070"
412,PARQUE BURNIER.,10073584,14:55:00,8,2,0,4,2025-01-15T00:00:00.000Z,-43.329363350000,-21.763255450000,"Rua Adelaide Campos de Resende, 984"
412,PARQUE BURNIER.,10072386,14:55:00,7,0,0,2,2025-01-15T00:00:00.000Z,-43.328850270000,-21.762325320000,"Rua José Teodoro dos Santos, 292"
412,PARQUE BURNIER.,10072384,14:55:00,6,0,0,2,2025-01-15T00:00:00.000Z,-43.327999480000,-21.763301540000,"Rua José Teodoro dos Santos, 126"
412,PARQUE BURNIER.,10072309,14:55:00,5,1,0,2,2025-01-15T00:00:00.000Z,-43.327273730000,-21.763967940000,"Rua José Teodoro dos Santos, 28"
412,PARQUE BURNIER.,10073589,14:55:00,4,1,0,1,2025-01-15T00:00:00.000Z,-43.326568960000,-21.763629600000,"Rua Adelaide Campos de Resende, 706"
412,PARQUE BURNIER.,10072362,14:55:00,3,0,0,0,2025-01-15T00:00:00.000Z,-43.327527760000,-21.762798310000,"Rua Natalino José de Paula, 310"
412,PARQUE BURNIER.,10072363,14:55:00,2,0,0,0,2025-01-15T00:00:00.000Z,-43.327885630000,-21.762179390000,"Rua Natalino José de Paula, 288"
412,PARQUE BURNIER.,10072358,14:55:00,1,0,0,0,2025-01-15T00:00:00.000Z,-43.328687310000,-21.761675740000,"Rua Natalino José de Paula, 112 - Ponto Final do Parque Burnier"
412,PARQUE BURNIER.,10072358,15:15:00,18,1,0,11,2025-01-15T00:00:00.000Z,-43.328687310000,-21.761675740000,"Rua Natalino José de Paula, 112 - Ponto Final do Parque Burnier"
412,PARQUE BURNIER.,10072356,15:15:00,17,0,0,10,2025-01-15T00:00:00.000Z,-43.327793950000,-21.762107030000,"Rua Natalino José de Paula, 271"
412,PARQUE BURNIER.,10072375,15:15:00,16,0,1,10,2025-01-15T00:00:00.000Z,-43.327420830000,-21.762727850000,"Rua Natalino José de Paula, 319"
412,PARQUE BURNIER.,10071503,15:15:00,15,1,2,11,2025-01-15T00:00:00.000Z,-43.326207040000,-21.762717810000,"Rua Natalino José de Paula, 421"
412,PARQUE BURNIER.,10072359,15:15:00,14,0,2,12,2025-01-15T00:00:00.000Z,-43.326282500000,-21.763143540000,"Rua Adelaide Campos de Resende, 651"
412,PARQUE BURNIER.,10072328,15:15:00,13,0,2,14,2025-01-15T00:00:00.000Z,-43.326450350000,-21.763683320000,"Rua Adelaide Campos de Resende, 669"
412,PARQUE BURNIER.,10072377,15:15:00,12,0,0,16,2025-01-15T00:00:00.000Z,-43.327321890000,-21.764062650000,"Rua José Teodoro dos Santos, 25"
412,PARQUE BURNIER.,10072316,15:15:00,11,0,0,16,2025-01-15T00:00:00.000Z,-43.328204750000,-21.763332370000,"Rua José Teodoro dos Santos, 145"
412,PARQUE BURNIER.,10072313,15:15:00,10,0,2,16,2025-01-15T00:00:00.000Z,-43.328846690000,-21.762504770000,"Rua José Teodoro dos Santos, 275"
412,PARQUE BURNIER.,10072296,15:15:00,9,0,0,18,2025-01-15T00:00:00.000Z,-43.329374790000,-21.763440430000,"Rua Adelaide Campos de Resende, 975"
412,PARQUE BURNIER.,10072301,15:15:00,8,0,0,18,2025-01-15T00:00:00.000Z,-43.330138330000,-21.763252970000,"Rua Adelaide Campos de Resende, 1061"
412,PARQUE BURNIER.,10073561,15:15:00,7,0,0,18,2025-01-15T00:00:00.000Z,-43.331552510000,-21.763418910000,"Rua Olga Burnier, 480"
412,PARQUE BURNIER.,10073557,15:15:00,6,0,0,18,2025-01-15T00:00:00.000Z,-43.332479840000,-21.762640710000,"Rua Olga Burnier, 356"
412,PARQUE BURNIER.,10073560,15:15:00,5,0,0,18,2025-01-15T00:00:00.000Z,-43.333589670000,-21.761652280000,"Rua Olga Burnier, 230"
412,PARQUE BURNIER.,10073558,15:15:00,4,0,0,18,2025-01-15T00:00:00.000Z,-43.334645750000,-21.760669710000,"Rua Olga Burnier, 70"
412,PARQUE BURNIER.,10073552,15:15:00,3,0,0,18,2025-01-15T00:00:00.000Z,-43.335479020000,-21.760313550000,"Rua São Geraldo, 84"
412,PARQUE BURNIER.,10072305,15:15:00,2,0,1,18,2025-01-15T00:00:00.000Z,-43.337478970000,-21.760922950000,"Rua Djalma de Carvalho, 37"
412,PARQUE BURNIER.,10071108,15:15:00,1,19,0,19,2025-01-15T00:00:00.000Z,-43.349331860000,-21.758144610000,"Avenida Getúlio Vargas, 835"
412,PARQUE BURNIER.,10071108,15:50:00,17,0,17,5,2025-01-15T00:00:00.000Z,-43.349331860000,-21.758144610000,"Avenida Getúlio Vargas, 835"
412,PARQUE BURNIER.,10074194,15:50:00,16,20,2,22,2025-01-15T00:00:00.000Z,-43.342338620000,-21.760505960000,"Rua Ângelo Falci, 55"
412,PARQUE BURNIER.,10072302,15:50:00,15,0,1,4,2025-01-15T00:00:00.000Z,-43.338029500000,-21.760323850000,"Avenida Sete de Setembro, 623"
412,PARQUE BURNIER.,10072332,15:50:00,14,0,0,5,2025-01-15T00:00:00.000Z,-43.335533860000,-21.760131640000,"Rua São Geraldo, 89"
412,PARQUE BURNIER.,10072337,15:50:00,13,0,0,5,2025-01-15T00:00:00.000Z,-43.334540130000,-21.760522960000,"Rua Olga Burnier, 67"
412,PARQUE BURNIER.,10072335,15:50:00,12,0,0,5,2025-01-15T00:00:00.000Z,-43.333453420000,-21.761562350000,"Rua Olga Burnier, 233"
412,PARQUE BURNIER.,10072382,15:50:00,11,0,0,5,2025-01-15T00:00:00.000Z,-43.332369450000,-21.762522520000,"Rua Olga Burnier, 361"
412,PARQUE BURNIER.,10072380,15:50:00,10,1,0,5,2025-01-15T00:00:00.000Z,-43.331466790000,-21.763337580000,"Rua Olga Burnier, 485"
412,PARQUE BURNIER.,10073583,15:50:00,9,0,0,4,2025-01-15T00:00:00.000Z,-43.330207820000,-21.763072230000,"Rua Adelaide Campos de Resende, 1070"
412,PARQUE BURNIER.,10073584,15:50:00,8,1,0,4,2025-01-15T00:00:00.000Z,-43.329363350000,-21.763255450000,"Rua Adelaide Campos de Resende, 984"
412,PARQUE BURNIER.,10072386,15:50:00,7,0,0,3,2025-01-15T00:00:00.000Z,-43.328850270000,-21.762325320000,"Rua José Teodoro dos Santos, 292"
412,PARQUE BURNIER.,10072384,15:50:00,6,1,0,3,2025-01-15T00:00:00.000Z,-43.327999480000,-21.763301540000,"Rua José Teodoro dos Santos, 126"
412,PARQUE BURNIER.,10072309,15:50:00,5,2,1,2,2025-01-15T00:00:00.000Z,-43.327273730000,-21.763967940000,"Rua José Teodoro dos Santos, 28"
412,PARQUE BURNIER.,10073589,15:50:00,4,0,0,1,2025-01-15T00:00:00.000Z,-43.326568960000,-21.763629600000,"Rua Adelaide Campos de Resende, 706"
412,PARQUE BURNIER.,10072362,15:50:00,3,0,0,1,2025-01-15T00:00:00.000Z,-43.327527760000,-21.762798310000,"Rua Natalino José de Paula, 310"
412,PARQUE BURNIER.,10072363,15:50:00,2,1,0,1,2025-01-15T00:00:00.000Z,-43.327885630000,-21.762179390000,"Rua Natalino José de Paula, 288"
412,PARQUE BURNIER.,10072358,15:50:00,1,0,0,0,2025-01-15T00:00:00.000Z,-43.328687310000,-21.761675740000,"Rua Natalino José de Paula, 112 - Ponto Final do Parque Burnier"
412,PARQUE BURNIER.,10072358,16:10:00,18,1,1,11,2025-01-15T00:00:00.000Z,-43.328687310000,-21.761675740000,"Rua Natalino José de Paula, 112 - Ponto Final do Parque Burnier"
412,PARQUE BURNIER.,10072356,16:10:00,17,0,1,11,2025-01-15T00:00:00.000Z,-43.327793950000,-21.762107030000,"Rua Natalino José de Paula, 271"
412,PARQUE BURNIER.,10072375,16:10:00,16,0,5,12,2025-01-15T00:00:00.000Z,-43.327420830000,-21.762727850000,"Rua Natalino José de Paula, 319"
412,PARQUE BURNIER.,10071503,16:10:00,15,0,2,17,2025-01-15T00:00:00.000Z,-43.326207040000,-21.762717810000,"Rua Natalino José de Paula, 421"
412,PARQUE BURNIER.,10072359,16:10:00,14,1,4,19,2025-01-15T00:00:00.000Z,-43.326282500000,-21.763143540000,"Rua Adelaide Campos de Resende, 651"
412,PARQUE BURNIER.,10072328,16:10:00,13,0,4,22,2025-01-15T00:00:00.000Z,-43.326450350000,-21.763683320000,"Rua Adelaide Campos de Resende, 669"
412,PARQUE BURNIER.,10072377,16:10:00,12,0,0,26,2025-01-15T00:00:00.000Z,-43.327321890000,-21.764062650000,"Rua José Teodoro dos Santos, 25"
412,PARQUE BURNIER.,10072316,16:10:00,11,0,0,26,2025-01-15T00:00:00.000Z,-43.328204750000,-21.763332370000,"Rua José Teodoro dos Santos, 145"
412,PARQUE BURNIER.,10072313,16:10:00,10,1,0,26,2025-01-15T00:00:00.000Z,-43.328846690000,-21.762504770000,"Rua José Teodoro dos Santos, 275"
412,PARQUE BURNIER.,10072296,16:10:00,9,0,1,25,2025-01-15T00:00:00.000Z,-43.329374790000,-21.763440430000,"Rua Adelaide Campos de Resende, 975"
412,PARQUE BURNIER.,10072301,16:10:00,8,0,0,26,2025-01-15T00:00:00.000Z,-43.330138330000,-21.763252970000,"Rua Adelaide Campos de Resende, 1061"
412,PARQUE BURNIER.,10073561,16:10:00,7,0,0,26,2025-01-15T00:00:00.000Z,-43.331552510000,-21.763418910000,"Rua Olga Burnier, 480"
412,PARQUE BURNIER.,10073557,16:10:00,6,0,0,26,2025-01-15T00:00:00.000Z,-43.332479840000,-21.762640710000,"Rua Olga Burnier, 356"
412,PARQUE BURNIER.,10073560,16:10:00,5,0,0,26,2025-01-15T00:00:00.000Z,-43.333589670000,-21.761652280000,"Rua Olga Burnier, 230"
412,PARQUE BURNIER.,10073558,16:10:00,4,0,2,26,2025-01-15T00:00:00.000Z,-43.334645750000,-21.760669710000,"Rua Olga Burnier, 70"
412,PARQUE BURNIER.,10073552,16:10:00,3,0,2,28,2025-01-15T00:00:00.000Z,-43.335479020000,-21.760313550000,"Rua São Geraldo, 84"
412,PARQUE BURNIER.,10072305,16:10:00,2,1,0,30,2025-01-15T00:00:00.000Z,-43.337478970000,-21.760922950000,"Rua Djalma de Carvalho, 37"
412,PARQUE BURNIER.,10071108,16:10:00,1,29,0,29,2025-01-15T00:00:00.000Z,-43.349331860000,-21.758144610000,"Avenida Getúlio Vargas, 835"
412,PARQUE BURNIER.,10071108,16:45:00,17,0,16,10,2025-01-15T00:00:00.000Z,-43.349331860000,-21.758144610000,"Avenida Getúlio Vargas, 835"
412,PARQUE BURNIER.,10074194,16:45:00,16,18,0,26,2025-01-15T00:00:00.000Z,-43.342338620000,-21.760505960000,"Rua Ângelo Falci, 55"
412,PARQUE BURNIER.,10072302,16:45:00,15,1,1,8,2025-01-15T00:00:00.000Z,-43.338029500000,-21.760323850000,"Avenida Sete de Setembro, 623"
412,PARQUE BURNIER.,10072332,16:45:00,14,0,0,8,2025-01-15T00:00:00.000Z,-43.335533860000,-21.760131640000,"Rua São Geraldo, 89"
412,PARQUE BURNIER.,10072337,16:45:00,13,1,0,8,2025-01-15T00:00:00.000Z,-43.334540130000,-21.760522960000,"Rua Olga Burnier, 67"
412,PARQUE BURNIER.,10072335,16:45:00,12,0,0,7,2025-01-15T00:00:00.000Z,-43.333453420000,-21.761562350000,"Rua Olga Burnier, 233"
412,PARQUE BURNIER.,10072382,16:45:00,11,1,0,7,2025-01-15T00:00:00.000Z,-43.332369450000,-21.762522520000,"Rua Olga Burnier, 361"
412,PARQUE BURNIER.,10072380,16:45:00,10,0,0,6,2025-01-15T00:00:00.000Z,-43.331466790000,-21.763337580000,"Rua Olga Burnier, 485"
412,PARQUE BURNIER.,10073583,16:45:00,9,0,0,6,2025-01-15T00:00:00.000Z,-43.330207820000,-21.763072230000,"Rua Adelaide Campos de Resende, 1070"
412,PARQUE BURNIER.,10073584,16:45:00,8,1,0,6,2025-01-15T00:00:00.000Z,-43.329363350000,-21.763255450000,"Rua Adelaide Campos de Resende, 984"
412,PARQUE BURNIER.,10072386,16:45:00,7,1,0,5,2025-01-15T00:00:00.000Z,-43.328850270000,-21.762325320000,"Rua José Teodoro dos Santos, 292"
412,PARQUE BURNIER.,10072384,16:45:00,6,1,0,4,2025-01-15T00:00:00.000Z,-43.327999480000,-21.763301540000,"Rua José Teodoro dos Santos, 126"
412,PARQUE BURNIER.,10072309,16:45:00,5,1,1,3,2025-01-15T00:00:00.000Z,-43.327273730000,-21.763967940000,"Rua José Teodoro dos Santos, 28"
412,PARQUE BURNIER.,10073589,16:45:00,4,0,0,3,2025-01-15T00:00:00.000Z,-43.326568960000,-21.763629600000,"Rua Adelaide Campos de Resende, 706"
412,PARQUE BURNIER.,10072362,16:45:00,3,1,0,3,2025-01-15T00:00:00.000Z,-43.327527760000,-21.762798310000,"Rua Natalino José de Paula, 310"
412,PARQUE BURNIER.,10072363,16:45:00,2,2,0,2,2025-01-15T00:00:00.000Z,-43.327885630000,-21.762179390000,"Rua Natalino José de Paula, 288"
412,PARQUE BURNIER.,10072358,16:45:00,1,0,0,0,2025-01-15T00:00:00.000Z,-43.328687310000,-21.761675740000,"Rua Natalino José de Paula, 112 - Ponto Final do Parque Burnier"
412,PARQUE BURNIER.,10071108,17:40:00,17,0,12,16,2025-01-15T00:00:00.000Z,-43.349331860000,-21.758144610000,"Avenida Getúlio Vargas, 835"
412,PARQUE BURNIER.,10074194,17:40:00,16,24,0,28,2025-01-15T00:00:00.000Z,-43.342338620000,-21.760505960000,"Rua Ângelo Falci, 55"
412,PARQUE BURNIER.,10072302,17:40:00,15,1,1,4,2025-01-15T00:00:00.000Z,-43.338029500000,-21.760323850000,"Avenida Sete de Setembro, 623"
412,PARQUE BURNIER.,10072332,17:40:00,14,0,0,4,2025-01-15T00:00:00.000Z,-43.335533860000,-21.760131640000,"Rua São Geraldo, 89"
412,PARQUE BURNIER.,10072337,17:40:00,13,1,0,4,2025-01-15T00:00:00.000Z,-43.334540130000,-21.760522960000,"Rua Olga Burnier, 67"
412,PARQUE BURNIER.,10072335,17:40:00,12,0,0,3,2025-01-15T00:00:00.000Z,-43.333453420000,-21.761562350000,"Rua Olga Burnier, 233"
412,PARQUE BURNIER.,10072382,17:40:00,11,0,0,3,2025-01-15T00:00:00.000Z,-43.332369450000,-21.762522520000,"Rua Olga Burnier, 361"
412,PARQUE BURNIER.,10072380,17:40:00,10,0,0,3,2025-01-15T00:00:00.000Z,-43.331466790000,-21.763337580000,"Rua Olga Burnier, 485"
412,PARQUE BURNIER.,10073583,17:40:00,9,0,1,3,2025-01-15T00:00:00.000Z,-43.330207820000,-21.763072230000,"Rua Adelaide Campos de Resende, 1070"
412,PARQUE BURNIER.,10073584,17:40:00,8,0,1,4,2025-01-15T00:00:00.000Z,-43.329363350000,-21.763255450000,"Rua Adelaide Campos de Resende, 984"
412,PARQUE BURNIER.,10072386,17:40:00,7,1,0,5,2025-01-15T00:00:00.000Z,-43.328850270000,-21.762325320000,"Rua José Teodoro dos Santos, 292"
412,PARQUE BURNIER.,10072384,17:40:00,6,2,0,4,2025-01-15T00:00:00.000Z,-43.327999480000,-21.763301540000,"Rua José Teodoro dos Santos, 126"
412,PARQUE BURNIER.,10072309,17:40:00,5,1,0,2,2025-01-15T00:00:00.000Z,-43.327273730000,-21.763967940000,"Rua José Teodoro dos Santos, 28"
412,PARQUE BURNIER.,10073589,17:40:00,4,1,0,1,2025-01-15T00:00:00.000Z,-43.326568960000,-21.763629600000,"Rua Adelaide Campos de Resende, 706"
412,PARQUE BURNIER.,10072362,17:40:00,3,0,0,0,2025-01-15T00:00:00.000Z,-43.327527760000,-21.762798310000,"Rua Natalino José de Paula, 310"
412,PARQUE BURNIER.,10072363,17:40:00,2,0,0,0,2025-01-15T00:00:00.000Z,-43.327885630000,-21.762179390000,"Rua Natalino José de Paula, 288"
412,PARQUE BURNIER.,10072358,17:40:00,1,0,0,0,2025-01-15T00:00:00.000Z,-43.328687310000,-21.761675740000,"Rua Natalino José de Paula, 112 - Ponto Final do Parque Burnier"
412,PARQUE BURNIER.,10072358,18:00:00,18,1,0,8,2025-01-15T00:00:00.000Z,-43.328687310000,-21.761675740000,"Rua Natalino José de Paula, 112 - Ponto Final do Parque Burnier"
412,PARQUE BURNIER.,10072356,18:00:00,17,0,0,7,2025-01-15T00:00:00.000Z,-43.327793950000,-21.762107030000,"Rua Natalino José de Paula, 271"
412,PARQUE BURNIER.,10072375,18:00:00,16,0,0,7,2025-01-15T00:00:00.000Z,-43.327420830000,-21.762727850000,"Rua Natalino José de Paula, 319"
412,PARQUE BURNIER.,10071503,18:00:00,15,2,1,7,2025-01-15T00:00:00.000Z,-43.326207040000,-21.762717810000,"Rua Natalino José de Paula, 421"
412,PARQUE BURNIER.,10072359,18:00:00,14,0,1,6,2025-01-15T00:00:00.000Z,-43.326282500000,-21.763143540000,"Rua Adelaide Campos de Resende, 651"
412,PARQUE BURNIER.,10072328,18:00:00,13,0,1,7,2025-01-15T00:00:00.000Z,-43.326450350000,-21.763683320000,"Rua Adelaide Campos de Resende, 669"
412,PARQUE BURNIER.,10072377,18:00:00,12,0,1,8,2025-01-15T00:00:00.000Z,-43.327321890000,-21.764062650000,"Rua José Teodoro dos Santos, 25"
412,PARQUE BURNIER.,10072316,18:00:00,11,0,0,9,2025-01-15T00:00:00.000Z,-43.328204750000,-21.763332370000,"Rua José Teodoro dos Santos, 145"
412,PARQUE BURNIER.,10072313,18:00:00,10,0,0,9,2025-01-15T00:00:00.000Z,-43.328846690000,-21.762504770000,"Rua José Teodoro dos Santos, 275"
412,PARQUE BURNIER.,10072296,18:00:00,9,0,0,9,2025-01-15T00:00:00.000Z,-43.329374790000,-21.763440430000,"Rua Adelaide Campos de Resende, 975"
412,PARQUE BURNIER.,10072301,18:00:00,8,0,0,9,2025-01-15T00:00:00.000Z,-43.330138330000,-21.763252970000,"Rua Adelaide Campos de Resende, 1061"
412,PARQUE BURNIER.,10073561,18:00:00,7,0,0,9,2025-01-15T00:00:00.000Z,-43.331552510000,-21.763418910000,"Rua Olga Burnier, 480"
412,PARQUE BURNIER.,10073557,18:00:00,6,0,2,9,2025-01-15T00:00:00.000Z,-43.332479840000,-21.762640710000,"Rua Olga Burnier, 356"
412,PARQUE BURNIER.,10073560,18:00:00,5,0,2,11,2025-01-15T00:00:00.000Z,-43.333589670000,-21.761652280000,"Rua Olga Burnier, 230"
412,PARQUE BURNIER.,10073558,18:00:00,4,1,0,13,2025-01-15T00:00:00.000Z,-43.334645750000,-21.760669710000,"Rua Olga Burnier, 70"
412,PARQUE BURNIER.,10073552,18:00:00,3,1,0,12,2025-01-15T00:00:00.000Z,-43.335479020000,-21.760313550000,"Rua São Geraldo, 84"
412,PARQUE BURNIER.,10072305,18:00:00,2,0,0,11,2025-01-15T00:00:00.000Z,-43.337478970000,-21.760922950000,"Rua Djalma de Carvalho, 37"
412,PARQUE BURNIER.,10071108,18:00:00,1,11,0,11,2025-01-15T00:00:00.000Z,-43.349331860000,-21.758144610000,"Avenida Getúlio Vargas, 835"
412,PARQUE BURNIER.,10071108,18:35:00,17,0,18,5,2025-01-15T00:00:00.000Z,-43.349331860000,-21.758144610000,"Avenida Getúlio Vargas, 835"
412,PARQUE BURNIER.,10074194,18:35:00,16,19,0,23,2025-01-15T00:00:00.000Z,-43.342338620000,-21.760505960000,"Rua Ângelo Falci, 55"
412,PARQUE BURNIER.,10072302,18:35:00,15,1,1,4,2025-01-15T00:00:00.000Z,-43.338029500000,-21.760323850000,"Avenida Sete de Setembro, 623"
412,PARQUE BURNIER.,10072332,18:35:00,14,0,0,4,2025-01-15T00:00:00.000Z,-43.335533860000,-21.760131640000,"Rua São Geraldo, 89"
412,PARQUE BURNIER.,10072337,18:35:00,13,0,0,4,2025-01-15T00:00:00.000Z,-43.334540130000,-21.760522960000,"Rua Olga Burnier, 67"
412,PARQUE BURNIER.,10072335,18:35:00,12,0,0,4,2025-01-15T00:00:00.000Z,-43.333453420000,-21.761562350000,"Rua Olga Burnier, 233"
412,PARQUE BURNIER.,10072382,18:35:00,11,0,0,4,2025-01-15T00:00:00.000Z,-43.332369450000,-21.762522520000,"Rua Olga Burnier, 361"
412,PARQUE BURNIER.,10072380,18:35:00,10,0,0,4,2025-01-15T00:00:00.000Z,-43.331466790000,-21.763337580000,"Rua Olga Burnier, 485"
412,PARQUE BURNIER.,10073583,18:35:00,9,0,0,4,2025-01-15T00:00:00.000Z,-43.330207820000,-21.763072230000,"Rua Adelaide Campos de Resende, 1070"
412,PARQUE BURNIER.,10073584,18:35:00,8,0,0,4,2025-01-15T00:00:00.000Z,-43.329363350000,-21.763255450000,"Rua Adelaide Campos de Resende, 984"
412,PARQUE BURNIER.,10072386,18:35:00,7,2,0,4,2025-01-15T00:00:00.000Z,-43.328850270000,-21.762325320000,"Rua José Teodoro dos Santos, 292"
412,PARQUE BURNIER.,10072384,18:35:00,6,0,0,2,2025-01-15T00:00:00.000Z,-43.327999480000,-21.763301540000,"Rua José Teodoro dos Santos, 126"
412,PARQUE BURNIER.,10072309,18:35:00,5,0,1,2,2025-01-15T00:00:00.000Z,-43.327273730000,-21.763967940000,"Rua José Teodoro dos Santos, 28"
412,PARQUE BURNIER.,10073589,18:35:00,4,2,0,3,2025-01-15T00:00:00.000Z,-43.326568960000,-21.763629600000,"Rua Adelaide Campos de Resende, 706"
412,PARQUE BURNIER.,10072362,18:35:00,3,1,0,1,2025-01-15T00:00:00.000Z,-43.327527760000,-21.762798310000,"Rua Natalino José de Paula, 310"
412,PARQUE BURNIER.,10072363,18:35:00,2,0,0,0,2025-01-15T00:00:00.000Z,-43.327885630000,-21.762179390000,"Rua Natalino José de Paula, 288"
412,PARQUE BURNIER.,10072358,18:35:00,1,0,0,0,2025-01-15T00:00:00.000Z,-43.328687310000,-21.761675740000,"Rua Natalino José de Paula, 112 - Ponto Final do Parque Burnier"
412,PARQUE BURNIER.,10072358,18:55:00,18,0,0,11,2025-01-15T00:00:00.000Z,-43.328687310000,-21.761675740000,"Rua Natalino José de Paula, 112 - Ponto Final do Parque Burnier"
412,PARQUE BURNIER.,10072356,18:55:00,17,0,0,11,2025-01-15T00:00:00.000Z,-43.327793950000,-21.762107030000,"Rua Natalino José de Paula, 271"
412,PARQUE BURNIER.,10072375,18:55:00,16,0,0,11,2025-01-15T00:00:00.000Z,-43.327420830000,-21.762727850000,"Rua Natalino José de Paula, 319"
412,PARQUE BURNIER.,10071503,18:55:00,15,0,1,11,2025-01-15T00:00:00.000Z,-43.326207040000,-21.762717810000,"Rua Natalino José de Paula, 421"
412,PARQUE BURNIER.,10072359,18:55:00,14,0,1,12,2025-01-15T00:00:00.000Z,-43.326282500000,-21.763143540000,"Rua Adelaide Campos de Resende, 651"
412,PARQUE BURNIER.,10072328,18:55:00,13,0,1,13,2025-01-15T00:00:00.000Z,-43.326450350000,-21.763683320000,"Rua Adelaide Campos de Resende, 669"
412,PARQUE BURNIER.,10072377,18:55:00,12,0,1,14,2025-01-15T00:00:00.000Z,-43.327321890000,-21.764062650000,"Rua José Teodoro dos Santos, 25"
412,PARQUE BURNIER.,10072316,18:55:00,11,0,0,15,2025-01-15T00:00:00.000Z,-43.328204750000,-21.763332370000,"Rua José Teodoro dos Santos, 145"
412,PARQUE BURNIER.,10072313,18:55:00,10,0,0,15,2025-01-15T00:00:00.000Z,-43.328846690000,-21.762504770000,"Rua José Teodoro dos Santos, 275"
412,PARQUE BURNIER.,10072296,18:55:00,9,0,3,15,2025-01-15T00:00:00.000Z,-43.329374790000,-21.763440430000,"Rua Adelaide Campos de Resende, 975"
412,PARQUE BURNIER.,10072301,18:55:00,8,1,0,18,2025-01-15T00:00:00.000Z,-43.330138330000,-21.763252970000,"Rua Adelaide Campos de Resende, 1061"
412,PARQUE BURNIER.,10073561,18:55:00,7,0,0,17,2025-01-15T00:00:00.000Z,-43.331552510000,-21.763418910000,"Rua Olga Burnier, 480"
412,PARQUE BURNIER.,10073557,18:55:00,6,0,2,17,2025-01-15T00:00:00.000Z,-43.332479840000,-21.762640710000,"Rua Olga Burnier, 356"
412,PARQUE BURNIER.,10073560,18:55:00,5,0,2,19,2025-01-15T00:00:00.000Z,-43.333589670000,-21.761652280000,"Rua Olga Burnier, 230"
412,PARQUE BURNIER.,10073558,18:55:00,4,0,0,21,2025-01-15T00:00:00.000Z,-43.334645750000,-21.760669710000,"Rua Olga Burnier, 70"
412,PARQUE BURNIER.,10073552,18:55:00,3,0,0,21,2025-01-15T00:00:00.000Z,-43.335479020000,-21.760313550000,"Rua São Geraldo, 84"
412,PARQUE BURNIER.,10072305,18:55:00,2,2,0,21,2025-01-15T00:00:00.000Z,-43.337478970000,-21.760922950000,"Rua Djalma de Carvalho, 37"
412,PARQUE BURNIER.,10071108,18:55:00,1,19,0,19,2025-01-15T00:00:00.000Z,-43.349331860000,-21.758144610000,"Avenida Getúlio Vargas, 835"
412,PARQUE BURNIER.,10071108,19:30:00,17,0,9,0,2025-01-15T00:00:00.000Z,-43.349331860000,-21.758144610000,"Avenida Getúlio Vargas, 835"
412,PARQUE BURNIER.,10074194,19:30:00,16,9,0,9,2025-01-15T00:00:00.000Z,-43.342338620000,-21.760505960000,"Rua Ângelo Falci, 55"
412,PARQUE BURNIER.,10072302,19:30:00,15,0,0,0,2025-01-15T00:00:00.000Z,-43.338029500000,-21.760323850000,"Avenida Sete de Setembro, 623"
412,PARQUE BURNIER.,10072332,19:30:00,14,0,0,0,2025-01-15T00:00:00.000Z,-43.335533860000,-21.760131640000,"Rua São Geraldo, 89"
412,PARQUE BURNIER.,10072337,19:30:00,13,0,0,0,2025-01-15T00:00:00.000Z,-43.334540130000,-21.760522960000,"Rua Olga Burnier, 67"
412,PARQUE BURNIER.,10072335,19:30:00,12,0,0,0,2025-01-15T00:00:00.000Z,-43.333453420000,-21.761562350000,"Rua Olga Burnier, 233"
412,PARQUE BURNIER.,10072382,19:30:00,11,0,0,0,2025-01-15T00:00:00.000Z,-43.332369450000,-21.762522520000,"Rua Olga Burnier, 361"
412,PARQUE BURNIER.,10072380,19:30:00,10,0,0,0,2025-01-15T00:00:00.000Z,-43.331466790000,-21.763337580000,"Rua Olga Burnier, 485"
412,PARQUE BURNIER.,10073583,19:30:00,9,0,0,0,2025-01-15T00:00:00.000Z,-43.330207820000,-21.763072230000,"Rua Adelaide Campos de Resende, 1070"
412,PARQUE BURNIER.,10073584,19:30:00,8,0,0,0,2025-01-15T00:00:00.000Z,-43.329363350000,-21.763255450000,"Rua Adelaide Campos de Resende, 984"
412,PARQUE BURNIER.,10072386,19:30:00,7,0,0,0,2025-01-15T00:00:00.000Z,-43.328850270000,-21.762325320000,"Rua José Teodoro dos Santos, 292"
412,PARQUE BURNIER.,10072384,19:30:00,6,0,0,0,2025-01-15T00:00:00.000Z,-43.327999480000,-21.763301540000,"Rua José Teodoro dos Santos, 126"
412,PARQUE BURNIER.,10072309,19:30:00,5,0,0,0,2025-01-15T00:00:00.000Z,-43.327273730000,-21.763967940000,"Rua José Teodoro dos Santos, 28"
412,PARQUE BURNIER.,10073589,19:30:00,4,0,0,0,2025-01-15T00:00:00.000Z,-43.326568960000,-21.763629600000,"Rua Adelaide Campos de Resende, 706"
412,PARQUE BURNIER.,10072362,19:30:00,3,0,0,0,2025-01-15T00:00:00.000Z,-43.327527760000,-21.762798310000,"Rua Natalino José de Paula, 310"
412,PARQUE BURNIER.,10072363,19:30:00,2,0,0,0,2025-01-15T00:00:00.000Z,-43.327885630000,-21.762179390000,"Rua Natalino José de Paula, 288"
412,PARQUE BURNIER.,10072358,19:30:00,1,0,0,0,2025-01-15T00:00:00.000Z,-43.328687310000,-21.761675740000,"Rua Natalino José de Paula, 112 - Ponto Final do Parque Burnier"
412,PARQUE BURNIER.,10072358,19:50:00,18,0,0,0,2025-01-15T00:00:00.000Z,-43.328687310000,-21.761675740000,"Rua Natalino José de Paula, 112 - Ponto Final do Parque Burnier"
412,PARQUE BURNIER.,10072356,19:50:00,17,0,0,0,2025-01-15T00:00:00.000Z,-43.327793950000,-21.762107030000,"Rua Natalino José de Paula, 271"
412,PARQUE BURNIER.,10072375,19:50:00,16,0,1,0,2025-01-15T00:00:00.000Z,-43.327420830000,-21.762727850000,"Rua Natalino José de Paula, 319"
412,PARQUE BURNIER.,10071503,19:50:00,15,1,0,1,2025-01-15T00:00:00.000Z,-43.326207040000,-21.762717810000,"Rua Natalino José de Paula, 421"
412,PARQUE BURNIER.,10072359,19:50:00,14,0,1,0,2025-01-15T00:00:00.000Z,-43.326282500000,-21.763143540000,"Rua Adelaide Campos de Resende, 651"
412,PARQUE BURNIER.,10072328,19:50:00,13,0,3,1,2025-01-15T00:00:00.000Z,-43.326450350000,-21.763683320000,"Rua Adelaide Campos de Resende, 669"
412,PARQUE BURNIER.,10072377,19:50:00,12,0,0,4,2025-01-15T00:00:00.000Z,-43.327321890000,-21.764062650000,"Rua José Teodoro dos Santos, 25"
412,PARQUE BURNIER.,10072316,19:50:00,11,0,0,4,2025-01-15T00:00:00.000Z,-43.328204750000,-21.763332370000,"Rua José Teodoro dos Santos, 145"
412,PARQUE BURNIER.,10072313,19:50:00,10,0,3,4,2025-01-15T00:00:00.000Z,-43.328846690000,-21.762504770000,"Rua José Teodoro dos Santos, 275"
412,PARQUE BURNIER.,10072296,19:50:00,9,0,4,7,2025-01-15T00:00:00.000Z,-43.329374790000,-21.763440430000,"Rua Adelaide Campos de Resende, 975"
412,PARQUE BURNIER.,10072301,19:50:00,8,0,0,11,2025-01-15T00:00:00.000Z,-43.330138330000,-21.763252970000,"Rua Adelaide Campos de Resende, 1061"
412,PARQUE BURNIER.,10073561,19:50:00,7,0,0,11,2025-01-15T00:00:00.000Z,-43.331552510000,-21.763418910000,"Rua Olga Burnier, 480"
412,PARQUE BURNIER.,10073557,19:50:00,6,0,0,11,2025-01-15T00:00:00.000Z,-43.332479840000,-21.762640710000,"Rua Olga Burnier, 356"
412,PARQUE BURNIER.,10073560,19:50:00,5,0,0,11,2025-01-15T00:00:00.000Z,-43.333589670000,-21.761652280000,"Rua Olga Burnier, 230"
412,PARQUE BURNIER.,10073558,19:50:00,4,0,0,11,2025-01-15T00:00:00.000Z,-43.334645750000,-21.760669710000,"Rua Olga Burnier, 70"
412,PARQUE BURNIER.,10073552,19:50:00,3,0,0,11,2025-01-15T00:00:00.000Z,-43.335479020000,-21.760313550000,"Rua São Geraldo, 84"
412,PARQUE BURNIER.,10072305,19:50:00,2,0,2,11,2025-01-15T00:00:00.000Z,-43.337478970000,-21.760922950000,"Rua Djalma de Carvalho, 37"
412,PARQUE BURNIER.,10071108,19:50:00,1,13,0,13,2025-01-15T00:00:00.000Z,-43.349331860000,-21.758144610000,"Avenida Getúlio Vargas, 835"
412,PARQUE BURNIER.,10071108,20:25:00,17,0,1,4,2025-01-15T00:00:00.000Z,-43.349331860000,-21.758144610000,"Avenida Getúlio Vargas, 835"
412,PARQUE BURNIER.,10074194,20:25:00,16,5,0,5,2025-01-15T00:00:00.000Z,-43.342338620000,-21.760505960000,"Rua Ângelo Falci, 55"
412,PARQUE BURNIER.,10072302,20:25:00,15,0,1,0,2025-01-15T00:00:00.000Z,-43.338029500000,-21.760323850000,"Avenida Sete de Setembro, 623"
412,PARQUE BURNIER.,10072332,20:25:00,14,0,0,1,2025-01-15T00:00:00.000Z,-43.335533860000,-21.760131640000,"Rua São Geraldo, 89"
412,PARQUE BURNIER.,10072337,20:25:00,13,0,0,1,2025-01-15T00:00:00.000Z,-43.334540130000,-21.760522960000,"Rua Olga Burnier, 67"
412,PARQUE BURNIER.,10072335,20:25:00,12,0,0,1,2025-01-15T00:00:00.000Z,-43.333453420000,-21.761562350000,"Rua Olga Burnier, 233"
412,PARQUE BURNIER.,10072382,20:25:00,11,0,0,1,2025-01-15T00:00:00.000Z,-43.332369450000,-21.762522520000,"Rua Olga Burnier, 361"
412,PARQUE BURNIER.,10072380,20:25:00,10,1,0,1,2025-01-15T00:00:00.000Z,-43.331466790000,-21.763337580000,"Rua Olga Burnier, 485"
412,PARQUE BURNIER.,10073583,20:25:00,9,0,0,0,2025-01-15T00:00:00.000Z,-43.330207820000,-21.763072230000,"Rua Adelaide Campos de Resende, 1070"
412,PARQUE BURNIER.,10073584,20:25:00,8,0,0,0,2025-01-15T00:00:00.000Z,-43.329363350000,-21.763255450000,"Rua Adelaide Campos de Resende, 984"
412,PARQUE BURNIER.,10072386,20:25:00,7,0,0,0,2025-01-15T00:00:00.000Z,-43.328850270000,-21.762325320000,"Rua José Teodoro dos Santos, 292"
412,PARQUE BURNIER.,10072384,20:25:00,6,0,0,0,2025-01-15T00:00:00.000Z,-43.327999480000,-21.763301540000,"Rua José Teodoro dos Santos, 126"
412,PARQUE BURNIER.,10072309,20:25:00,5,0,0,0,2025-01-15T00:00:00.000Z,-43.327273730000,-21.763967940000,"Rua José Teodoro dos Santos, 28"
412,PARQUE BURNIER.,10073589,20:25:00,4,0,0,0,2025-01-15T00:00:00.000Z,-43.326568960000,-21.763629600000,"Rua Adelaide Campos de Resende, 706"
412,PARQUE BURNIER.,10072362,20:25:00,3,0,0,0,2025-01-15T00:00:00.000Z,-43.327527760000,-21.762798310000,"Rua Natalino José de Paula, 310"
412,PARQUE BURNIER.,10072363,20:25:00,2,0,0,0,2025-01-15T00:00:00.000Z,-43.327885630000,-21.762179390000,"Rua Natalino José de Paula, 288"
412,PARQUE BURNIER.,10072358,20:25:00,1,0,0,0,2025-01-15T00:00:00.000Z,-43.328687310000,-21.761675740000,"Rua Natalino José de Paula, 112 - Ponto Final do Parque Burnier"
412,PARQUE BURNIER.,10072358,20:45:00,18,0,0,0,2025-01-15T00:00:00.000Z,-43.328687310000,-21.761675740000,"Rua Natalino José de Paula, 112 - Ponto Final do Parque Burnier"
412,PARQUE BURNIER.,10072356,20:45:00,17,0,0,0,2025-01-15T00:00:00.000Z,-43.327793950000,-21.762107030000,"Rua Natalino José de Paula, 271"
412,PARQUE BURNIER.,10072375,20:45:00,16,0,0,0,2025-01-15T00:00:00.000Z,-43.327420830000,-21.762727850000,"Rua Natalino José de Paula, 319"
412,PARQUE BURNIER.,10071503,20:45:00,15,0,3,0,2025-01-15T00:00:00.000Z,-43.326207040000,-21.762717810000,"Rua Natalino José de Paula, 421"
412,PARQUE BURNIER.,10072359,20:45:00,14,0,3,3,2025-01-15T00:00:00.000Z,-43.326282500000,-21.763143540000,"Rua Adelaide Campos de Resende, 651"
412,PARQUE BURNIER.,10072328,20:45:00,13,0,3,6,2025-01-15T00:00:00.000Z,-43.326450350000,-21.763683320000,"Rua Adelaide Campos de Resende, 669"
412,PARQUE BURNIER.,10072377,20:45:00,12,0,0,9,2025-01-15T00:00:00.000Z,-43.327321890000,-21.764062650000,"Rua José Teodoro dos Santos, 25"
412,PARQUE BURNIER.,10072316,20:45:00,11,0,0,9,2025-01-15T00:00:00.000Z,-43.328204750000,-21.763332370000,"Rua José Teodoro dos Santos, 145"
412,PARQUE BURNIER.,10072313,20:45:00,10,0,3,9,2025-01-15T00:00:00.000Z,-43.328846690000,-21.762504770000,"Rua José Teodoro dos Santos, 275"
412,PARQUE BURNIER.,10072296,20:45:00,9,0,1,12,2025-01-15T00:00:00.000Z,-43.329374790000,-21.763440430000,"Rua Adelaide Campos de Resende, 975"
412,PARQUE BURNIER.,10072301,20:45:00,8,0,0,13,2025-01-15T00:00:00.000Z,-43.330138330000,-21.763252970000,"Rua Adelaide Campos de Resende, 1061"
412,PARQUE BURNIER.,10073561,20:45:00,7,0,0,13,2025-01-15T00:00:00.000Z,-43.331552510000,-21.763418910000,"Rua Olga Burnier, 480"
412,PARQUE BURNIER.,10073557,20:45:00,6,0,0,13,2025-01-15T00:00:00.000Z,-43.332479840000,-21.762640710000,"Rua Olga Burnier, 356"
412,PARQUE BURNIER.,10073560,20:45:00,5,0,0,13,2025-01-15T00:00:00.000Z,-43.333589670000,-21.761652280000,"Rua Olga Burnier, 230"
412,PARQUE BURNIER.,10073558,20:45:00,4,0,0,13,2025-01-15T00:00:00.000Z,-43.334645750000,-21.760669710000,"Rua Olga Burnier, 70"
412,PARQUE BURNIER.,10073552,20:45:00,3,0,0,13,2025-01-15T00:00:00.000Z,-43.335479020000,-21.760313550000,"Rua São Geraldo, 84"
412,PARQUE BURNIER.,10072305,20:45:00,2,3,2,13,2025-01-15T00:00:00.000Z,-43.337478970000,-21.760922950000,"Rua Djalma de Carvalho, 37"
412,PARQUE BURNIER.,10071108,20:45:00,1,12,0,12,2025-01-15T00:00:00.000Z,-43.349331860000,-21.758144610000,"Avenida Getúlio Vargas, 835"
412,PARQUE BURNIER.,10072358,21:40:00,18,0,0,0,2025-01-15T00:00:00.000Z,-43.328687310000,-21.761675740000,"Rua Natalino José de Paula, 112 - Ponto Final do Parque Burnier"
412,PARQUE BURNIER.,10072356,21:40:00,17,0,0,0,2025-01-15T00:00:00.000Z,-43.327793950000,-21.762107030000,"Rua Natalino José de Paula, 271"
412,PARQUE BURNIER.,10072375,21:40:00,16,0,0,0,2025-01-15T00:00:00.000Z,-43.327420830000,-21.762727850000,"Rua Natalino José de Paula, 319"
412,PARQUE BURNIER.,10071503,21:40:00,15,0,0,0,2025-01-15T00:00:00.000Z,-43.326207040000,-21.762717810000,"Rua Natalino José de Paula, 421"
412,PARQUE BURNIER.,10072359,21:40:00,14,0,1,0,2025-01-15T00:00:00.000Z,-43.326282500000,-21.763143540000,"Rua Adelaide Campos de Resende, 651"
412,PARQUE BURNIER.,10072328,21:40:00,13,1,2,1,2025-01-15T00:00:00.000Z,-43.326450350000,-21.763683320000,"Rua Adelaide Campos de Resende, 669"
412,PARQUE BURNIER.,10072377,21:40:00,12,0,0,2,2025-01-15T00:00:00.000Z,-43.327321890000,-21.764062650000,"Rua José Teodoro dos Santos, 25"
412,PARQUE BURNIER.,10072316,21:40:00,11,0,0,2,2025-01-15T00:00:00.000Z,-43.328204750000,-21.763332370000,"Rua José Teodoro dos Santos, 145"
412,PARQUE BURNIER.,10072313,21:40:00,10,0,3,2,2025-01-15T00:00:00.000Z,-43.328846690000,-21.762504770000,"Rua José Teodoro dos Santos, 275"
412,PARQUE BURNIER.,10072296,21:40:00,9,0,4,5,2025-01-15T00:00:00.000Z,-43.329374790000,-21.763440430000,"Rua Adelaide Campos de Resende, 975"
412,PARQUE BURNIER.,10072301,21:40:00,8,0,0,9,2025-01-15T00:00:00.000Z,-43.330138330000,-21.763252970000,"Rua Adelaide Campos de Resende, 1061"
412,PARQUE BURNIER.,10073561,21:40:00,7,0,0,9,2025-01-15T00:00:00.000Z,-43.331552510000,-21.763418910000,"Rua Olga Burnier, 480"
412,PARQUE BURNIER.,10073557,21:40:00,6,0,0,9,2025-01-15T00:00:00.000Z,-43.332479840000,-21.762640710000,"Rua Olga Burnier, 356"
412,PARQUE BURNIER.,10073560,21:40:00,5,0,0,9,2025-01-15T00:00:00.000Z,-43.333589670000,-21.761652280000,"Rua Olga Burnier, 230"
412,PARQUE BURNIER.,10073558,21:40:00,4,0,0,9,2025-01-15T00:00:00.000Z,-43.334645750000,-21.760669710000,"Rua Olga Burnier, 70"
412,PARQUE BURNIER.,10073552,21:40:00,3,0,0,9,2025-01-15T00:00:00.000Z,-43.335479020000,-21.760313550000,"Rua São Geraldo, 84"
412,PARQUE BURNIER.,10072305,21:40:00,2,0,2,9,2025-01-15T00:00:00.000Z,-43.337478970000,-21.760922950000,"Rua Djalma de Carvalho, 37"
412,PARQUE BURNIER.,10071108,21:40:00,1,11,0,11,2025-01-15T00:00:00.000Z,-43.349331860000,-21.758144610000,"Avenida Getúlio Vargas, 835"
412,PARQUE BURNIER.,10072358,22:30:00,18,0,0,0,2025-01-15T00:00:00.000Z,-43.328687310000,-21.761675740000,"Rua Natalino José de Paula, 112 - Ponto Final do Parque Burnier"
412,PARQUE BURNIER.,10072356,22:30:00,17,0,0,0,2025-01-15T00:00:00.000Z,-43.327793950000,-21.762107030000,"Rua Natalino José de Paula, 271"
412,PARQUE BURNIER.,10072375,22:30:00,16,0,0,0,2025-01-15T00:00:00.000Z,-43.327420830000,-21.762727850000,"Rua Natalino José de Paula, 319"
412,PARQUE BURNIER.,10071503,22:30:00,15,0,1,0,2025-01-15T00:00:00.000Z,-43.326207040000,-21.762717810000,"Rua Natalino José de Paula, 421"
412,PARQUE BURNIER.,10072359,22:30:00,14,0,3,1,2025-01-15T00:00:00.000Z,-43.326282500000,-21.763143540000,"Rua Adelaide Campos de Resende, 651"
412,PARQUE BURNIER.,10072328,22:30:00,13,0,3,4,2025-01-15T00:00:00.000Z,-43.326450350000,-21.763683320000,"Rua Adelaide Campos de Resende, 669"
412,PARQUE BURNIER.,10072377,22:30:00,12,0,0,7,2025-01-15T00:00:00.000Z,-43.327321890000,-21.764062650000,"Rua José Teodoro dos Santos, 25"
412,PARQUE BURNIER.,10072316,22:30:00,11,0,0,7,2025-01-15T00:00:00.000Z,-43.328204750000,-21.763332370000,"Rua José Teodoro dos Santos, 145"
412,PARQUE BURNIER.,10072313,22:30:00,10,0,3,7,2025-01-15T00:00:00.000Z,-43.328846690000,-21.762504770000,"Rua José Teodoro dos Santos, 275"
412,PARQUE BURNIER.,10072296,22:30:00,9,0,3,10,2025-01-15T00:00:00.000Z,-43.329374790000,-21.763440430000,"Rua Adelaide Campos de Resende, 975"
412,PARQUE BURNIER.,10072301,22:30:00,8,0,0,13,2025-01-15T00:00:00.000Z,-43.330138330000,-21.763252970000,"Rua Adelaide Campos de Resende, 1061"
412,PARQUE BURNIER.,10073561,22:30:00,7,0,0,13,2025-01-15T00:00:00.000Z,-43.331552510000,-21.763418910000,"Rua Olga Burnier, 480"
412,PARQUE BURNIER.,10073557,22:30:00,6,0,0,13,2025-01-15T00:00:00.000Z,-43.332479840000,-21.762640710000,"Rua Olga Burnier, 356"
412,PARQUE BURNIER.,10073560,22:30:00,5,0,0,13,2025-01-15T00:00:00.000Z,-43.333589670000,-21.761652280000,"Rua Olga Burnier, 230"
412,PARQUE BURNIER.,10073558,22:30:00,4,0,0,13,2025-01-15T00:00:00.000Z,-43.334645750000,-21.760669710000,"Rua Olga Burnier, 70"
412,PARQUE BURNIER.,10073552,22:30:00,3,0,0,13,2025-01-15T00:00:00.000Z,-43.335479020000,-21.760313550000,"Rua São Geraldo, 84"
412,PARQUE BURNIER.,10072305,22:30:00,2,1,2,13,2025-01-15T00:00:00.000Z,-43.337478970000,-21.760922950000,"Rua Djalma de Carvalho, 37"
412,PARQUE BURNIER.,10071108,22:30:00,1,14,0,14,2025-01-15T00:00:00.000Z,-43.349331860000,-21.758144610000,"Avenida Getúlio Vargas, 835"
412,PARQUE BURNIER.,10071108,05:30:00,17,0,4,3,2025-01-16T00:00:00.000Z,-43.349331860000,-21.758144610000,"Avenida Getúlio Vargas, 835"
412,PARQUE BURNIER.,10074194,05:30:00,16,1,5,7,2025-01-16T00:00:00.000Z,-43.342338620000,-21.760505960000,"Rua Ângelo Falci, 55"
412,PARQUE BURNIER.,10072302,05:30:00,15,1,1,11,2025-01-16T00:00:00.000Z,-43.338029500000,-21.760323850000,"Avenida Sete de Setembro, 623"
412,PARQUE BURNIER.,10072337,05:30:00,13,0,0,10,2025-01-16T00:00:00.000Z,-43.334540130000,-21.760522960000,"Rua Olga Burnier, 67"
412,PARQUE BURNIER.,10072335,05:30:00,12,0,0,10,2025-01-16T00:00:00.000Z,-43.333453420000,-21.761562350000,"Rua Olga Burnier, 233"
412,PARQUE BURNIER.,10072382,05:30:00,11,0,0,10,2025-01-16T00:00:00.000Z,-43.332369450000,-21.762522520000,"Rua Olga Burnier, 361"
412,PARQUE BURNIER.,10073583,05:30:00,9,0,0,10,2025-01-16T00:00:00.000Z,-43.330207820000,-21.763072230000,"Rua Adelaide Campos de Resende, 1070"
412,PARQUE BURNIER.,10073584,05:30:00,8,3,0,10,2025-01-16T00:00:00.000Z,-43.329363350000,-21.763255450000,"Rua Adelaide Campos de Resende, 984"
412,PARQUE BURNIER.,10072386,05:30:00,7,2,2,7,2025-01-16T00:00:00.000Z,-43.328850270000,-21.762325320000,"Rua José Teodoro dos Santos, 292"
412,PARQUE BURNIER.,10072384,05:30:00,6,1,0,7,2025-01-16T00:00:00.000Z,-43.327999480000,-21.763301540000,"Rua José Teodoro dos Santos, 126"
412,PARQUE BURNIER.,10072309,05:30:00,5,1,0,6,2025-01-16T00:00:00.000Z,-43.327273730000,-21.763967940000,"Rua José Teodoro dos Santos, 28"
412,PARQUE BURNIER.,10073589,05:30:00,4,4,0,5,2025-01-16T00:00:00.000Z,-43.326568960000,-21.763629600000,"Rua Adelaide Campos de Resende, 706"
412,PARQUE BURNIER.,10072362,05:30:00,3,1,0,1,2025-01-16T00:00:00.000Z,-43.327527760000,-21.762798310000,"Rua Natalino José de Paula, 310"
412,PARQUE BURNIER.,10072363,05:30:00,2,0,0,0,2025-01-16T00:00:00.000Z,-43.327885630000,-21.762179390000,"Rua Natalino José de Paula, 288"
412,PARQUE BURNIER.,10072358,05:30:00,1,0,0,0,2025-01-16T00:00:00.000Z,-43.328687310000,-21.761675740000,"Rua Natalino José de Paula, 112 - Ponto Final do Parque Burnier"
412,PARQUE BURNIER.,10072380,05:30:00,10,0,0,10,2025-01-16T00:00:00.000Z,-43.331466790000,-21.763337580000,"Rua Olga Burnier, 485"
412,PARQUE BURNIER.,10072332,05:30:00,14,1,0,11,2025-01-16T00:00:00.000Z,-43.335533860000,-21.760131640000,"Rua São Geraldo, 89"
412,PARQUE BURNIER.,10072358,05:51:00,18,19,0,19,2025-01-16T00:00:00.000Z,-43.328687310000,-21.761675740000,"Rua Natalino José de Paula, 112 - Ponto Final do Parque Burnier"
412,PARQUE BURNIER.,10072375,05:51:00,16,0,0,0,2025-01-16T00:00:00.000Z,-43.327420830000,-21.762727850000,"Rua Natalino José de Paula, 319"
412,PARQUE BURNIER.,10071503,05:51:00,15,0,0,0,2025-01-16T00:00:00.000Z,-43.326207040000,-21.762717810000,"Rua Natalino José de Paula, 421"
412,PARQUE BURNIER.,10072359,05:51:00,14,0,0,0,2025-01-16T00:00:00.000Z,-43.326282500000,-21.763143540000,"Rua Adelaide Campos de Resende, 651"
412,PARQUE BURNIER.,10072377,05:51:00,12,0,0,0,2025-01-16T00:00:00.000Z,-43.327321890000,-21.764062650000,"Rua José Teodoro dos Santos, 25"
412,PARQUE BURNIER.,10072316,05:51:00,11,0,0,0,2025-01-16T00:00:00.000Z,-43.328204750000,-21.763332370000,"Rua José Teodoro dos Santos, 145"
412,PARQUE BURNIER.,10072313,05:51:00,10,0,0,0,2025-01-16T00:00:00.000Z,-43.328846690000,-21.762504770000,"Rua José Teodoro dos Santos, 275"
412,PARQUE BURNIER.,10072301,05:51:00,8,0,0,0,2025-01-16T00:00:00.000Z,-43.330138330000,-21.763252970000,"Rua Adelaide Campos de Resende, 1061"
412,PARQUE BURNIER.,10073561,05:51:00,7,0,0,0,2025-01-16T00:00:00.000Z,-43.331552510000,-21.763418910000,"Rua Olga Burnier, 480"
412,PARQUE BURNIER.,10073557,05:51:00,6,0,3,0,2025-01-16T00:00:00.000Z,-43.332479840000,-21.762640710000,"Rua Olga Burnier, 356"
412,PARQUE BURNIER.,10073560,05:51:00,5,0,3,3,2025-01-16T00:00:00.000Z,-43.333589670000,-21.761652280000,"Rua Olga Burnier, 230"
412,PARQUE BURNIER.,10073558,05:51:00,4,0,1,6,2025-01-16T00:00:00.000Z,-43.334645750000,-21.760669710000,"Rua Olga Burnier, 70"
412,PARQUE BURNIER.,10073552,05:51:00,3,0,1,7,2025-01-16T00:00:00.000Z,-43.335479020000,-21.760313550000,"Rua São Geraldo, 84"
412,PARQUE BURNIER.,10072305,05:51:00,2,0,0,8,2025-01-16T00:00:00.000Z,-43.337478970000,-21.760922950000,"Rua Djalma de Carvalho, 37"
412,PARQUE BURNIER.,10071108,05:51:00,1,8,0,8,2025-01-16T00:00:00.000Z,-43.349331860000,-21.758144610000,"Avenida Getúlio Vargas, 835"
412,PARQUE BURNIER.,10072296,05:51:00,9,0,0,0,2025-01-16T00:00:00.000Z,-43.329374790000,-21.763440430000,"Rua Adelaide Campos de Resende, 975"
412,PARQUE BURNIER.,10072328,05:51:00,13,0,0,0,2025-01-16T00:00:00.000Z,-43.326450350000,-21.763683320000,"Rua Adelaide Campos de Resende, 669"
412,PARQUE BURNIER.,10072356,05:51:00,17,0,0,0,2025-01-16T00:00:00.000Z,-43.327793950000,-21.762107030000,"Rua Natalino José de Paula, 271"
412,PARQUE BURNIER.,10071108,06:17:00,17,0,9,9,2025-01-16T00:00:00.000Z,-43.349331860000,-21.758144610000,"Avenida Getúlio Vargas, 835"
412,PARQUE BURNIER.,10074194,06:17:00,16,1,6,18,2025-01-16T00:00:00.000Z,-43.342338620000,-21.760505960000,"Rua Ângelo Falci, 55"
412,PARQUE BURNIER.,10072332,06:17:00,14,2,0,25,2025-01-16T00:00:00.000Z,-43.335533860000,-21.760131640000,"Rua São Geraldo, 89"
412,PARQUE BURNIER.,10072337,06:17:00,13,1,0,23,2025-01-16T00:00:00.000Z,-43.334540130000,-21.760522960000,"Rua Olga Burnier, 67"
412,PARQUE BURNIER.,10072335,06:17:00,12,0,0,22,2025-01-16T00:00:00.000Z,-43.333453420000,-21.761562350000,"Rua Olga Burnier, 233"
412,PARQUE BURNIER.,10072380,06:17:00,10,0,0,21,2025-01-16T00:00:00.000Z,-43.331466790000,-21.763337580000,"Rua Olga Burnier, 485"
412,PARQUE BURNIER.,10073583,06:17:00,9,1,0,21,2025-01-16T00:00:00.000Z,-43.330207820000,-21.763072230000,"Rua Adelaide Campos de Resende, 1070"
412,PARQUE BURNIER.,10073584,06:17:00,8,2,0,20,2025-01-16T00:00:00.000Z,-43.329363350000,-21.763255450000,"Rua Adelaide Campos de Resende, 984"
412,PARQUE BURNIER.,10072384,06:17:00,6,1,0,16,2025-01-16T00:00:00.000Z,-43.327999480000,-21.763301540000,"Rua José Teodoro dos Santos, 126"
412,PARQUE BURNIER.,10072309,06:17:00,5,1,0,15,2025-01-16T00:00:00.000Z,-43.327273730000,-21.763967940000,"Rua José Teodoro dos Santos, 28"
412,PARQUE BURNIER.,10073589,06:17:00,4,7,0,14,2025-01-16T00:00:00.000Z,-43.326568960000,-21.763629600000,"Rua Adelaide Campos de Resende, 706"
412,PARQUE BURNIER.,10072362,06:17:00,3,1,0,7,2025-01-16T00:00:00.000Z,-43.327527760000,-21.762798310000,"Rua Natalino José de Paula, 310"
412,PARQUE BURNIER.,10072363,06:17:00,2,6,0,6,2025-01-16T00:00:00.000Z,-43.327885630000,-21.762179390000,"Rua Natalino José de Paula, 288"
412,PARQUE BURNIER.,10072358,06:17:00,1,0,0,0,2025-01-16T00:00:00.000Z,-43.328687310000,-21.761675740000,"Rua Natalino José de Paula, 112 - Ponto Final do Parque Burnier"
412,PARQUE BURNIER.,10072382,06:17:00,11,1,0,22,2025-01-16T00:00:00.000Z,-43.332369450000,-21.762522520000,"Rua Olga Burnier, 361"
412,PARQUE BURNIER.,10072302,06:17:00,15,0,2,23,2025-01-16T00:00:00.000Z,-43.338029500000,-21.760323850000,"Avenida Sete de Setembro, 623"
412,PARQUE BURNIER.,10072386,06:17:00,7,2,0,18,2025-01-16T00:00:00.000Z,-43.328850270000,-21.762325320000,"Rua José Teodoro dos Santos, 292"
412,PARQUE BURNIER.,10072356,06:38:00,17,0,0,0,2025-01-16T00:00:00.000Z,-43.327793950000,-21.762107030000,"Rua Natalino José de Paula, 271"
412,PARQUE BURNIER.,10072375,06:38:00,16,0,0,0,2025-01-16T00:00:00.000Z,-43.327420830000,-21.762727850000,"Rua Natalino José de Paula, 319"
412,PARQUE BURNIER.,10071503,06:38:00,15,0,0,0,2025-01-16T00:00:00.000Z,-43.326207040000,-21.762717810000,"Rua Natalino José de Paula, 421"
412,PARQUE BURNIER.,10072328,06:38:00,13,0,0,0,2025-01-16T00:00:00.000Z,-43.326450350000,-21.763683320000,"Rua Adelaide Campos de Resende, 669"
412,PARQUE BURNIER.,10072377,06:38:00,12,0,0,0,2025-01-16T00:00:00.000Z,-43.327321890000,-21.764062650000,"Rua José Teodoro dos Santos, 25"
412,PARQUE BURNIER.,10072316,06:38:00,11,0,0,0,2025-01-16T00:00:00.000Z,-43.328204750000,-21.763332370000,"Rua José Teodoro dos Santos, 145"
412,PARQUE BURNIER.,10072296,06:38:00,9,0,0,0,2025-01-16T00:00:00.000Z,-43.329374790000,-21.763440430000,"Rua Adelaide Campos de Resende, 975"
412,PARQUE BURNIER.,10072301,06:38:00,8,0,0,0,2025-01-16T00:00:00.000Z,-43.330138330000,-21.763252970000,"Rua Adelaide Campos de Resende, 1061"
412,PARQUE BURNIER.,10073561,06:38:00,7,0,0,0,2025-01-16T00:00:00.000Z,-43.331552510000,-21.763418910000,"Rua Olga Burnier, 480"
412,PARQUE BURNIER.,10073560,06:38:00,5,0,0,0,2025-01-16T00:00:00.000Z,-43.333589670000,-21.761652280000,"Rua Olga Burnier, 230"
412,PARQUE BURNIER.,10073558,06:38:00,4,0,0,0,2025-01-16T00:00:00.000Z,-43.334645750000,-21.760669710000,"Rua Olga Burnier, 70"
412,PARQUE BURNIER.,10073552,06:38:00,3,0,0,0,2025-01-16T00:00:00.000Z,-43.335479020000,-21.760313550000,"Rua São Geraldo, 84"
412,PARQUE BURNIER.,10072305,06:38:00,2,0,1,0,2025-01-16T00:00:00.000Z,-43.337478970000,-21.760922950000,"Rua Djalma de Carvalho, 37"
412,PARQUE BURNIER.,10071108,06:38:00,1,1,0,1,2025-01-16T00:00:00.000Z,-43.349331860000,-21.758144610000,"Avenida Getúlio Vargas, 835"
412,PARQUE BURNIER.,10072358,06:38:00,18,13,0,13,2025-01-16T00:00:00.000Z,-43.328687310000,-21.761675740000,"Rua Natalino José de Paula, 112 - Ponto Final do Parque Burnier"
412,PARQUE BURNIER.,10073557,06:38:00,6,0,0,0,2025-01-16T00:00:00.000Z,-43.332479840000,-21.762640710000,"Rua Olga Burnier, 356"
412,PARQUE BURNIER.,10072359,06:38:00,14,0,0,0,2025-01-16T00:00:00.000Z,-43.326282500000,-21.763143540000,"Rua Adelaide Campos de Resende, 651"
412,PARQUE BURNIER.,10072313,06:38:00,10,0,0,0,2025-01-16T00:00:00.000Z,-43.328846690000,-21.762504770000,"Rua José Teodoro dos Santos, 275"
412,PARQUE BURNIER.,10071108,07:04:00,17,0,19,11,2025-01-16T00:00:00.000Z,-43.349331860000,-21.758144610000,"Avenida Getúlio Vargas, 835"
412,PARQUE BURNIER.,10072302,07:04:00,15,2,1,34,2025-01-16T00:00:00.000Z,-43.338029500000,-21.760323850000,"Avenida Sete de Setembro, 623"
412,PARQUE BURNIER.,10072332,07:04:00,14,0,0,33,2025-01-16T00:00:00.000Z,-43.335533860000,-21.760131640000,"Rua São Geraldo, 89"
412,PARQUE BURNIER.,10072337,07:04:00,13,0,0,33,2025-01-16T00:00:00.000Z,-43.334540130000,-21.760522960000,"Rua Olga Burnier, 67"
412,PARQUE BURNIER.,10072382,07:04:00,11,2,0,33,2025-01-16T00:00:00.000Z,-43.332369450000,-21.762522520000,"Rua Olga Burnier, 361"
412,PARQUE BURNIER.,10072380,07:04:00,10,1,0,31,2025-01-16T00:00:00.000Z,-43.331466790000,-21.763337580000,"Rua Olga Burnier, 485"
412,PARQUE BURNIER.,10073583,07:04:00,9,0,0,30,2025-01-16T00:00:00.000Z,-43.330207820000,-21.763072230000,"Rua Adelaide Campos de Resende, 1070"
412,PARQUE BURNIER.,10072386,07:04:00,7,4,2,28,2025-01-16T00:00:00.000Z,-43.328850270000,-21.762325320000,"Rua José Teodoro dos Santos, 292"
412,PARQUE BURNIER.,10072384,07:04:00,6,2,0,26,2025-01-16T00:00:00.000Z,-43.327999480000,-21.763301540000,"Rua José Teodoro dos Santos, 126"
412,PARQUE BURNIER.,10072309,07:04:00,5,0,0,24,2025-01-16T00:00:00.000Z,-43.327273730000,-21.763967940000,"Rua José Teodoro dos Santos, 28"
412,PARQUE BURNIER.,10073589,07:04:00,4,14,0,24,2025-01-16T00:00:00.000Z,-43.326568960000,-21.763629600000,"Rua Adelaide Campos de Resende, 706"
412,PARQUE BURNIER.,10072362,07:04:00,3,5,0,10,2025-01-16T00:00:00.000Z,-43.327527760000,-21.762798310000,"Rua Natalino José de Paula, 310"
412,PARQUE BURNIER.,10072363,07:04:00,2,5,0,5,2025-01-16T00:00:00.000Z,-43.327885630000,-21.762179390000,"Rua Natalino José de Paula, 288"
412,PARQUE BURNIER.,10072358,07:04:00,1,0,0,0,2025-01-16T00:00:00.000Z,-43.328687310000,-21.761675740000,"Rua Natalino José de Paula, 112 - Ponto Final do Parque Burnier"
412,PARQUE BURNIER.,10074194,07:04:00,16,2,6,30,2025-01-16T00:00:00.000Z,-43.342338620000,-21.760505960000,"Rua Ângelo Falci, 55"
412,PARQUE BURNIER.,10072335,07:04:00,12,0,0,33,2025-01-16T00:00:00.000Z,-43.333453420000,-21.761562350000,"Rua Olga Burnier, 233"
412,PARQUE BURNIER.,10073584,07:04:00,8,2,0,30,2025-01-16T00:00:00.000Z,-43.329363350000,-21.763255450000,"Rua Adelaide Campos de Resende, 984"
412,PARQUE BURNIER.,10072358,07:25:00,18,3,0,11,2025-01-16T00:00:00.000Z,-43.328687310000,-21.761675740000,"Rua Natalino José de Paula, 112 - Ponto Final do Parque Burnier"
412,PARQUE BURNIER.,10072356,07:25:00,17,1,0,8,2025-01-16T00:00:00.000Z,-43.327793950000,-21.762107030000,"Rua Natalino José de Paula, 271"
412,PARQUE BURNIER.,10072375,07:25:00,16,0,1,7,2025-01-16T00:00:00.000Z,-43.327420830000,-21.762727850000,"Rua Natalino José de Paula, 319"
412,PARQUE BURNIER.,10072359,07:25:00,14,0,0,8,2025-01-16T00:00:00.000Z,-43.326282500000,-21.763143540000,"Rua Adelaide Campos de Resende, 651"
412,PARQUE BURNIER.,10072328,07:25:00,13,0,0,8,2025-01-16T00:00:00.000Z,-43.326450350000,-21.763683320000,"Rua Adelaide Campos de Resende, 669"
412,PARQUE BURNIER.,10072377,07:25:00,12,0,0,8,2025-01-16T00:00:00.000Z,-43.327321890000,-21.764062650000,"Rua José Teodoro dos Santos, 25"
412,PARQUE BURNIER.,10072313,07:25:00,10,0,0,8,2025-01-16T00:00:00.000Z,-43.328846690000,-21.762504770000,"Rua José Teodoro dos Santos, 275"
412,PARQUE BURNIER.,10072296,07:25:00,9,0,0,8,2025-01-16T00:00:00.000Z,-43.329374790000,-21.763440430000,"Rua Adelaide Campos de Resende, 975"
412,PARQUE BURNIER.,10072301,07:25:00,8,0,1,8,2025-01-16T00:00:00.000Z,-43.330138330000,-21.763252970000,"Rua Adelaide Campos de Resende, 1061"
412,PARQUE BURNIER.,10073557,07:25:00,6,0,0,9,2025-01-16T00:00:00.000Z,-43.332479840000,-21.762640710000,"Rua Olga Burnier, 356"
412,PARQUE BURNIER.,10073560,07:25:00,5,0,0,9,2025-01-16T00:00:00.000Z,-43.333589670000,-21.761652280000,"Rua Olga Burnier, 230"
412,PARQUE BURNIER.,10073558,07:25:00,4,0,0,9,2025-01-16T00:00:00.000Z,-43.334645750000,-21.760669710000,"Rua Olga Burnier, 70"
412,PARQUE BURNIER.,10073552,07:25:00,3,0,0,9,2025-01-16T00:00:00.000Z,-43.335479020000,-21.760313550000,"Rua São Geraldo, 84"
412,PARQUE BURNIER.,10072305,07:25:00,2,1,1,9,2025-01-16T00:00:00.000Z,-43.337478970000,-21.760922950000,"Rua Djalma de Carvalho, 37"
412,PARQUE BURNIER.,10071108,07:25:00,1,9,0,9,2025-01-16T00:00:00.000Z,-43.349331860000,-21.758144610000,"Avenida Getúlio Vargas, 835"
412,PARQUE BURNIER.,10073561,07:25:00,7,0,0,9,2025-01-16T00:00:00.000Z,-43.331552510000,-21.763418910000,"Rua Olga Burnier, 480"
412,PARQUE BURNIER.,10071503,07:25:00,15,0,0,8,2025-01-16T00:00:00.000Z,-43.326207040000,-21.762717810000,"Rua Natalino José de Paula, 421"
412,PARQUE BURNIER.,10072316,07:25:00,11,0,0,8,2025-01-16T00:00:00.000Z,-43.328204750000,-21.763332370000,"Rua José Teodoro dos Santos, 145"
412,PARQUE BURNIER.,10074194,07:51:00,16,1,5,23,2025-01-16T00:00:00.000Z,-43.342338620000,-21.760505960000,"Rua Ângelo Falci, 55"
412,PARQUE BURNIER.,10072302,07:51:00,15,1,1,27,2025-01-16T00:00:00.000Z,-43.338029500000,-21.760323850000,"Avenida Sete de Setembro, 623"
412,PARQUE BURNIER.,10072332,07:51:00,14,0,0,27,2025-01-16T00:00:00.000Z,-43.335533860000,-21.760131640000,"Rua São Geraldo, 89"
412,PARQUE BURNIER.,10072335,07:51:00,12,0,0,27,2025-01-16T00:00:00.000Z,-43.333453420000,-21.761562350000,"Rua Olga Burnier, 233"
412,PARQUE BURNIER.,10072382,07:51:00,11,0,0,27,2025-01-16T00:00:00.000Z,-43.332369450000,-21.762522520000,"Rua Olga Burnier, 361"
412,PARQUE BURNIER.,10072380,07:51:00,10,0,0,27,2025-01-16T00:00:00.000Z,-43.331466790000,-21.763337580000,"Rua Olga Burnier, 485"
412,PARQUE BURNIER.,10073584,07:51:00,8,0,0,27,2025-01-16T00:00:00.000Z,-43.329363350000,-21.763255450000,"Rua Adelaide Campos de Resende, 984"
412,PARQUE BURNIER.,10072386,07:51:00,7,9,0,27,2025-01-16T00:00:00.000Z,-43.328850270000,-21.762325320000,"Rua José Teodoro dos Santos, 292"
412,PARQUE BURNIER.,10072384,07:51:00,6,1,0,18,2025-01-16T00:00:00.000Z,-43.327999480000,-21.763301540000,"Rua José Teodoro dos Santos, 126"
412,PARQUE BURNIER.,10073589,07:51:00,4,8,0,15,2025-01-16T00:00:00.000Z,-43.326568960000,-21.763629600000,"Rua Adelaide Campos de Resende, 706"
412,PARQUE BURNIER.,10072362,07:51:00,3,3,0,7,2025-01-16T00:00:00.000Z,-43.327527760000,-21.762798310000,"Rua Natalino José de Paula, 310"
412,PARQUE BURNIER.,10072363,07:51:00,2,4,0,4,2025-01-16T00:00:00.000Z,-43.327885630000,-21.762179390000,"Rua Natalino José de Paula, 288"
412,PARQUE BURNIER.,10072358,07:51:00,1,0,0,0,2025-01-16T00:00:00.000Z,-43.328687310000,-21.761675740000,"Rua Natalino José de Paula, 112 - Ponto Final do Parque Burnier"
412,PARQUE BURNIER.,10073583,07:51:00,9,0,0,27,2025-01-16T00:00:00.000Z,-43.330207820000,-21.763072230000,"Rua Adelaide Campos de Resende, 1070"
412,PARQUE BURNIER.,10072309,07:51:00,5,2,0,17,2025-01-16T00:00:00.000Z,-43.327273730000,-21.763967940000,"Rua José Teodoro dos Santos, 28"
412,PARQUE BURNIER.,10071108,07:51:00,17,0,10,13,2025-01-16T00:00:00.000Z,-43.349331860000,-21.758144610000,"Avenida Getúlio Vargas, 835"
412,PARQUE BURNIER.,10072337,07:51:00,13,0,0,27,2025-01-16T00:00:00.000Z,-43.334540130000,-21.760522960000,"Rua Olga Burnier, 67"
412,PARQUE BURNIER.,10072358,08:12:00,18,4,0,5,2025-01-16T00:00:00.000Z,-43.328687310000,-21.761675740000,"Rua Natalino José de Paula, 112 - Ponto Final do Parque Burnier"
412,PARQUE BURNIER.,10072356,08:12:00,17,0,0,1,2025-01-16T00:00:00.000Z,-43.327793950000,-21.762107030000,"Rua Natalino José de Paula, 271"
412,PARQUE BURNIER.,10071503,08:12:00,15,0,3,1,2025-01-16T00:00:00.000Z,-43.326207040000,-21.762717810000,"Rua Natalino José de Paula, 421"
412,PARQUE BURNIER.,10072359,08:12:00,14,0,0,4,2025-01-16T00:00:00.000Z,-43.326282500000,-21.763143540000,"Rua Adelaide Campos de Resende, 651"
412,PARQUE BURNIER.,10072328,08:12:00,13,0,0,4,2025-01-16T00:00:00.000Z,-43.326450350000,-21.763683320000,"Rua Adelaide Campos de Resende, 669"
412,PARQUE BURNIER.,10072316,08:12:00,11,0,0,4,2025-01-16T00:00:00.000Z,-43.328204750000,-21.763332370000,"Rua José Teodoro dos Santos, 145"
412,PARQUE BURNIER.,10072313,08:12:00,10,0,0,4,2025-01-16T00:00:00.000Z,-43.328846690000,-21.762504770000,"Rua José Teodoro dos Santos, 275"
412,PARQUE BURNIER.,10072296,08:12:00,9,0,0,4,2025-01-16T00:00:00.000Z,-43.329374790000,-21.763440430000,"Rua Adelaide Campos de Resende, 975"
412,PARQUE BURNIER.,10073561,08:12:00,7,0,0,4,2025-01-16T00:00:00.000Z,-43.331552510000,-21.763418910000,"Rua Olga Burnier, 480"
412,PARQUE BURNIER.,10073557,08:12:00,6,0,0,4,2025-01-16T00:00:00.000Z,-43.332479840000,-21.762640710000,"Rua Olga Burnier, 356"
412,PARQUE BURNIER.,10073560,08:12:00,5,0,0,4,2025-01-16T00:00:00.000Z,-43.333589670000,-21.761652280000,"Rua Olga Burnier, 230"
412,PARQUE BURNIER.,10073558,08:12:00,4,0,0,4,2025-01-16T00:00:00.000Z,-43.334645750000,-21.760669710000,"Rua Olga Burnier, 70"
412,PARQUE BURNIER.,10073552,08:12:00,3,0,0,4,2025-01-16T00:00:00.000Z,-43.335479020000,-21.760313550000,"Rua São Geraldo, 84"
412,PARQUE BURNIER.,10072305,08:12:00,2,3,1,4,2025-01-16T00:00:00.000Z,-43.337478970000,-21.760922950000,"Rua Djalma de Carvalho, 37"
412,PARQUE BURNIER.,10071108,08:12:00,1,2,0,2,2025-01-16T00:00:00.000Z,-43.349331860000,-21.758144610000,"Avenida Getúlio Vargas, 835"
412,PARQUE BURNIER.,10072301,08:12:00,8,0,0,4,2025-01-16T00:00:00.000Z,-43.330138330000,-21.763252970000,"Rua Adelaide Campos de Resende, 1061"
412,PARQUE BURNIER.,10072377,08:12:00,12,0,0,4,2025-01-16T00:00:00.000Z,-43.327321890000,-21.764062650000,"Rua José Teodoro dos Santos, 25"
412,PARQUE BURNIER.,10072375,08:12:00,16,0,0,1,2025-01-16T00:00:00.000Z,-43.327420830000,-21.762727850000,"Rua Natalino José de Paula, 319"
412,PARQUE BURNIER.,10071108,08:38:00,17,0,24,0,2025-01-16T00:00:00.000Z,-43.349331860000,-21.758144610000,"Avenida Getúlio Vargas, 835"
412,PARQUE BURNIER.,10074194,08:38:00,16,3,7,24,2025-01-16T00:00:00.000Z,-43.342338620000,-21.760505960000,"Rua Ângelo Falci, 55"
412,PARQUE BURNIER.,10072302,08:38:00,15,0,0,28,2025-01-16T00:00:00.000Z,-43.338029500000,-21.760323850000,"Avenida Sete de Setembro, 623"
412,PARQUE BURNIER.,10072337,08:38:00,13,1,0,27,2025-01-16T00:00:00.000Z,-43.334540130000,-21.760522960000,"Rua Olga Burnier, 67"
412,PARQUE BURNIER.,10072335,08:38:00,12,3,0,26,2025-01-16T00:00:00.000Z,-43.333453420000,-21.761562350000,"Rua Olga Burnier, 233"
412,PARQUE BURNIER.,10072382,08:38:00,11,3,0,23,2025-01-16T00:00:00.000Z,-43.332369450000,-21.762522520000,"Rua Olga Burnier, 361"
412,PARQUE BURNIER.,10073583,08:38:00,9,2,0,19,2025-01-16T00:00:00.000Z,-43.330207820000,-21.763072230000,"Rua Adelaide Campos de Resende, 1070"
412,PARQUE BURNIER.,10073584,08:38:00,8,1,0,17,2025-01-16T00:00:00.000Z,-43.329363350000,-21.763255450000,"Rua Adelaide Campos de Resende, 984"
412,PARQUE BURNIER.,10072386,08:38:00,7,3,2,16,2025-01-16T00:00:00.000Z,-43.328850270000,-21.762325320000,"Rua José Teodoro dos Santos, 292"
412,PARQUE BURNIER.,10072309,08:38:00,5,4,0,13,2025-01-16T00:00:00.000Z,-43.327273730000,-21.763967940000,"Rua José Teodoro dos Santos, 28"
412,PARQUE BURNIER.,10073589,08:38:00,4,2,0,9,2025-01-16T00:00:00.000Z,-43.326568960000,-21.763629600000,"Rua Adelaide Campos de Resende, 706"
412,PARQUE BURNIER.,10072362,08:38:00,3,4,0,7,2025-01-16T00:00:00.000Z,-43.327527760000,-21.762798310000,"Rua Natalino José de Paula, 310"
412,PARQUE BURNIER.,10072363,08:38:00,2,3,0,3,2025-01-16T00:00:00.000Z,-43.327885630000,-21.762179390000,"Rua Natalino José de Paula, 288"
412,PARQUE BURNIER.,10072358,08:38:00,1,0,0,0,2025-01-16T00:00:00.000Z,-43.328687310000,-21.761675740000,"Rua Natalino José de Paula, 112 - Ponto Final do Parque Burnier"
412,PARQUE BURNIER.,10072384,08:38:00,6,2,0,15,2025-01-16T00:00:00.000Z,-43.327999480000,-21.763301540000,"Rua José Teodoro dos Santos, 126"
412,PARQUE BURNIER.,10072380,08:38:00,10,1,0,20,2025-01-16T00:00:00.000Z,-43.331466790000,-21.763337580000,"Rua Olga Burnier, 485"
412,PARQUE BURNIER.,10072332,08:38:00,14,1,0,28,2025-01-16T00:00:00.000Z,-43.335533860000,-21.760131640000,"Rua São Geraldo, 89"
412,PARQUE BURNIER.,10072356,08:59:00,17,0,1,8,2025-01-16T00:00:00.000Z,-43.327793950000,-21.762107030000,"Rua Natalino José de Paula, 271"
412,PARQUE BURNIER.,10072358,08:59:00,18,6,0,14,2025-01-16T00:00:00.000Z,-43.328687310000,-21.761675740000,"Rua Natalino José de Paula, 112 - Ponto Final do Parque Burnier"
412,PARQUE BURNIER.,10072375,08:59:00,16,0,0,9,2025-01-16T00:00:00.000Z,-43.327420830000,-21.762727850000,"Rua Natalino José de Paula, 319"
412,PARQUE BURNIER.,10071503,08:59:00,15,1,0,9,2025-01-16T00:00:00.000Z,-43.326207040000,-21.762717810000,"Rua Natalino José de Paula, 421"
412,PARQUE BURNIER.,10072359,08:59:00,14,0,0,8,2025-01-16T00:00:00.000Z,-43.326282500000,-21.763143540000,"Rua Adelaide Campos de Resende, 651"
412,PARQUE BURNIER.,10072377,08:59:00,12,0,0,8,2025-01-16T00:00:00.000Z,-43.327321890000,-21.764062650000,"Rua José Teodoro dos Santos, 25"
412,PARQUE BURNIER.,10072316,08:59:00,11,0,2,8,2025-01-16T00:00:00.000Z,-43.328204750000,-21.763332370000,"Rua José Teodoro dos Santos, 145"
412,PARQUE BURNIER.,10072313,08:59:00,10,0,3,10,2025-01-16T00:00:00.000Z,-43.328846690000,-21.762504770000,"Rua José Teodoro dos Santos, 275"
412,PARQUE BURNIER.,10072301,08:59:00,8,0,1,13,2025-01-16T00:00:00.000Z,-43.330138330000,-21.763252970000,"Rua Adelaide Campos de Resende, 1061"
412,PARQUE BURNIER.,10073561,08:59:00,7,0,0,14,2025-01-16T00:00:00.000Z,-43.331552510000,-21.763418910000,"Rua Olga Burnier, 480"
412,PARQUE BURNIER.,10073557,08:59:00,6,0,1,14,2025-01-16T00:00:00.000Z,-43.332479840000,-21.762640710000,"Rua Olga Burnier, 356"
412,PARQUE BURNIER.,10073560,08:59:00,5,0,0,15,2025-01-16T00:00:00.000Z,-43.333589670000,-21.761652280000,"Rua Olga Burnier, 230"
412,PARQUE BURNIER.,10073558,08:59:00,4,0,0,15,2025-01-16T00:00:00.000Z,-43.334645750000,-21.760669710000,"Rua Olga Burnier, 70"
412,PARQUE BURNIER.,10073552,08:59:00,3,0,1,15,2025-01-16T00:00:00.000Z,-43.335479020000,-21.760313550000,"Rua São Geraldo, 84"
412,PARQUE BURNIER.,10072305,08:59:00,2,2,3,16,2025-01-16T00:00:00.000Z,-43.337478970000,-21.760922950000,"Rua Djalma de Carvalho, 37"
412,PARQUE BURNIER.,10071108,08:59:00,1,17,0,17,2025-01-16T00:00:00.000Z,-43.349331860000,-21.758144610000,"Avenida Getúlio Vargas, 835"
412,PARQUE BURNIER.,10072296,08:59:00,9,0,0,13,2025-01-16T00:00:00.000Z,-43.329374790000,-21.763440430000,"Rua Adelaide Campos de Resende, 975"
412,PARQUE BURNIER.,10072328,08:59:00,13,0,0,8,2025-01-16T00:00:00.000Z,-43.326450350000,-21.763683320000,"Rua Adelaide Campos de Resende, 669"
412,PARQUE BURNIER.,10072302,09:25:00,15,0,0,13,2025-01-16T00:00:00.000Z,-43.338029500000,-21.760323850000,"Avenida Sete de Setembro, 623"
412,PARQUE BURNIER.,10071108,09:25:00,17,0,12,5,2025-01-16T00:00:00.000Z,-43.349331860000,-21.758144610000,"Avenida Getúlio Vargas, 835"
412,PARQUE BURNIER.,10074194,09:25:00,16,6,2,17,2025-01-16T00:00:00.000Z,-43.342338620000,-21.760505960000,"Rua Ângelo Falci, 55"
412,PARQUE BURNIER.,10072332,09:25:00,14,1,0,13,2025-01-16T00:00:00.000Z,-43.335533860000,-21.760131640000,"Rua São Geraldo, 89"
412,PARQUE BURNIER.,10072337,09:25:00,13,0,0,12,2025-01-16T00:00:00.000Z,-43.334540130000,-21.760522960000,"Rua Olga Burnier, 67"
412,PARQUE BURNIER.,10072335,09:25:00,12,0,0,12,2025-01-16T00:00:00.000Z,-43.333453420000,-21.761562350000,"Rua Olga Burnier, 233"
412,PARQUE BURNIER.,10072380,09:25:00,10,1,0,12,2025-01-16T00:00:00.000Z,-43.331466790000,-21.763337580000,"Rua Olga Burnier, 485"
412,PARQUE BURNIER.,10073583,09:25:00,9,0,0,11,2025-01-16T00:00:00.000Z,-43.330207820000,-21.763072230000,"Rua Adelaide Campos de Resende, 1070"
412,PARQUE BURNIER.,10073584,09:25:00,8,1,0,11,2025-01-16T00:00:00.000Z,-43.329363350000,-21.763255450000,"Rua Adelaide Campos de Resende, 984"
412,PARQUE BURNIER.,10072384,09:25:00,6,0,0,9,2025-01-16T00:00:00.000Z,-43.327999480000,-21.763301540000,"Rua José Teodoro dos Santos, 126"
412,PARQUE BURNIER.,10072309,09:25:00,5,1,0,9,2025-01-16T00:00:00.000Z,-43.327273730000,-21.763967940000,"Rua José Teodoro dos Santos, 28"
412,PARQUE BURNIER.,10073589,09:25:00,4,5,0,8,2025-01-16T00:00:00.000Z,-43.326568960000,-21.763629600000,"Rua Adelaide Campos de Resende, 706"
412,PARQUE BURNIER.,10072362,09:25:00,3,2,0,3,2025-01-16T00:00:00.000Z,-43.327527760000,-21.762798310000,"Rua Natalino José de Paula, 310"
412,PARQUE BURNIER.,10072363,09:25:00,2,1,0,1,2025-01-16T00:00:00.000Z,-43.327885630000,-21.762179390000,"Rua Natalino José de Paula, 288"
412,PARQUE BURNIER.,10072358,09:25:00,1,0,0,0,2025-01-16T00:00:00.000Z,-43.328687310000,-21.761675740000,"Rua Natalino José de Paula, 112 - Ponto Final do Parque Burnier"
412,PARQUE BURNIER.,10072386,09:25:00,7,3,2,10,2025-01-16T00:00:00.000Z,-43.328850270000,-21.762325320000,"Rua José Teodoro dos Santos, 292"
412,PARQUE BURNIER.,10072382,09:25:00,11,0,0,12,2025-01-16T00:00:00.000Z,-43.332369450000,-21.762522520000,"Rua Olga Burnier, 361"
412,PARQUE BURNIER.,10072358,09:45:00,18,7,0,7,2025-01-16T00:00:00.000Z,-43.328687310000,-21.761675740000,"Rua Natalino José de Paula, 112 - Ponto Final do Parque Burnier"
412,PARQUE BURNIER.,10072359,09:45:00,14,0,0,0,2025-01-16T00:00:00.000Z,-43.326282500000,-21.763143540000,"Rua Adelaide Campos de Resende, 651"
412,PARQUE BURNIER.,10072356,09:45:00,17,0,0,0,2025-01-16T00:00:00.000Z,-43.327793950000,-21.762107030000,"Rua Natalino José de Paula, 271"
412,PARQUE BURNIER.,10072375,09:45:00,16,0,0,0,2025-01-16T00:00:00.000Z,-43.327420830000,-21.762727850000,"Rua Natalino José de Paula, 319"
412,PARQUE BURNIER.,10071503,09:45:00,15,0,0,0,2025-01-16T00:00:00.000Z,-43.326207040000,-21.762717810000,"Rua Natalino José de Paula, 421"
412,PARQUE BURNIER.,10072328,09:45:00,13,0,0,0,2025-01-16T00:00:00.000Z,-43.326450350000,-21.763683320000,"Rua Adelaide Campos de Resende, 669"
412,PARQUE BURNIER.,10072377,09:45:00,12,0,0,0,2025-01-16T00:00:00.000Z,-43.327321890000,-21.764062650000,"Rua José Teodoro dos Santos, 25"
412,PARQUE BURNIER.,10072316,09:45:00,11,0,0,0,2025-01-16T00:00:00.000Z,-43.328204750000,-21.763332370000,"Rua José Teodoro dos Santos, 145"
412,PARQUE BURNIER.,10072296,09:45:00,9,0,2,0,2025-01-16T00:00:00.000Z,-43.329374790000,-21.763440430000,"Rua Adelaide Campos de Resende, 975"
412,PARQUE BURNIER.,10072301,09:45:00,8,0,0,2,2025-01-16T00:00:00.000Z,-43.330138330000,-21.763252970000,"Rua Adelaide Campos de Resende, 1061"
412,PARQUE BURNIER.,10073561,09:45:00,7,0,1,2,2025-01-16T00:00:00.000Z,-43.331552510000,-21.763418910000,"Rua Olga Burnier, 480"
412,PARQUE BURNIER.,10073557,09:45:00,6,0,0,3,2025-01-16T00:00:00.000Z,-43.332479840000,-21.762640710000,"Rua Olga Burnier, 356"
412,PARQUE BURNIER.,10073560,09:45:00,5,0,0,3,2025-01-16T00:00:00.000Z,-43.333589670000,-21.761652280000,"Rua Olga Burnier, 230"
412,PARQUE BURNIER.,10073558,09:45:00,4,0,0,3,2025-01-16T00:00:00.000Z,-43.334645750000,-21.760669710000,"Rua Olga Burnier, 70"
412,PARQUE BURNIER.,10073552,09:45:00,3,0,0,3,2025-01-16T00:00:00.000Z,-43.335479020000,-21.760313550000,"Rua São Geraldo, 84"
412,PARQUE BURNIER.,10072305,09:45:00,2,1,1,3,2025-01-16T00:00:00.000Z,-43.337478970000,-21.760922950000,"Rua Djalma de Carvalho, 37"
412,PARQUE BURNIER.,10071108,09:45:00,1,3,0,3,2025-01-16T00:00:00.000Z,-43.349331860000,-21.758144610000,"Avenida Getúlio Vargas, 835"
412,PARQUE BURNIER.,10072313,09:45:00,10,0,0,0,2025-01-16T00:00:00.000Z,-43.328846690000,-21.762504770000,"Rua José Teodoro dos Santos, 275"
412,PARQUE BURNIER.,10074194,10:20:00,16,6,2,16,2025-01-16T00:00:00.000Z,-43.342338620000,-21.760505960000,"Rua Ângelo Falci, 55"
412,PARQUE BURNIER.,10071108,10:20:00,17,0,12,4,2025-01-16T00:00:00.000Z,-43.349331860000,-21.758144610000,"Avenida Getúlio Vargas, 835"
412,PARQUE BURNIER.,10072302,10:20:00,15,3,0,12,2025-01-16T00:00:00.000Z,-43.338029500000,-21.760323850000,"Avenida Sete de Setembro, 623"
412,PARQUE BURNIER.,10072332,10:20:00,14,0,0,9,2025-01-16T00:00:00.000Z,-43.335533860000,-21.760131640000,"Rua São Geraldo, 89"
412,PARQUE BURNIER.,10072337,10:20:00,13,0,0,9,2025-01-16T00:00:00.000Z,-43.334540130000,-21.760522960000,"Rua Olga Burnier, 67"
412,PARQUE BURNIER.,10072382,10:20:00,11,0,0,9,2025-01-16T00:00:00.000Z,-43.332369450000,-21.762522520000,"Rua Olga Burnier, 361"
412,PARQUE BURNIER.,10072380,10:20:00,10,1,0,9,2025-01-16T00:00:00.000Z,-43.331466790000,-21.763337580000,"Rua Olga Burnier, 485"
412,PARQUE BURNIER.,10073583,10:20:00,9,1,0,8,2025-01-16T00:00:00.000Z,-43.330207820000,-21.763072230000,"Rua Adelaide Campos de Resende, 1070"
412,PARQUE BURNIER.,10072386,10:20:00,7,0,2,3,2025-01-16T00:00:00.000Z,-43.328850270000,-21.762325320000,"Rua José Teodoro dos Santos, 292"
412,PARQUE BURNIER.,10072384,10:20:00,6,1,0,5,2025-01-16T00:00:00.000Z,-43.327999480000,-21.763301540000,"Rua José Teodoro dos Santos, 126"
412,PARQUE BURNIER.,10072309,10:20:00,5,1,0,4,2025-01-16T00:00:00.000Z,-43.327273730000,-21.763967940000,"Rua José Teodoro dos Santos, 28"
412,PARQUE BURNIER.,10073589,10:20:00,4,0,0,3,2025-01-16T00:00:00.000Z,-43.326568960000,-21.763629600000,"Rua Adelaide Campos de Resende, 706"
412,PARQUE BURNIER.,10072362,10:20:00,3,1,0,3,2025-01-16T00:00:00.000Z,-43.327527760000,-21.762798310000,"Rua Natalino José de Paula, 310"
412,PARQUE BURNIER.,10072363,10:20:00,2,2,0,2,2025-01-16T00:00:00.000Z,-43.327885630000,-21.762179390000,"Rua Natalino José de Paula, 288"
412,PARQUE BURNIER.,10072358,10:20:00,1,0,0,0,2025-01-16T00:00:00.000Z,-43.328687310000,-21.761675740000,"Rua Natalino José de Paula, 112 - Ponto Final do Parque Burnier"
412,PARQUE BURNIER.,10073584,10:20:00,8,4,0,7,2025-01-16T00:00:00.000Z,-43.329363350000,-21.763255450000,"Rua Adelaide Campos de Resende, 984"
412,PARQUE BURNIER.,10072335,10:20:00,12,0,0,9,2025-01-16T00:00:00.000Z,-43.333453420000,-21.761562350000,"Rua Olga Burnier, 233"
412,PARQUE BURNIER.,10072358,10:40:00,18,2,1,2,2025-01-16T00:00:00.000Z,-43.328687310000,-21.761675740000,"Rua Natalino José de Paula, 112 - Ponto Final do Parque Burnier"
412,PARQUE BURNIER.,10072356,10:40:00,17,1,0,1,2025-01-16T00:00:00.000Z,-43.327793950000,-21.762107030000,"Rua Natalino José de Paula, 271"
412,PARQUE BURNIER.,10072375,10:40:00,16,0,1,0,2025-01-16T00:00:00.000Z,-43.327420830000,-21.762727850000,"Rua Natalino José de Paula, 319"
412,PARQUE BURNIER.,10072359,10:40:00,14,0,0,0,2025-01-16T00:00:00.000Z,-43.326282500000,-21.763143540000,"Rua Adelaide Campos de Resende, 651"
412,PARQUE BURNIER.,10072328,10:40:00,13,0,1,0,2025-01-16T00:00:00.000Z,-43.326450350000,-21.763683320000,"Rua Adelaide Campos de Resende, 669"
412,PARQUE BURNIER.,10072377,10:40:00,12,0,1,1,2025-01-16T00:00:00.000Z,-43.327321890000,-21.764062650000,"Rua José Teodoro dos Santos, 25"
412,PARQUE BURNIER.,10072313,10:40:00,10,0,2,3,2025-01-16T00:00:00.000Z,-43.328846690000,-21.762504770000,"Rua José Teodoro dos Santos, 275"
412,PARQUE BURNIER.,10072296,10:40:00,9,0,2,5,2025-01-16T00:00:00.000Z,-43.329374790000,-21.763440430000,"Rua Adelaide Campos de Resende, 975"
412,PARQUE BURNIER.,10072301,10:40:00,8,0,0,7,2025-01-16T00:00:00.000Z,-43.330138330000,-21.763252970000,"Rua Adelaide Campos de Resende, 1061"
412,PARQUE BURNIER.,10073557,10:40:00,6,0,0,7,2025-01-16T00:00:00.000Z,-43.332479840000,-21.762640710000,"Rua Olga Burnier, 356"
412,PARQUE BURNIER.,10073560,10:40:00,5,0,0,7,2025-01-16T00:00:00.000Z,-43.333589670000,-21.761652280000,"Rua Olga Burnier, 230"
412,PARQUE BURNIER.,10073558,10:40:00,4,0,0,7,2025-01-16T00:00:00.000Z,-43.334645750000,-21.760669710000,"Rua Olga Burnier, 70"
412,PARQUE BURNIER.,10073552,10:40:00,3,0,0,7,2025-01-16T00:00:00.000Z,-43.335479020000,-21.760313550000,"Rua São Geraldo, 84"
412,PARQUE BURNIER.,10072305,10:40:00,2,2,1,7,2025-01-16T00:00:00.000Z,-43.337478970000,-21.760922950000,"Rua Djalma de Carvalho, 37"
412,PARQUE BURNIER.,10071108,10:40:00,1,6,0,6,2025-01-16T00:00:00.000Z,-43.349331860000,-21.758144610000,"Avenida Getúlio Vargas, 835"
412,PARQUE BURNIER.,10071503,10:40:00,15,1,0,1,2025-01-16T00:00:00.000Z,-43.326207040000,-21.762717810000,"Rua Natalino José de Paula, 421"
412,PARQUE BURNIER.,10072316,10:40:00,11,0,1,2,2025-01-16T00:00:00.000Z,-43.328204750000,-21.763332370000,"Rua José Teodoro dos Santos, 145"
412,PARQUE BURNIER.,10073561,10:40:00,7,0,0,7,2025-01-16T00:00:00.000Z,-43.331552510000,-21.763418910000,"Rua Olga Burnier, 480"
412,PARQUE BURNIER.,10071108,11:15:00,17,0,26,2,2025-01-16T00:00:00.000Z,-43.349331860000,-21.758144610000,"Avenida Getúlio Vargas, 835"
412,PARQUE BURNIER.,10074194,11:15:00,16,13,6,28,2025-01-16T00:00:00.000Z,-43.342338620000,-21.760505960000,"Rua Ângelo Falci, 55"
412,PARQUE BURNIER.,10072302,11:15:00,15,2,1,21,2025-01-16T00:00:00.000Z,-43.338029500000,-21.760323850000,"Avenida Sete de Setembro, 623"
412,PARQUE BURNIER.,10072332,11:15:00,14,0,0,20,2025-01-16T00:00:00.000Z,-43.335533860000,-21.760131640000,"Rua São Geraldo, 89"
412,PARQUE BURNIER.,10072335,11:15:00,12,1,0,19,2025-01-16T00:00:00.000Z,-43.333453420000,-21.761562350000,"Rua Olga Burnier, 233"
412,PARQUE BURNIER.,10072382,11:15:00,11,1,0,18,2025-01-16T00:00:00.000Z,-43.332369450000,-21.762522520000,"Rua Olga Burnier, 361"
412,PARQUE BURNIER.,10072380,11:15:00,10,0,1,17,2025-01-16T00:00:00.000Z,-43.331466790000,-21.763337580000,"Rua Olga Burnier, 485"
412,PARQUE BURNIER.,10073584,11:15:00,8,6,0,16,2025-01-16T00:00:00.000Z,-43.329363350000,-21.763255450000,"Rua Adelaide Campos de Resende, 984"
412,PARQUE BURNIER.,10072386,11:15:00,7,2,2,10,2025-01-16T00:00:00.000Z,-43.328850270000,-21.762325320000,"Rua José Teodoro dos Santos, 292"
412,PARQUE BURNIER.,10072384,11:15:00,6,0,0,10,2025-01-16T00:00:00.000Z,-43.327999480000,-21.763301540000,"Rua José Teodoro dos Santos, 126"
412,PARQUE BURNIER.,10072309,11:15:00,5,2,0,10,2025-01-16T00:00:00.000Z,-43.327273730000,-21.763967940000,"Rua José Teodoro dos Santos, 28"
412,PARQUE BURNIER.,10073589,11:15:00,4,4,0,8,2025-01-16T00:00:00.000Z,-43.326568960000,-21.763629600000,"Rua Adelaide Campos de Resende, 706"
412,PARQUE BURNIER.,10072362,11:15:00,3,3,0,4,2025-01-16T00:00:00.000Z,-43.327527760000,-21.762798310000,"Rua Natalino José de Paula, 310"
412,PARQUE BURNIER.,10072363,11:15:00,2,1,0,1,2025-01-16T00:00:00.000Z,-43.327885630000,-21.762179390000,"Rua Natalino José de Paula, 288"
412,PARQUE BURNIER.,10072358,11:15:00,1,0,0,0,2025-01-16T00:00:00.000Z,-43.328687310000,-21.761675740000,"Rua Natalino José de Paula, 112 - Ponto Final do Parque Burnier"
412,PARQUE BURNIER.,10072337,11:15:00,13,1,0,20,2025-01-16T00:00:00.000Z,-43.334540130000,-21.760522960000,"Rua Olga Burnier, 67"
412,PARQUE BURNIER.,10073583,11:15:00,9,2,0,18,2025-01-16T00:00:00.000Z,-43.330207820000,-21.763072230000,"Rua Adelaide Campos de Resende, 1070"
412,PARQUE BURNIER.,10072375,11:35:00,16,0,0,0,2025-01-16T00:00:00.000Z,-43.327420830000,-21.762727850000,"Rua Natalino José de Paula, 319"
412,PARQUE BURNIER.,10072377,11:35:00,12,0,1,5,2025-01-16T00:00:00.000Z,-43.327321890000,-21.764062650000,"Rua José Teodoro dos Santos, 25"
412,PARQUE BURNIER.,10072358,11:35:00,18,3,0,3,2025-01-16T00:00:00.000Z,-43.328687310000,-21.761675740000,"Rua Natalino José de Paula, 112 - Ponto Final do Parque Burnier"
412,PARQUE BURNIER.,10072356,11:35:00,17,0,0,0,2025-01-16T00:00:00.000Z,-43.327793950000,-21.762107030000,"Rua Natalino José de Paula, 271"
412,PARQUE BURNIER.,10071503,11:35:00,15,0,0,0,2025-01-16T00:00:00.000Z,-43.326207040000,-21.762717810000,"Rua Natalino José de Paula, 421"
412,PARQUE BURNIER.,10072359,11:35:00,14,0,1,0,2025-01-16T00:00:00.000Z,-43.326282500000,-21.763143540000,"Rua Adelaide Campos de Resende, 651"
412,PARQUE BURNIER.,10072328,11:35:00,13,0,4,1,2025-01-16T00:00:00.000Z,-43.326450350000,-21.763683320000,"Rua Adelaide Campos de Resende, 669"
412,PARQUE BURNIER.,10072316,11:35:00,11,0,1,6,2025-01-16T00:00:00.000Z,-43.328204750000,-21.763332370000,"Rua José Teodoro dos Santos, 145"
412,PARQUE BURNIER.,10072313,11:35:00,10,0,2,7,2025-01-16T00:00:00.000Z,-43.328846690000,-21.762504770000,"Rua José Teodoro dos Santos, 275"
412,PARQUE BURNIER.,10072296,11:35:00,9,0,3,9,2025-01-16T00:00:00.000Z,-43.329374790000,-21.763440430000,"Rua Adelaide Campos de Resende, 975"
412,PARQUE BURNIER.,10073561,11:35:00,7,0,0,13,2025-01-16T00:00:00.000Z,-43.331552510000,-21.763418910000,"Rua Olga Burnier, 480"
412,PARQUE BURNIER.,10073557,11:35:00,6,0,0,13,2025-01-16T00:00:00.000Z,-43.332479840000,-21.762640710000,"Rua Olga Burnier, 356"
412,PARQUE BURNIER.,10073560,11:35:00,5,0,1,13,2025-01-16T00:00:00.000Z,-43.333589670000,-21.761652280000,"Rua Olga Burnier, 230"
412,PARQUE BURNIER.,10073558,11:35:00,4,1,0,14,2025-01-16T00:00:00.000Z,-43.334645750000,-21.760669710000,"Rua Olga Burnier, 70"
412,PARQUE BURNIER.,10073552,11:35:00,3,0,0,13,2025-01-16T00:00:00.000Z,-43.335479020000,-21.760313550000,"Rua São Geraldo, 84"
412,PARQUE BURNIER.,10072305,11:35:00,2,2,1,13,2025-01-16T00:00:00.000Z,-43.337478970000,-21.760922950000,"Rua Djalma de Carvalho, 37"
412,PARQUE BURNIER.,10071108,11:35:00,1,12,0,12,2025-01-16T00:00:00.000Z,-43.349331860000,-21.758144610000,"Avenida Getúlio Vargas, 835"
412,PARQUE BURNIER.,10072301,11:35:00,8,0,1,12,2025-01-16T00:00:00.000Z,-43.330138330000,-21.763252970000,"Rua Adelaide Campos de Resende, 1061"
412,PARQUE BURNIER.,10072384,12:10:00,6,0,0,5,2025-01-16T00:00:00.000Z,-43.327999480000,-21.763301540000,"Rua José Teodoro dos Santos, 126"
412,PARQUE BURNIER.,10072332,12:10:00,14,1,0,11,2025-01-16T00:00:00.000Z,-43.335533860000,-21.760131640000,"Rua São Geraldo, 89"
412,PARQUE BURNIER.,10072380,12:10:00,10,0,0,8,2025-01-16T00:00:00.000Z,-43.331466790000,-21.763337580000,"Rua Olga Burnier, 485"
412,PARQUE BURNIER.,10071108,12:10:00,17,0,6,18,2025-01-16T00:00:00.000Z,-43.349331860000,-21.758144610000,"Avenida Getúlio Vargas, 835"
412,PARQUE BURNIER.,10074194,12:10:00,16,16,3,24,2025-01-16T00:00:00.000Z,-43.342338620000,-21.760505960000,"Rua Ângelo Falci, 55"
412,PARQUE BURNIER.,10072302,12:10:00,15,2,2,11,2025-01-16T00:00:00.000Z,-43.338029500000,-21.760323850000,"Avenida Sete de Setembro, 623"
412,PARQUE BURNIER.,10072337,12:10:00,13,1,0,10,2025-01-16T00:00:00.000Z,-43.334540130000,-21.760522960000,"Rua Olga Burnier, 67"
412,PARQUE BURNIER.,10072335,12:10:00,12,0,0,9,2025-01-16T00:00:00.000Z,-43.333453420000,-21.761562350000,"Rua Olga Burnier, 233"
412,PARQUE BURNIER.,10072382,12:10:00,11,1,0,9,2025-01-16T00:00:00.000Z,-43.332369450000,-21.762522520000,"Rua Olga Burnier, 361"
412,PARQUE BURNIER.,10073583,12:10:00,9,0,0,8,2025-01-16T00:00:00.000Z,-43.330207820000,-21.763072230000,"Rua Adelaide Campos de Resende, 1070"
412,PARQUE BURNIER.,10073584,12:10:00,8,3,0,8,2025-01-16T00:00:00.000Z,-43.329363350000,-21.763255450000,"Rua Adelaide Campos de Resende, 984"
412,PARQUE BURNIER.,10072386,12:10:00,7,0,0,5,2025-01-16T00:00:00.000Z,-43.328850270000,-21.762325320000,"Rua José Teodoro dos Santos, 292"
412,PARQUE BURNIER.,10072309,12:10:00,5,2,0,5,2025-01-16T00:00:00.000Z,-43.327273730000,-21.763967940000,"Rua José Teodoro dos Santos, 28"
412,PARQUE BURNIER.,10073589,12:10:00,4,2,0,3,2025-01-16T00:00:00.000Z,-43.326568960000,-21.763629600000,"Rua Adelaide Campos de Resende, 706"
412,PARQUE BURNIER.,10072362,12:10:00,3,0,0,1,2025-01-16T00:00:00.000Z,-43.327527760000,-21.762798310000,"Rua Natalino José de Paula, 310"
412,PARQUE BURNIER.,10072363,12:10:00,2,1,0,1,2025-01-16T00:00:00.000Z,-43.327885630000,-21.762179390000,"Rua Natalino José de Paula, 288"
412,PARQUE BURNIER.,10072358,12:10:00,1,0,0,0,2025-01-16T00:00:00.000Z,-43.328687310000,-21.761675740000,"Rua Natalino José de Paula, 112 - Ponto Final do Parque Burnier"
412,PARQUE BURNIER.,10072358,12:30:00,18,1,0,2,2025-01-16T00:00:00.000Z,-43.328687310000,-21.761675740000,"Rua Natalino José de Paula, 112 - Ponto Final do Parque Burnier"
412,PARQUE BURNIER.,10072375,12:30:00,16,0,0,0,2025-01-16T00:00:00.000Z,-43.327420830000,-21.762727850000,"Rua Natalino José de Paula, 319"
412,PARQUE BURNIER.,10071503,12:30:00,15,0,0,0,2025-01-16T00:00:00.000Z,-43.326207040000,-21.762717810000,"Rua Natalino José de Paula, 421"
412,PARQUE BURNIER.,10072359,12:30:00,14,0,10,0,2025-01-16T00:00:00.000Z,-43.326282500000,-21.763143540000,"Rua Adelaide Campos de Resende, 651"
412,PARQUE BURNIER.,10072377,12:30:00,12,0,0,24,2025-01-16T00:00:00.000Z,-43.327321890000,-21.764062650000,"Rua José Teodoro dos Santos, 25"
412,PARQUE BURNIER.,10072316,12:30:00,11,0,2,24,2025-01-16T00:00:00.000Z,-43.328204750000,-21.763332370000,"Rua José Teodoro dos Santos, 145"
412,PARQUE BURNIER.,10072313,12:30:00,10,0,4,26,2025-01-16T00:00:00.000Z,-43.328846690000,-21.762504770000,"Rua José Teodoro dos Santos, 275"
412,PARQUE BURNIER.,10072301,12:30:00,8,0,0,30,2025-01-16T00:00:00.000Z,-43.330138330000,-21.763252970000,"Rua Adelaide Campos de Resende, 1061"
412,PARQUE BURNIER.,10073561,12:30:00,7,0,1,30,2025-01-16T00:00:00.000Z,-43.331552510000,-21.763418910000,"Rua Olga Burnier, 480"
412,PARQUE BURNIER.,10073557,12:30:00,6,0,2,31,2025-01-16T00:00:00.000Z,-43.332479840000,-21.762640710000,"Rua Olga Burnier, 356"
412,PARQUE BURNIER.,10073558,12:30:00,4,0,0,33,2025-01-16T00:00:00.000Z,-43.334645750000,-21.760669710000,"Rua Olga Burnier, 70"
412,PARQUE BURNIER.,10073552,12:30:00,3,0,2,33,2025-01-16T00:00:00.000Z,-43.335479020000,-21.760313550000,"Rua São Geraldo, 84"
412,PARQUE BURNIER.,10072305,12:30:00,2,4,2,35,2025-01-16T00:00:00.000Z,-43.337478970000,-21.760922950000,"Rua Djalma de Carvalho, 37"
412,PARQUE BURNIER.,10071108,12:30:00,1,33,0,33,2025-01-16T00:00:00.000Z,-43.349331860000,-21.758144610000,"Avenida Getúlio Vargas, 835"
412,PARQUE BURNIER.,10072356,12:30:00,17,1,0,1,2025-01-16T00:00:00.000Z,-43.327793950000,-21.762107030000,"Rua Natalino José de Paula, 271"
412,PARQUE BURNIER.,10073560,12:30:00,5,0,0,33,2025-01-16T00:00:00.000Z,-43.333589670000,-21.761652280000,"Rua Olga Burnier, 230"
412,PARQUE BURNIER.,10072296,12:30:00,9,0,0,30,2025-01-16T00:00:00.000Z,-43.329374790000,-21.763440430000,"Rua Adelaide Campos de Resende, 975"
412,PARQUE BURNIER.,10072328,12:30:00,13,0,14,10,2025-01-16T00:00:00.000Z,-43.326450350000,-21.763683320000,"Rua Adelaide Campos de Resende, 669"
412,PARQUE BURNIER.,10071108,13:05:00,17,0,4,19,2025-01-16T00:00:00.000Z,-43.349331860000,-21.758144610000,"Avenida Getúlio Vargas, 835"
412,PARQUE BURNIER.,10074194,13:05:00,16,9,3,23,2025-01-16T00:00:00.000Z,-43.342338620000,-21.760505960000,"Rua Ângelo Falci, 55"
412,PARQUE BURNIER.,10072332,13:05:00,14,0,0,15,2025-01-16T00:00:00.000Z,-43.335533860000,-21.760131640000,"Rua São Geraldo, 89"
412,PARQUE BURNIER.,10072337,13:05:00,13,0,1,15,2025-01-16T00:00:00.000Z,-43.334540130000,-21.760522960000,"Rua Olga Burnier, 67"
412,PARQUE BURNIER.,10072335,13:05:00,12,1,0,16,2025-01-16T00:00:00.000Z,-43.333453420000,-21.761562350000,"Rua Olga Burnier, 233"
412,PARQUE BURNIER.,10072380,13:05:00,10,1,0,13,2025-01-16T00:00:00.000Z,-43.331466790000,-21.763337580000,"Rua Olga Burnier, 485"
412,PARQUE BURNIER.,10073583,13:05:00,9,0,0,12,2025-01-16T00:00:00.000Z,-43.330207820000,-21.763072230000,"Rua Adelaide Campos de Resende, 1070"
412,PARQUE BURNIER.,10073584,13:05:00,8,1,0,12,2025-01-16T00:00:00.000Z,-43.329363350000,-21.763255450000,"Rua Adelaide Campos de Resende, 984"
412,PARQUE BURNIER.,10072384,13:05:00,6,1,0,9,2025-01-16T00:00:00.000Z,-43.327999480000,-21.763301540000,"Rua José Teodoro dos Santos, 126"
412,PARQUE BURNIER.,10072309,13:05:00,5,1,0,8,2025-01-16T00:00:00.000Z,-43.327273730000,-21.763967940000,"Rua José Teodoro dos Santos, 28"
412,PARQUE BURNIER.,10073589,13:05:00,4,2,0,7,2025-01-16T00:00:00.000Z,-43.326568960000,-21.763629600000,"Rua Adelaide Campos de Resende, 706"
412,PARQUE BURNIER.,10072362,13:05:00,3,1,0,5,2025-01-16T00:00:00.000Z,-43.327527760000,-21.762798310000,"Rua Natalino José de Paula, 310"
412,PARQUE BURNIER.,10072363,13:05:00,2,4,0,4,2025-01-16T00:00:00.000Z,-43.327885630000,-21.762179390000,"Rua Natalino José de Paula, 288"
412,PARQUE BURNIER.,10072358,13:05:00,1,0,0,0,2025-01-16T00:00:00.000Z,-43.328687310000,-21.761675740000,"Rua Natalino José de Paula, 112 - Ponto Final do Parque Burnier"
412,PARQUE BURNIER.,10072302,13:05:00,15,3,1,17,2025-01-16T00:00:00.000Z,-43.338029500000,-21.760323850000,"Avenida Sete de Setembro, 623"
412,PARQUE BURNIER.,10072386,13:05:00,7,2,0,11,2025-01-16T00:00:00.000Z,-43.328850270000,-21.762325320000,"Rua José Teodoro dos Santos, 292"
412,PARQUE BURNIER.,10072382,13:05:00,11,2,0,15,2025-01-16T00:00:00.000Z,-43.332369450000,-21.762522520000,"Rua Olga Burnier, 361"
412,PARQUE BURNIER.,10072356,13:25:00,17,2,0,5,2025-01-16T00:00:00.000Z,-43.327793950000,-21.762107030000,"Rua Natalino José de Paula, 271"
412,PARQUE BURNIER.,10072375,13:25:00,16,0,0,3,2025-01-16T00:00:00.000Z,-43.327420830000,-21.762727850000,"Rua Natalino José de Paula, 319"
412,PARQUE BURNIER.,10071503,13:25:00,15,0,0,3,2025-01-16T00:00:00.000Z,-43.326207040000,-21.762717810000,"Rua Natalino José de Paula, 421"
412,PARQUE BURNIER.,10072328,13:25:00,13,0,0,3,2025-01-16T00:00:00.000Z,-43.326450350000,-21.763683320000,"Rua Adelaide Campos de Resende, 669"
412,PARQUE BURNIER.,10072377,13:25:00,12,0,0,3,2025-01-16T00:00:00.000Z,-43.327321890000,-21.764062650000,"Rua José Teodoro dos Santos, 25"
412,PARQUE BURNIER.,10072316,13:25:00,11,0,0,3,2025-01-16T00:00:00.000Z,-43.328204750000,-21.763332370000,"Rua José Teodoro dos Santos, 145"
412,PARQUE BURNIER.,10072296,13:25:00,9,0,1,3,2025-01-16T00:00:00.000Z,-43.329374790000,-21.763440430000,"Rua Adelaide Campos de Resende, 975"
412,PARQUE BURNIER.,10072301,13:25:00,8,0,0,4,2025-01-16T00:00:00.000Z,-43.330138330000,-21.763252970000,"Rua Adelaide Campos de Resende, 1061"
412,PARQUE BURNIER.,10073561,13:25:00,7,0,0,4,2025-01-16T00:00:00.000Z,-43.331552510000,-21.763418910000,"Rua Olga Burnier, 480"
412,PARQUE BURNIER.,10073560,13:25:00,5,0,0,3,2025-01-16T00:00:00.000Z,-43.333589670000,-21.761652280000,"Rua Olga Burnier, 230"
412,PARQUE BURNIER.,10073558,13:25:00,4,0,0,3,2025-01-16T00:00:00.000Z,-43.334645750000,-21.760669710000,"Rua Olga Burnier, 70"
412,PARQUE BURNIER.,10073552,13:25:00,3,0,0,3,2025-01-16T00:00:00.000Z,-43.335479020000,-21.760313550000,"Rua São Geraldo, 84"
412,PARQUE BURNIER.,10072305,13:25:00,2,3,0,3,2025-01-16T00:00:00.000Z,-43.337478970000,-21.760922950000,"Rua Djalma de Carvalho, 37"
412,PARQUE BURNIER.,10071108,13:25:00,1,0,0,0,2025-01-16T00:00:00.000Z,-43.349331860000,-21.758144610000,"Avenida Getúlio Vargas, 835"
412,PARQUE BURNIER.,10072358,13:25:00,18,1,0,6,2025-01-16T00:00:00.000Z,-43.328687310000,-21.761675740000,"Rua Natalino José de Paula, 112 - Ponto Final do Parque Burnier"
412,PARQUE BURNIER.,10073557,13:25:00,6,1,0,4,2025-01-16T00:00:00.000Z,-43.332479840000,-21.762640710000,"Rua Olga Burnier, 356"
412,PARQUE BURNIER.,10072359,13:25:00,14,0,0,3,2025-01-16T00:00:00.000Z,-43.326282500000,-21.763143540000,"Rua Adelaide Campos de Resende, 651"
412,PARQUE BURNIER.,10072313,13:25:00,10,0,0,3,2025-01-16T00:00:00.000Z,-43.328846690000,-21.762504770000,"Rua José Teodoro dos Santos, 275"
412,PARQUE BURNIER.,10074194,14:00:00,16,11,1,17,2025-01-16T00:00:00.000Z,-43.342338620000,-21.760505960000,"Rua Ângelo Falci, 55"
412,PARQUE BURNIER.,10072335,14:00:00,12,0,0,6,2025-01-16T00:00:00.000Z,-43.333453420000,-21.761562350000,"Rua Olga Burnier, 233"
412,PARQUE BURNIER.,10071108,14:00:00,17,0,14,3,2025-01-16T00:00:00.000Z,-43.349331860000,-21.758144610000,"Avenida Getúlio Vargas, 835"
412,PARQUE BURNIER.,10072302,14:00:00,15,1,0,7,2025-01-16T00:00:00.000Z,-43.338029500000,-21.760323850000,"Avenida Sete de Setembro, 623"
412,PARQUE BURNIER.,10072332,14:00:00,14,0,0,6,2025-01-16T00:00:00.000Z,-43.335533860000,-21.760131640000,"Rua São Geraldo, 89"
412,PARQUE BURNIER.,10072337,14:00:00,13,0,0,6,2025-01-16T00:00:00.000Z,-43.334540130000,-21.760522960000,"Rua Olga Burnier, 67"
412,PARQUE BURNIER.,10072382,14:00:00,11,0,0,6,2025-01-16T00:00:00.000Z,-43.332369450000,-21.762522520000,"Rua Olga Burnier, 361"
412,PARQUE BURNIER.,10072380,14:00:00,10,0,0,6,2025-01-16T00:00:00.000Z,-43.331466790000,-21.763337580000,"Rua Olga Burnier, 485"
412,PARQUE BURNIER.,10073583,14:00:00,9,0,0,6,2025-01-16T00:00:00.000Z,-43.330207820000,-21.763072230000,"Rua Adelaide Campos de Resende, 1070"
412,PARQUE BURNIER.,10072386,14:00:00,7,0,2,4,2025-01-16T00:00:00.000Z,-43.328850270000,-21.762325320000,"Rua José Teodoro dos Santos, 292"
412,PARQUE BURNIER.,10072384,14:00:00,6,0,0,6,2025-01-16T00:00:00.000Z,-43.327999480000,-21.763301540000,"Rua José Teodoro dos Santos, 126"
412,PARQUE BURNIER.,10072309,14:00:00,5,1,0,6,2025-01-16T00:00:00.000Z,-43.327273730000,-21.763967940000,"Rua José Teodoro dos Santos, 28"
412,PARQUE BURNIER.,10072362,14:00:00,3,0,0,4,2025-01-16T00:00:00.000Z,-43.327527760000,-21.762798310000,"Rua Natalino José de Paula, 310"
412,PARQUE BURNIER.,10072363,14:00:00,2,4,0,4,2025-01-16T00:00:00.000Z,-43.327885630000,-21.762179390000,"Rua Natalino José de Paula, 288"
412,PARQUE BURNIER.,10072358,14:00:00,1,0,0,0,2025-01-16T00:00:00.000Z,-43.328687310000,-21.761675740000,"Rua Natalino José de Paula, 112 - Ponto Final do Parque Burnier"
412,PARQUE BURNIER.,10073589,14:00:00,4,1,0,5,2025-01-16T00:00:00.000Z,-43.326568960000,-21.763629600000,"Rua Adelaide Campos de Resende, 706"
412,PARQUE BURNIER.,10073584,14:00:00,8,2,0,6,2025-01-16T00:00:00.000Z,-43.329363350000,-21.763255450000,"Rua Adelaide Campos de Resende, 984"
412,PARQUE BURNIER.,10071503,14:20:00,15,0,0,13,2025-01-16T00:00:00.000Z,-43.326207040000,-21.762717810000,"Rua Natalino José de Paula, 421"
412,PARQUE BURNIER.,10073561,14:20:00,7,0,0,21,2025-01-16T00:00:00.000Z,-43.331552510000,-21.763418910000,"Rua Olga Burnier, 480"
412,PARQUE BURNIER.,10072316,14:20:00,11,0,0,13,2025-01-16T00:00:00.000Z,-43.328204750000,-21.763332370000,"Rua José Teodoro dos Santos, 145"
412,PARQUE BURNIER.,10072358,14:20:00,18,1,0,13,2025-01-16T00:00:00.000Z,-43.328687310000,-21.761675740000,"Rua Natalino José de Paula, 112 - Ponto Final do Parque Burnier"
412,PARQUE BURNIER.,10072356,14:20:00,17,0,0,12,2025-01-16T00:00:00.000Z,-43.327793950000,-21.762107030000,"Rua Natalino José de Paula, 271"
412,PARQUE BURNIER.,10072375,14:20:00,16,0,1,12,2025-01-16T00:00:00.000Z,-43.327420830000,-21.762727850000,"Rua Natalino José de Paula, 319"
412,PARQUE BURNIER.,10072359,14:20:00,14,0,0,13,2025-01-16T00:00:00.000Z,-43.326282500000,-21.763143540000,"Rua Adelaide Campos de Resende, 651"
412,PARQUE BURNIER.,10072328,14:20:00,13,0,0,13,2025-01-16T00:00:00.000Z,-43.326450350000,-21.763683320000,"Rua Adelaide Campos de Resende, 669"
412,PARQUE BURNIER.,10072377,14:20:00,12,0,0,13,2025-01-16T00:00:00.000Z,-43.327321890000,-21.764062650000,"Rua José Teodoro dos Santos, 25"
412,PARQUE BURNIER.,10072313,14:20:00,10,0,4,13,2025-01-16T00:00:00.000Z,-43.328846690000,-21.762504770000,"Rua José Teodoro dos Santos, 275"
412,PARQUE BURNIER.,10072296,14:20:00,9,0,3,17,2025-01-16T00:00:00.000Z,-43.329374790000,-21.763440430000,"Rua Adelaide Campos de Resende, 975"
412,PARQUE BURNIER.,10072301,14:20:00,8,0,1,20,2025-01-16T00:00:00.000Z,-43.330138330000,-21.763252970000,"Rua Adelaide Campos de Resende, 1061"
412,PARQUE BURNIER.,10073557,14:20:00,6,0,1,21,2025-01-16T00:00:00.000Z,-43.332479840000,-21.762640710000,"Rua Olga Burnier, 356"
412,PARQUE BURNIER.,10073560,14:20:00,5,0,0,22,2025-01-16T00:00:00.000Z,-43.333589670000,-21.761652280000,"Rua Olga Burnier, 230"
412,PARQUE BURNIER.,10073558,14:20:00,4,0,0,22,2025-01-16T00:00:00.000Z,-43.334645750000,-21.760669710000,"Rua Olga Burnier, 70"
412,PARQUE BURNIER.,10073552,14:20:00,3,0,0,22,2025-01-16T00:00:00.000Z,-43.335479020000,-21.760313550000,"Rua São Geraldo, 84"
412,PARQUE BURNIER.,10072305,14:20:00,2,2,0,22,2025-01-16T00:00:00.000Z,-43.337478970000,-21.760922950000,"Rua Djalma de Carvalho, 37"
412,PARQUE BURNIER.,10071108,14:20:00,1,20,0,20,2025-01-16T00:00:00.000Z,-43.349331860000,-21.758144610000,"Avenida Getúlio Vargas, 835"
412,PARQUE BURNIER.,10071108,14:55:00,17,0,16,1,2025-01-16T00:00:00.000Z,-43.349331860000,-21.758144610000,"Avenida Getúlio Vargas, 835"
412,PARQUE BURNIER.,10072337,14:55:00,13,0,0,5,2025-01-16T00:00:00.000Z,-43.334540130000,-21.760522960000,"Rua Olga Burnier, 67"
412,PARQUE BURNIER.,10073583,14:55:00,9,0,0,4,2025-01-16T00:00:00.000Z,-43.330207820000,-21.763072230000,"Rua Adelaide Campos de Resende, 1070"
412,PARQUE BURNIER.,10074194,14:55:00,16,13,1,17,2025-01-16T00:00:00.000Z,-43.342338620000,-21.760505960000,"Rua Ângelo Falci, 55"
412,PARQUE BURNIER.,10072302,14:55:00,15,0,0,5,2025-01-16T00:00:00.000Z,-43.338029500000,-21.760323850000,"Avenida Sete de Setembro, 623"
412,PARQUE BURNIER.,10072332,14:55:00,14,0,0,5,2025-01-16T00:00:00.000Z,-43.335533860000,-21.760131640000,"Rua São Geraldo, 89"
412,PARQUE BURNIER.,10072335,14:55:00,12,1,0,5,2025-01-16T00:00:00.000Z,-43.333453420000,-21.761562350000,"Rua Olga Burnier, 233"
412,PARQUE BURNIER.,10072382,14:55:00,11,0,0,4,2025-01-16T00:00:00.000Z,-43.332369450000,-21.762522520000,"Rua Olga Burnier, 361"
412,PARQUE BURNIER.,10072380,14:55:00,10,0,0,4,2025-01-16T00:00:00.000Z,-43.331466790000,-21.763337580000,"Rua Olga Burnier, 485"
412,PARQUE BURNIER.,10073584,14:55:00,8,3,0,4,2025-01-16T00:00:00.000Z,-43.329363350000,-21.763255450000,"Rua Adelaide Campos de Resende, 984"
412,PARQUE BURNIER.,10072386,14:55:00,7,1,2,1,2025-01-16T00:00:00.000Z,-43.328850270000,-21.762325320000,"Rua José Teodoro dos Santos, 292"
412,PARQUE BURNIER.,10072384,14:55:00,6,1,0,2,2025-01-16T00:00:00.000Z,-43.327999480000,-21.763301540000,"Rua José Teodoro dos Santos, 126"
412,PARQUE BURNIER.,10072309,14:55:00,5,0,0,1,2025-01-16T00:00:00.000Z,-43.327273730000,-21.763967940000,"Rua José Teodoro dos Santos, 28"
412,PARQUE BURNIER.,10073589,14:55:00,4,0,0,1,2025-01-16T00:00:00.000Z,-43.326568960000,-21.763629600000,"Rua Adelaide Campos de Resende, 706"
412,PARQUE BURNIER.,10072362,14:55:00,3,1,0,1,2025-01-16T00:00:00.000Z,-43.327527760000,-21.762798310000,"Rua Natalino José de Paula, 310"
412,PARQUE BURNIER.,10072363,14:55:00,2,0,0,0,2025-01-16T00:00:00.000Z,-43.327885630000,-21.762179390000,"Rua Natalino José de Paula, 288"
412,PARQUE BURNIER.,10072358,14:55:00,1,0,0,0,2025-01-16T00:00:00.000Z,-43.328687310000,-21.761675740000,"Rua Natalino José de Paula, 112 - Ponto Final do Parque Burnier"
412,PARQUE BURNIER.,10074194,15:50:00,16,6,0,19,2025-01-16T00:00:00.000Z,-43.342338620000,-21.760505960000,"Rua Ângelo Falci, 55"
412,PARQUE BURNIER.,10073589,15:50:00,4,8,0,9,2025-01-16T00:00:00.000Z,-43.326568960000,-21.763629600000,"Rua Adelaide Campos de Resende, 706"
412,PARQUE BURNIER.,10073584,15:50:00,8,1,0,11,2025-01-16T00:00:00.000Z,-43.329363350000,-21.763255450000,"Rua Adelaide Campos de Resende, 984"
412,PARQUE BURNIER.,10072335,15:50:00,12,0,0,12,2025-01-16T00:00:00.000Z,-43.333453420000,-21.761562350000,"Rua Olga Burnier, 233"
412,PARQUE BURNIER.,10071108,15:50:00,17,0,15,4,2025-01-16T00:00:00.000Z,-43.349331860000,-21.758144610000,"Avenida Getúlio Vargas, 835"
412,PARQUE BURNIER.,10072302,15:50:00,15,3,2,13,2025-01-16T00:00:00.000Z,-43.338029500000,-21.760323850000,"Avenida Sete de Setembro, 623"
412,PARQUE BURNIER.,10072332,15:50:00,14,0,0,12,2025-01-16T00:00:00.000Z,-43.335533860000,-21.760131640000,"Rua São Geraldo, 89"
412,PARQUE BURNIER.,10072337,15:50:00,13,0,0,12,2025-01-16T00:00:00.000Z,-43.334540130000,-21.760522960000,"Rua Olga Burnier, 67"
412,PARQUE BURNIER.,10072382,15:50:00,11,0,0,12,2025-01-16T00:00:00.000Z,-43.332369450000,-21.762522520000,"Rua Olga Burnier, 361"
412,PARQUE BURNIER.,10072380,15:50:00,10,0,0,12,2025-01-16T00:00:00.000Z,-43.331466790000,-21.763337580000,"Rua Olga Burnier, 485"
412,PARQUE BURNIER.,10073583,15:50:00,9,1,0,12,2025-01-16T00:00:00.000Z,-43.330207820000,-21.763072230000,"Rua Adelaide Campos de Resende, 1070"
412,PARQUE BURNIER.,10072386,15:50:00,7,1,0,10,2025-01-16T00:00:00.000Z,-43.328850270000,-21.762325320000,"Rua José Teodoro dos Santos, 292"
412,PARQUE BURNIER.,10072384,15:50:00,6,0,0,9,2025-01-16T00:00:00.000Z,-43.327999480000,-21.763301540000,"Rua José Teodoro dos Santos, 126"
412,PARQUE BURNIER.,10072309,15:50:00,5,0,0,9,2025-01-16T00:00:00.000Z,-43.327273730000,-21.763967940000,"Rua José Teodoro dos Santos, 28"
412,PARQUE BURNIER.,10072362,15:50:00,3,1,0,1,2025-01-16T00:00:00.000Z,-43.327527760000,-21.762798310000,"Rua Natalino José de Paula, 310"
412,PARQUE BURNIER.,10072363,15:50:00,2,0,0,0,2025-01-16T00:00:00.000Z,-43.327885630000,-21.762179390000,"Rua Natalino José de Paula, 288"
412,PARQUE BURNIER.,10072358,15:50:00,1,0,0,0,2025-01-16T00:00:00.000Z,-43.328687310000,-21.761675740000,"Rua Natalino José de Paula, 112 - Ponto Final do Parque Burnier"
412,PARQUE BURNIER.,10072358,16:10:00,18,3,0,8,2025-01-16T00:00:00.000Z,-43.328687310000,-21.761675740000,"Rua Natalino José de Paula, 112 - Ponto Final do Parque Burnier"
412,PARQUE BURNIER.,10072356,16:10:00,17,0,0,5,2025-01-16T00:00:00.000Z,-43.327793950000,-21.762107030000,"Rua Natalino José de Paula, 271"
412,PARQUE BURNIER.,10072375,16:10:00,16,0,1,5,2025-01-16T00:00:00.000Z,-43.327420830000,-21.762727850000,"Rua Natalino José de Paula, 319"
412,PARQUE BURNIER.,10072359,16:10:00,14,0,0,9,2025-01-16T00:00:00.000Z,-43.326282500000,-21.763143540000,"Rua Adelaide Campos de Resende, 651"
412,PARQUE BURNIER.,10072328,16:10:00,13,0,0,9,2025-01-16T00:00:00.000Z,-43.326450350000,-21.763683320000,"Rua Adelaide Campos de Resende, 669"
412,PARQUE BURNIER.,10072377,16:10:00,12,0,0,9,2025-01-16T00:00:00.000Z,-43.327321890000,-21.764062650000,"Rua José Teodoro dos Santos, 25"
412,PARQUE BURNIER.,10072313,16:10:00,10,0,1,10,2025-01-16T00:00:00.000Z,-43.328846690000,-21.762504770000,"Rua José Teodoro dos Santos, 275"
412,PARQUE BURNIER.,10072296,16:10:00,9,0,3,11,2025-01-16T00:00:00.000Z,-43.329374790000,-21.763440430000,"Rua Adelaide Campos de Resende, 975"
412,PARQUE BURNIER.,10072301,16:10:00,8,0,0,14,2025-01-16T00:00:00.000Z,-43.330138330000,-21.763252970000,"Rua Adelaide Campos de Resende, 1061"
412,PARQUE BURNIER.,10073557,16:10:00,6,0,0,14,2025-01-16T00:00:00.000Z,-43.332479840000,-21.762640710000,"Rua Olga Burnier, 356"
412,PARQUE BURNIER.,10073560,16:10:00,5,0,1,14,2025-01-16T00:00:00.000Z,-43.333589670000,-21.761652280000,"Rua Olga Burnier, 230"
412,PARQUE BURNIER.,10073558,16:10:00,4,2,0,15,2025-01-16T00:00:00.000Z,-43.334645750000,-21.760669710000,"Rua Olga Burnier, 70"
412,PARQUE BURNIER.,10073552,16:10:00,3,0,0,13,2025-01-16T00:00:00.000Z,-43.335479020000,-21.760313550000,"Rua São Geraldo, 84"
412,PARQUE BURNIER.,10072305,16:10:00,2,1,0,13,2025-01-16T00:00:00.000Z,-43.337478970000,-21.760922950000,"Rua Djalma de Carvalho, 37"
412,PARQUE BURNIER.,10071108,16:10:00,1,12,0,12,2025-01-16T00:00:00.000Z,-43.349331860000,-21.758144610000,"Avenida Getúlio Vargas, 835"
412,PARQUE BURNIER.,10072316,16:10:00,11,0,1,9,2025-01-16T00:00:00.000Z,-43.328204750000,-21.763332370000,"Rua José Teodoro dos Santos, 145"
412,PARQUE BURNIER.,10071503,16:10:00,15,0,3,6,2025-01-16T00:00:00.000Z,-43.326207040000,-21.762717810000,"Rua Natalino José de Paula, 421"
412,PARQUE BURNIER.,10073561,16:10:00,7,0,0,14,2025-01-16T00:00:00.000Z,-43.331552510000,-21.763418910000,"Rua Olga Burnier, 480"
412,PARQUE BURNIER.,10074194,16:45:00,16,17,3,21,2025-01-16T00:00:00.000Z,-43.342338620000,-21.760505960000,"Rua Ângelo Falci, 55"
412,PARQUE BURNIER.,10072302,16:45:00,15,0,2,7,2025-01-16T00:00:00.000Z,-43.338029500000,-21.760323850000,"Avenida Sete de Setembro, 623"
412,PARQUE BURNIER.,10072332,16:45:00,14,0,0,9,2025-01-16T00:00:00.000Z,-43.335533860000,-21.760131640000,"Rua São Geraldo, 89"
412,PARQUE BURNIER.,10072335,16:45:00,12,0,1,9,2025-01-16T00:00:00.000Z,-43.333453420000,-21.761562350000,"Rua Olga Burnier, 233"
412,PARQUE BURNIER.,10072382,16:45:00,11,1,0,10,2025-01-16T00:00:00.000Z,-43.332369450000,-21.762522520000,"Rua Olga Burnier, 361"
412,PARQUE BURNIER.,10072380,16:45:00,10,0,0,9,2025-01-16T00:00:00.000Z,-43.331466790000,-21.763337580000,"Rua Olga Burnier, 485"
412,PARQUE BURNIER.,10073584,16:45:00,8,4,0,9,2025-01-16T00:00:00.000Z,-43.329363350000,-21.763255450000,"Rua Adelaide Campos de Resende, 984"
412,PARQUE BURNIER.,10072386,16:45:00,7,4,0,5,2025-01-16T00:00:00.000Z,-43.328850270000,-21.762325320000,"Rua José Teodoro dos Santos, 292"
412,PARQUE BURNIER.,10072384,16:45:00,6,0,0,1,2025-01-16T00:00:00.000Z,-43.327999480000,-21.763301540000,"Rua José Teodoro dos Santos, 126"
412,PARQUE BURNIER.,10073589,16:45:00,4,0,0,1,2025-01-16T00:00:00.000Z,-43.326568960000,-21.763629600000,"Rua Adelaide Campos de Resende, 706"
412,PARQUE BURNIER.,10072362,16:45:00,3,1,0,1,2025-01-16T00:00:00.000Z,-43.327527760000,-21.762798310000,"Rua Natalino José de Paula, 310"
412,PARQUE BURNIER.,10072363,16:45:00,2,0,0,0,2025-01-16T00:00:00.000Z,-43.327885630000,-21.762179390000,"Rua Natalino José de Paula, 288"
412,PARQUE BURNIER.,10072358,16:45:00,1,0,0,0,2025-01-16T00:00:00.000Z,-43.328687310000,-21.761675740000,"Rua Natalino José de Paula, 112 - Ponto Final do Parque Burnier"
412,PARQUE BURNIER.,10071108,16:45:00,17,0,17,4,2025-01-16T00:00:00.000Z,-43.349331860000,-21.758144610000,"Avenida Getúlio Vargas, 835"
412,PARQUE BURNIER.,10072309,16:45:00,5,0,0,1,2025-01-16T00:00:00.000Z,-43.327273730000,-21.763967940000,"Rua José Teodoro dos Santos, 28"
412,PARQUE BURNIER.,10073583,16:45:00,9,0,0,9,2025-01-16T00:00:00.000Z,-43.330207820000,-21.763072230000,"Rua Adelaide Campos de Resende, 1070"
412,PARQUE BURNIER.,10072337,16:45:00,13,0,0,9,2025-01-16T00:00:00.000Z,-43.334540130000,-21.760522960000,"Rua Olga Burnier, 67"
412,PARQUE BURNIER.,10072358,17:05:00,18,4,0,8,2025-01-16T00:00:00.000Z,-43.328687310000,-21.761675740000,"Rua Natalino José de Paula, 112 - Ponto Final do Parque Burnier"
412,PARQUE BURNIER.,10072356,17:05:00,17,0,1,4,2025-01-16T00:00:00.000Z,-43.327793950000,-21.762107030000,"Rua Natalino José de Paula, 271"
412,PARQUE BURNIER.,10071503,17:05:00,15,0,2,8,2025-01-16T00:00:00.000Z,-43.326207040000,-21.762717810000,"Rua Natalino José de Paula, 421"
412,PARQUE BURNIER.,10072359,17:05:00,14,0,4,10,2025-01-16T00:00:00.000Z,-43.326282500000,-21.763143540000,"Rua Adelaide Campos de Resende, 651"
412,PARQUE BURNIER.,10072328,17:05:00,13,0,4,14,2025-01-16T00:00:00.000Z,-43.326450350000,-21.763683320000,"Rua Adelaide Campos de Resende, 669"
412,PARQUE BURNIER.,10072316,17:05:00,11,0,0,20,2025-01-16T00:00:00.000Z,-43.328204750000,-21.763332370000,"Rua José Teodoro dos Santos, 145"
412,PARQUE BURNIER.,10072313,17:05:00,10,2,2,20,2025-01-16T00:00:00.000Z,-43.328846690000,-21.762504770000,"Rua José Teodoro dos Santos, 275"
412,PARQUE BURNIER.,10072296,17:05:00,9,0,6,20,2025-01-16T00:00:00.000Z,-43.329374790000,-21.763440430000,"Rua Adelaide Campos de Resende, 975"
412,PARQUE BURNIER.,10073561,17:05:00,7,0,0,27,2025-01-16T00:00:00.000Z,-43.331552510000,-21.763418910000,"Rua Olga Burnier, 480"
412,PARQUE BURNIER.,10073557,17:05:00,6,0,1,27,2025-01-16T00:00:00.000Z,-43.332479840000,-21.762640710000,"Rua Olga Burnier, 356"
412,PARQUE BURNIER.,10073560,17:05:00,5,0,1,28,2025-01-16T00:00:00.000Z,-43.333589670000,-21.761652280000,"Rua Olga Burnier, 230"
412,PARQUE BURNIER.,10073558,17:05:00,4,0,1,29,2025-01-16T00:00:00.000Z,-43.334645750000,-21.760669710000,"Rua Olga Burnier, 70"
412,PARQUE BURNIER.,10073552,17:05:00,3,0,0,30,2025-01-16T00:00:00.000Z,-43.335479020000,-21.760313550000,"Rua São Geraldo, 84"
412,PARQUE BURNIER.,10072305,17:05:00,2,1,2,30,2025-01-16T00:00:00.000Z,-43.337478970000,-21.760922950000,"Rua Djalma de Carvalho, 37"
412,PARQUE BURNIER.,10071108,17:05:00,1,31,0,31,2025-01-16T00:00:00.000Z,-43.349331860000,-21.758144610000,"Avenida Getúlio Vargas, 835"
412,PARQUE BURNIER.,10072375,17:05:00,16,0,3,5,2025-01-16T00:00:00.000Z,-43.327420830000,-21.762727850000,"Rua Natalino José de Paula, 319"
412,PARQUE BURNIER.,10072301,17:05:00,8,0,1,26,2025-01-16T00:00:00.000Z,-43.330138330000,-21.763252970000,"Rua Adelaide Campos de Resende, 1061"
412,PARQUE BURNIER.,10072377,17:05:00,12,0,2,18,2025-01-16T00:00:00.000Z,-43.327321890000,-21.764062650000,"Rua José Teodoro dos Santos, 25"
412,PARQUE BURNIER.,10071108,17:40:00,17,0,18,3,2025-01-16T00:00:00.000Z,-43.349331860000,-21.758144610000,"Avenida Getúlio Vargas, 835"
412,PARQUE BURNIER.,10074194,17:40:00,16,12,0,21,2025-01-16T00:00:00.000Z,-43.342338620000,-21.760505960000,"Rua Ângelo Falci, 55"
412,PARQUE BURNIER.,10072302,17:40:00,15,2,2,9,2025-01-16T00:00:00.000Z,-43.338029500000,-21.760323850000,"Avenida Sete de Setembro, 623"
412,PARQUE BURNIER.,10072337,17:40:00,13,0,0,9,2025-01-16T00:00:00.000Z,-43.334540130000,-21.760522960000,"Rua Olga Burnier, 67"
412,PARQUE BURNIER.,10072335,17:40:00,12,0,0,9,2025-01-16T00:00:00.000Z,-43.333453420000,-21.761562350000,"Rua Olga Burnier, 233"
412,PARQUE BURNIER.,10072382,17:40:00,11,0,0,9,2025-01-16T00:00:00.000Z,-43.332369450000,-21.762522520000,"Rua Olga Burnier, 361"
412,PARQUE BURNIER.,10073583,17:40:00,9,0,0,9,2025-01-16T00:00:00.000Z,-43.330207820000,-21.763072230000,"Rua Adelaide Campos de Resende, 1070"
412,PARQUE BURNIER.,10073584,17:40:00,8,0,0,9,2025-01-16T00:00:00.000Z,-43.329363350000,-21.763255450000,"Rua Adelaide Campos de Resende, 984"
412,PARQUE BURNIER.,10072386,17:40:00,7,2,0,9,2025-01-16T00:00:00.000Z,-43.328850270000,-21.762325320000,"Rua José Teodoro dos Santos, 292"
412,PARQUE BURNIER.,10072309,17:40:00,5,1,0,5,2025-01-16T00:00:00.000Z,-43.327273730000,-21.763967940000,"Rua José Teodoro dos Santos, 28"
412,PARQUE BURNIER.,10073589,17:40:00,4,0,0,4,2025-01-16T00:00:00.000Z,-43.326568960000,-21.763629600000,"Rua Adelaide Campos de Resende, 706"
412,PARQUE BURNIER.,10072362,17:40:00,3,3,0,4,2025-01-16T00:00:00.000Z,-43.327527760000,-21.762798310000,"Rua Natalino José de Paula, 310"
412,PARQUE BURNIER.,10072363,17:40:00,2,1,0,1,2025-01-16T00:00:00.000Z,-43.327885630000,-21.762179390000,"Rua Natalino José de Paula, 288"
412,PARQUE BURNIER.,10072358,17:40:00,1,0,0,0,2025-01-16T00:00:00.000Z,-43.328687310000,-21.761675740000,"Rua Natalino José de Paula, 112 - Ponto Final do Parque Burnier"
412,PARQUE BURNIER.,10072332,17:40:00,14,0,0,9,2025-01-16T00:00:00.000Z,-43.335533860000,-21.760131640000,"Rua São Geraldo, 89"
412,PARQUE BURNIER.,10072384,17:40:00,6,2,0,7,2025-01-16T00:00:00.000Z,-43.327999480000,-21.763301540000,"Rua José Teodoro dos Santos, 126"
412,PARQUE BURNIER.,10072380,17:40:00,10,0,0,9,2025-01-16T00:00:00.000Z,-43.331466790000,-21.763337580000,"Rua Olga Burnier, 485"
412,PARQUE BURNIER.,10074194,18:35:00,16,20,2,25,2025-01-16T00:00:00.000Z,-43.342338620000,-21.760505960000,"Rua Ângelo Falci, 55"
412,PARQUE BURNIER.,10072302,18:35:00,15,3,2,7,2025-01-16T00:00:00.000Z,-43.338029500000,-21.760323850000,"Avenida Sete de Setembro, 623"
412,PARQUE BURNIER.,10072332,18:35:00,14,0,0,6,2025-01-16T00:00:00.000Z,-43.335533860000,-21.760131640000,"Rua São Geraldo, 89"
412,PARQUE BURNIER.,10072335,18:35:00,12,0,0,6,2025-01-16T00:00:00.000Z,-43.333453420000,-21.761562350000,"Rua Olga Burnier, 233"
412,PARQUE BURNIER.,10072382,18:35:00,11,1,0,6,2025-01-16T00:00:00.000Z,-43.332369450000,-21.762522520000,"Rua Olga Burnier, 361"
412,PARQUE BURNIER.,10072380,18:35:00,10,0,0,5,2025-01-16T00:00:00.000Z,-43.331466790000,-21.763337580000,"Rua Olga Burnier, 485"
412,PARQUE BURNIER.,10073584,18:35:00,8,0,0,5,2025-01-16T00:00:00.000Z,-43.329363350000,-21.763255450000,"Rua Adelaide Campos de Resende, 984"
412,PARQUE BURNIER.,10072386,18:35:00,7,3,0,5,2025-01-16T00:00:00.000Z,-43.328850270000,-21.762325320000,"Rua José Teodoro dos Santos, 292"
412,PARQUE BURNIER.,10072384,18:35:00,6,2,0,2,2025-01-16T00:00:00.000Z,-43.327999480000,-21.763301540000,"Rua José Teodoro dos Santos, 126"
412,PARQUE BURNIER.,10073589,18:35:00,4,0,0,0,2025-01-16T00:00:00.000Z,-43.326568960000,-21.763629600000,"Rua Adelaide Campos de Resende, 706"
412,PARQUE BURNIER.,10072362,18:35:00,3,0,0,0,2025-01-16T00:00:00.000Z,-43.327527760000,-21.762798310000,"Rua Natalino José de Paula, 310"
412,PARQUE BURNIER.,10072363,18:35:00,2,0,0,0,2025-01-16T00:00:00.000Z,-43.327885630000,-21.762179390000,"Rua Natalino José de Paula, 288"
412,PARQUE BURNIER.,10072358,18:35:00,1,0,0,0,2025-01-16T00:00:00.000Z,-43.328687310000,-21.761675740000,"Rua Natalino José de Paula, 112 - Ponto Final do Parque Burnier"
412,PARQUE BURNIER.,10071108,18:35:00,17,0,15,10,2025-01-16T00:00:00.000Z,-43.349331860000,-21.758144610000,"Avenida Getúlio Vargas, 835"
412,PARQUE BURNIER.,10072309,18:35:00,5,0,0,0,2025-01-16T00:00:00.000Z,-43.327273730000,-21.763967940000,"Rua José Teodoro dos Santos, 28"
412,PARQUE BURNIER.,10073583,18:35:00,9,0,0,5,2025-01-16T00:00:00.000Z,-43.330207820000,-21.763072230000,"Rua Adelaide Campos de Resende, 1070"
412,PARQUE BURNIER.,10072337,18:35:00,13,0,0,6,2025-01-16T00:00:00.000Z,-43.334540130000,-21.760522960000,"Rua Olga Burnier, 67"
412,PARQUE BURNIER.,10072358,18:55:00,18,0,0,10,2025-01-16T00:00:00.000Z,-43.328687310000,-21.761675740000,"Rua Natalino José de Paula, 112 - Ponto Final do Parque Burnier"
412,PARQUE BURNIER.,10072356,18:55:00,17,1,0,10,2025-01-16T00:00:00.000Z,-43.327793950000,-21.762107030000,"Rua Natalino José de Paula, 271"
412,PARQUE BURNIER.,10071503,18:55:00,15,0,2,10,2025-01-16T00:00:00.000Z,-43.326207040000,-21.762717810000,"Rua Natalino José de Paula, 421"
412,PARQUE BURNIER.,10072359,18:55:00,14,0,0,12,2025-01-16T00:00:00.000Z,-43.326282500000,-21.763143540000,"Rua Adelaide Campos de Resende, 651"
412,PARQUE BURNIER.,10072328,18:55:00,13,0,0,12,2025-01-16T00:00:00.000Z,-43.326450350000,-21.763683320000,"Rua Adelaide Campos de Resende, 669"
412,PARQUE BURNIER.,10072316,18:55:00,11,0,1,12,2025-01-16T00:00:00.000Z,-43.328204750000,-21.763332370000,"Rua José Teodoro dos Santos, 145"
412,PARQUE BURNIER.,10072313,18:55:00,10,2,1,13,2025-01-16T00:00:00.000Z,-43.328846690000,-21.762504770000,"Rua José Teodoro dos Santos, 275"
412,PARQUE BURNIER.,10072296,18:55:00,9,0,3,12,2025-01-16T00:00:00.000Z,-43.329374790000,-21.763440430000,"Rua Adelaide Campos de Resende, 975"
412,PARQUE BURNIER.,10073561,18:55:00,7,0,0,15,2025-01-16T00:00:00.000Z,-43.331552510000,-21.763418910000,"Rua Olga Burnier, 480"
412,PARQUE BURNIER.,10073557,18:55:00,6,0,0,15,2025-01-16T00:00:00.000Z,-43.332479840000,-21.762640710000,"Rua Olga Burnier, 356"
412,PARQUE BURNIER.,10073560,18:55:00,5,0,1,15,2025-01-16T00:00:00.000Z,-43.333589670000,-21.761652280000,"Rua Olga Burnier, 230"
412,PARQUE BURNIER.,10073558,18:55:00,4,0,0,16,2025-01-16T00:00:00.000Z,-43.334645750000,-21.760669710000,"Rua Olga Burnier, 70"
412,PARQUE BURNIER.,10073552,18:55:00,3,0,0,16,2025-01-16T00:00:00.000Z,-43.335479020000,-21.760313550000,"Rua São Geraldo, 84"
412,PARQUE BURNIER.,10072305,18:55:00,2,0,0,16,2025-01-16T00:00:00.000Z,-43.337478970000,-21.760922950000,"Rua Djalma de Carvalho, 37"
412,PARQUE BURNIER.,10071108,18:55:00,1,16,0,16,2025-01-16T00:00:00.000Z,-43.349331860000,-21.758144610000,"Avenida Getúlio Vargas, 835"
412,PARQUE BURNIER.,10072375,18:55:00,16,0,1,9,2025-01-16T00:00:00.000Z,-43.327420830000,-21.762727850000,"Rua Natalino José de Paula, 319"
412,PARQUE BURNIER.,10072301,18:55:00,8,0,0,15,2025-01-16T00:00:00.000Z,-43.330138330000,-21.763252970000,"Rua Adelaide Campos de Resende, 1061"
412,PARQUE BURNIER.,10072377,18:55:00,12,0,0,12,2025-01-16T00:00:00.000Z,-43.327321890000,-21.764062650000,"Rua José Teodoro dos Santos, 25"
412,PARQUE BURNIER.,10071108,19:30:00,17,0,7,1,2025-01-16T00:00:00.000Z,-43.349331860000,-21.758144610000,"Avenida Getúlio Vargas, 835"
412,PARQUE BURNIER.,10074194,19:30:00,16,7,0,8,2025-01-16T00:00:00.000Z,-43.342338620000,-21.760505960000,"Rua Ângelo Falci, 55"
412,PARQUE BURNIER.,10072302,19:30:00,15,1,0,1,2025-01-16T00:00:00.000Z,-43.338029500000,-21.760323850000,"Avenida Sete de Setembro, 623"
412,PARQUE BURNIER.,10072337,19:30:00,13,0,0,0,2025-01-16T00:00:00.000Z,-43.334540130000,-21.760522960000,"Rua Olga Burnier, 67"
412,PARQUE BURNIER.,10072335,19:30:00,12,0,0,0,2025-01-16T00:00:00.000Z,-43.333453420000,-21.761562350000,"Rua Olga Burnier, 233"
412,PARQUE BURNIER.,10072382,19:30:00,11,0,0,0,2025-01-16T00:00:00.000Z,-43.332369450000,-21.762522520000,"Rua Olga Burnier, 361"
412,PARQUE BURNIER.,10073583,19:30:00,9,0,0,0,2025-01-16T00:00:00.000Z,-43.330207820000,-21.763072230000,"Rua Adelaide Campos de Resende, 1070"
412,PARQUE BURNIER.,10073584,19:30:00,8,0,0,0,2025-01-16T00:00:00.000Z,-43.329363350000,-21.763255450000,"Rua Adelaide Campos de Resende, 984"
412,PARQUE BURNIER.,10072386,19:30:00,7,0,0,0,2025-01-16T00:00:00.000Z,-43.328850270000,-21.762325320000,"Rua José Teodoro dos Santos, 292"
412,PARQUE BURNIER.,10072309,19:30:00,5,0,0,0,2025-01-16T00:00:00.000Z,-43.327273730000,-21.763967940000,"Rua José Teodoro dos Santos, 28"
412,PARQUE BURNIER.,10073589,19:30:00,4,0,0,0,2025-01-16T00:00:00.000Z,-43.326568960000,-21.763629600000,"Rua Adelaide Campos de Resende, 706"
412,PARQUE BURNIER.,10072362,19:30:00,3,0,0,0,2025-01-16T00:00:00.000Z,-43.327527760000,-21.762798310000,"Rua Natalino José de Paula, 310"
412,PARQUE BURNIER.,10072363,19:30:00,2,0,0,0,2025-01-16T00:00:00.000Z,-43.327885630000,-21.762179390000,"Rua Natalino José de Paula, 288"
412,PARQUE BURNIER.,10072358,19:30:00,1,0,0,0,2025-01-16T00:00:00.000Z,-43.328687310000,-21.761675740000,"Rua Natalino José de Paula, 112 - Ponto Final do Parque Burnier"
412,PARQUE BURNIER.,10072332,19:30:00,14,0,0,0,2025-01-16T00:00:00.000Z,-43.335533860000,-21.760131640000,"Rua São Geraldo, 89"
412,PARQUE BURNIER.,10072384,19:30:00,6,0,0,0,2025-01-16T00:00:00.000Z,-43.327999480000,-21.763301540000,"Rua José Teodoro dos Santos, 126"
412,PARQUE BURNIER.,10072380,19:30:00,10,0,0,0,2025-01-16T00:00:00.000Z,-43.331466790000,-21.763337580000,"Rua Olga Burnier, 485"
412,PARQUE BURNIER.,10072356,19:50:00,17,1,0,1,2025-01-16T00:00:00.000Z,-43.327793950000,-21.762107030000,"Rua Natalino José de Paula, 271"
412,PARQUE BURNIER.,10072358,19:50:00,18,2,0,3,2025-01-16T00:00:00.000Z,-43.328687310000,-21.761675740000,"Rua Natalino José de Paula, 112 - Ponto Final do Parque Burnier"
412,PARQUE BURNIER.,10072375,19:50:00,16,0,0,0,2025-01-16T00:00:00.000Z,-43.327420830000,-21.762727850000,"Rua Natalino José de Paula, 319"
412,PARQUE BURNIER.,10071503,19:50:00,15,0,0,0,2025-01-16T00:00:00.000Z,-43.326207040000,-21.762717810000,"Rua Natalino José de Paula, 421"
412,PARQUE BURNIER.,10072359,19:50:00,14,0,0,0,2025-01-16T00:00:00.000Z,-43.326282500000,-21.763143540000,"Rua Adelaide Campos de Resende, 651"
412,PARQUE BURNIER.,10072377,19:50:00,12,0,0,1,2025-01-16T00:00:00.000Z,-43.327321890000,-21.764062650000,"Rua José Teodoro dos Santos, 25"
412,PARQUE BURNIER.,10072316,19:50:00,11,0,0,1,2025-01-16T00:00:00.000Z,-43.328204750000,-21.763332370000,"Rua José Teodoro dos Santos, 145"
412,PARQUE BURNIER.,10072313,19:50:00,10,0,1,1,2025-01-16T00:00:00.000Z,-43.328846690000,-21.762504770000,"Rua José Teodoro dos Santos, 275"
412,PARQUE BURNIER.,10072301,19:50:00,8,0,0,5,2025-01-16T00:00:00.000Z,-43.330138330000,-21.763252970000,"Rua Adelaide Campos de Resende, 1061"
412,PARQUE BURNIER.,10073561,19:50:00,7,0,1,5,2025-01-16T00:00:00.000Z,-43.331552510000,-21.763418910000,"Rua Olga Burnier, 480"
412,PARQUE BURNIER.,10073557,19:50:00,6,0,0,6,2025-01-16T00:00:00.000Z,-43.332479840000,-21.762640710000,"Rua Olga Burnier, 356"
412,PARQUE BURNIER.,10073558,19:50:00,4,0,0,6,2025-01-16T00:00:00.000Z,-43.334645750000,-21.760669710000,"Rua Olga Burnier, 70"
412,PARQUE BURNIER.,10073552,19:50:00,3,0,1,6,2025-01-16T00:00:00.000Z,-43.335479020000,-21.760313550000,"Rua São Geraldo, 84"
412,PARQUE BURNIER.,10072305,19:50:00,2,1,1,7,2025-01-16T00:00:00.000Z,-43.337478970000,-21.760922950000,"Rua Djalma de Carvalho, 37"
412,PARQUE BURNIER.,10071108,19:50:00,1,7,0,7,2025-01-16T00:00:00.000Z,-43.349331860000,-21.758144610000,"Avenida Getúlio Vargas, 835"
412,PARQUE BURNIER.,10073560,19:50:00,5,0,0,6,2025-01-16T00:00:00.000Z,-43.333589670000,-21.761652280000,"Rua Olga Burnier, 230"
412,PARQUE BURNIER.,10072296,19:50:00,9,0,3,2,2025-01-16T00:00:00.000Z,-43.329374790000,-21.763440430000,"Rua Adelaide Campos de Resende, 975"
412,PARQUE BURNIER.,10072328,19:50:00,13,0,1,0,2025-01-16T00:00:00.000Z,-43.326450350000,-21.763683320000,"Rua Adelaide Campos de Resende, 669"
412,PARQUE BURNIER.,10071108,20:25:00,17,0,5,0,2025-01-16T00:00:00.000Z,-43.349331860000,-21.758144610000,"Avenida Getúlio Vargas, 835"
412,PARQUE BURNIER.,10072302,20:25:00,15,0,0,2,2025-01-16T00:00:00.000Z,-43.338029500000,-21.760323850000,"Avenida Sete de Setembro, 623"
412,PARQUE BURNIER.,10072386,20:25:00,7,0,1,1,2025-01-16T00:00:00.000Z,-43.328850270000,-21.762325320000,"Rua José Teodoro dos Santos, 292"
412,PARQUE BURNIER.,10074194,20:25:00,16,4,1,5,2025-01-16T00:00:00.000Z,-43.342338620000,-21.760505960000,"Rua Ângelo Falci, 55"
412,PARQUE BURNIER.,10072382,20:25:00,11,0,0,1,2025-01-16T00:00:00.000Z,-43.332369450000,-21.762522520000,"Rua Olga Burnier, 361"
412,PARQUE BURNIER.,10072332,20:25:00,14,0,0,2,2025-01-16T00:00:00.000Z,-43.335533860000,-21.760131640000,"Rua São Geraldo, 89"
412,PARQUE BURNIER.,10072337,20:25:00,13,1,0,2,2025-01-16T00:00:00.000Z,-43.334540130000,-21.760522960000,"Rua Olga Burnier, 67"
412,PARQUE BURNIER.,10072335,20:25:00,12,0,0,1,2025-01-16T00:00:00.000Z,-43.333453420000,-21.761562350000,"Rua Olga Burnier, 233"
412,PARQUE BURNIER.,10072380,20:25:00,10,0,0,1,2025-01-16T00:00:00.000Z,-43.331466790000,-21.763337580000,"Rua Olga Burnier, 485"
412,PARQUE BURNIER.,10073583,20:25:00,9,0,0,1,2025-01-16T00:00:00.000Z,-43.330207820000,-21.763072230000,"Rua Adelaide Campos de Resende, 1070"
412,PARQUE BURNIER.,10073584,20:25:00,8,0,0,1,2025-01-16T00:00:00.000Z,-43.329363350000,-21.763255450000,"Rua Adelaide Campos de Resende, 984"
412,PARQUE BURNIER.,10072384,20:25:00,6,0,0,2,2025-01-16T00:00:00.000Z,-43.327999480000,-21.763301540000,"Rua José Teodoro dos Santos, 126"
412,PARQUE BURNIER.,10072309,20:25:00,5,0,0,2,2025-01-16T00:00:00.000Z,-43.327273730000,-21.763967940000,"Rua José Teodoro dos Santos, 28"
412,PARQUE BURNIER.,10073589,20:25:00,4,0,0,2,2025-01-16T00:00:00.000Z,-43.326568960000,-21.763629600000,"Rua Adelaide Campos de Resende, 706"
412,PARQUE BURNIER.,10072362,20:25:00,3,1,0,2,2025-01-16T00:00:00.000Z,-43.327527760000,-21.762798310000,"Rua Natalino José de Paula, 310"
412,PARQUE BURNIER.,10072363,20:25:00,2,1,0,1,2025-01-16T00:00:00.000Z,-43.327885630000,-21.762179390000,"Rua Natalino José de Paula, 288"
412,PARQUE BURNIER.,10072358,20:25:00,1,0,0,0,2025-01-16T00:00:00.000Z,-43.328687310000,-21.761675740000,"Rua Natalino José de Paula, 112 - Ponto Final do Parque Burnier"
412,PARQUE BURNIER.,10072358,20:45:00,18,0,0,4,2025-01-16T00:00:00.000Z,-43.328687310000,-21.761675740000,"Rua Natalino José de Paula, 112 - Ponto Final do Parque Burnier"
412,PARQUE BURNIER.,10072313,20:45:00,10,1,0,6,2025-01-16T00:00:00.000Z,-43.328846690000,-21.762504770000,"Rua José Teodoro dos Santos, 275"
412,PARQUE BURNIER.,10073557,20:45:00,6,0,0,5,2025-01-16T00:00:00.000Z,-43.332479840000,-21.762640710000,"Rua Olga Burnier, 356"
412,PARQUE BURNIER.,10072359,20:45:00,14,0,0,4,2025-01-16T00:00:00.000Z,-43.326282500000,-21.763143540000,"Rua Adelaide Campos de Resende, 651"
412,PARQUE BURNIER.,10072356,20:45:00,17,0,0,4,2025-01-16T00:00:00.000Z,-43.327793950000,-21.762107030000,"Rua Natalino José de Paula, 271"
412,PARQUE BURNIER.,10072375,20:45:00,16,0,0,4,2025-01-16T00:00:00.000Z,-43.327420830000,-21.762727850000,"Rua Natalino José de Paula, 319"
412,PARQUE BURNIER.,10071503,20:45:00,15,0,0,4,2025-01-16T00:00:00.000Z,-43.326207040000,-21.762717810000,"Rua Natalino José de Paula, 421"
412,PARQUE BURNIER.,10072328,20:45:00,13,0,0,4,2025-01-16T00:00:00.000Z,-43.326450350000,-21.763683320000,"Rua Adelaide Campos de Resende, 669"
412,PARQUE BURNIER.,10072377,20:45:00,12,0,1,4,2025-01-16T00:00:00.000Z,-43.327321890000,-21.764062650000,"Rua José Teodoro dos Santos, 25"
412,PARQUE BURNIER.,10072316,20:45:00,11,0,1,5,2025-01-16T00:00:00.000Z,-43.328204750000,-21.763332370000,"Rua José Teodoro dos Santos, 145"
412,PARQUE BURNIER.,10072296,20:45:00,9,0,0,5,2025-01-16T00:00:00.000Z,-43.329374790000,-21.763440430000,"Rua Adelaide Campos de Resende, 975"
412,PARQUE BURNIER.,10072301,20:45:00,8,0,0,5,2025-01-16T00:00:00.000Z,-43.330138330000,-21.763252970000,"Rua Adelaide Campos de Resende, 1061"
412,PARQUE BURNIER.,10073561,20:45:00,7,0,0,5,2025-01-16T00:00:00.000Z,-43.331552510000,-21.763418910000,"Rua Olga Burnier, 480"
412,PARQUE BURNIER.,10073560,20:45:00,5,0,0,5,2025-01-16T00:00:00.000Z,-43.333589670000,-21.761652280000,"Rua Olga Burnier, 230"
412,PARQUE BURNIER.,10073558,20:45:00,4,0,0,5,2025-01-16T00:00:00.000Z,-43.334645750000,-21.760669710000,"Rua Olga Burnier, 70"
412,PARQUE BURNIER.,10073552,20:45:00,3,0,0,5,2025-01-16T00:00:00.000Z,-43.335479020000,-21.760313550000,"Rua São Geraldo, 84"
412,PARQUE BURNIER.,10072305,20:45:00,2,0,2,5,2025-01-16T00:00:00.000Z,-43.337478970000,-21.760922950000,"Rua Djalma de Carvalho, 37"
412,PARQUE BURNIER.,10071108,20:45:00,1,7,0,7,2025-01-16T00:00:00.000Z,-43.349331860000,-21.758144610000,"Avenida Getúlio Vargas, 835"
412,PARQUE BURNIER.,10072358,21:40:00,18,0,0,2,2025-01-16T00:00:00.000Z,-43.328687310000,-21.761675740000,"Rua Natalino José de Paula, 112 - Ponto Final do Parque Burnier"
412,PARQUE BURNIER.,10072375,21:40:00,16,0,0,0,2025-01-16T00:00:00.000Z,-43.327420830000,-21.762727850000,"Rua Natalino José de Paula, 319"
412,PARQUE BURNIER.,10073558,21:40:00,4,0,0,9,2025-01-16T00:00:00.000Z,-43.334645750000,-21.760669710000,"Rua Olga Burnier, 70"
412,PARQUE BURNIER.,10072377,21:40:00,12,0,1,3,2025-01-16T00:00:00.000Z,-43.327321890000,-21.764062650000,"Rua José Teodoro dos Santos, 25"
412,PARQUE BURNIER.,10072301,21:40:00,8,0,1,8,2025-01-16T00:00:00.000Z,-43.330138330000,-21.763252970000,"Rua Adelaide Campos de Resende, 1061"
412,PARQUE BURNIER.,10072356,21:40:00,17,2,0,2,2025-01-16T00:00:00.000Z,-43.327793950000,-21.762107030000,"Rua Natalino José de Paula, 271"
412,PARQUE BURNIER.,10071503,21:40:00,15,0,0,0,2025-01-16T00:00:00.000Z,-43.326207040000,-21.762717810000,"Rua Natalino José de Paula, 421"
412,PARQUE BURNIER.,10072359,21:40:00,14,0,0,0,2025-01-16T00:00:00.000Z,-43.326282500000,-21.763143540000,"Rua Adelaide Campos de Resende, 651"
412,PARQUE BURNIER.,10072328,21:40:00,13,0,3,0,2025-01-16T00:00:00.000Z,-43.326450350000,-21.763683320000,"Rua Adelaide Campos de Resende, 669"
412,PARQUE BURNIER.,10072316,21:40:00,11,0,1,4,2025-01-16T00:00:00.000Z,-43.328204750000,-21.763332370000,"Rua José Teodoro dos Santos, 145"
412,PARQUE BURNIER.,10072313,21:40:00,10,2,2,5,2025-01-16T00:00:00.000Z,-43.328846690000,-21.762504770000,"Rua José Teodoro dos Santos, 275"
412,PARQUE BURNIER.,10072296,21:40:00,9,0,3,5,2025-01-16T00:00:00.000Z,-43.329374790000,-21.763440430000,"Rua Adelaide Campos de Resende, 975"
412,PARQUE BURNIER.,10073561,21:40:00,7,0,0,9,2025-01-16T00:00:00.000Z,-43.331552510000,-21.763418910000,"Rua Olga Burnier, 480"
412,PARQUE BURNIER.,10073557,21:40:00,6,0,0,9,2025-01-16T00:00:00.000Z,-43.332479840000,-21.762640710000,"Rua Olga Burnier, 356"
412,PARQUE BURNIER.,10073560,21:40:00,5,0,0,9,2025-01-16T00:00:00.000Z,-43.333589670000,-21.761652280000,"Rua Olga Burnier, 230"
412,PARQUE BURNIER.,10073552,21:40:00,3,0,1,9,2025-01-16T00:00:00.000Z,-43.335479020000,-21.760313550000,"Rua São Geraldo, 84"
412,PARQUE BURNIER.,10072305,21:40:00,2,1,1,10,2025-01-16T00:00:00.000Z,-43.337478970000,-21.760922950000,"Rua Djalma de Carvalho, 37"
412,PARQUE BURNIER.,10071108,21:40:00,1,10,0,10,2025-01-16T00:00:00.000Z,-43.349331860000,-21.758144610000,"Avenida Getúlio Vargas, 835"
412,PARQUE BURNIER.,10072358,22:30:00,18,0,0,6,2025-01-16T00:00:00.000Z,-43.328687310000,-21.761675740000,"Rua Natalino José de Paula, 112 - Ponto Final do Parque Burnier"
412,PARQUE BURNIER.,10072359,22:30:00,14,0,0,7,2025-01-16T00:00:00.000Z,-43.326282500000,-21.763143540000,"Rua Adelaide Campos de Resende, 651"
412,PARQUE BURNIER.,10072313,22:30:00,10,1,0,7,2025-01-16T00:00:00.000Z,-43.328846690000,-21.762504770000,"Rua José Teodoro dos Santos, 275"
412,PARQUE BURNIER.,10073557,22:30:00,6,0,0,6,2025-01-16T00:00:00.000Z,-43.332479840000,-21.762640710000,"Rua Olga Burnier, 356"
412,PARQUE BURNIER.,10072356,22:30:00,17,0,0,6,2025-01-16T00:00:00.000Z,-43.327793950000,-21.762107030000,"Rua Natalino José de Paula, 271"
412,PARQUE BURNIER.,10072375,22:30:00,16,0,0,6,2025-01-16T00:00:00.000Z,-43.327420830000,-21.762727850000,"Rua Natalino José de Paula, 319"
412,PARQUE BURNIER.,10071503,22:30:00,15,0,1,6,2025-01-16T00:00:00.000Z,-43.326207040000,-21.762717810000,"Rua Natalino José de Paula, 421"
412,PARQUE BURNIER.,10072328,22:30:00,13,0,0,7,2025-01-16T00:00:00.000Z,-43.326450350000,-21.763683320000,"Rua Adelaide Campos de Resende, 669"
412,PARQUE BURNIER.,10072377,22:30:00,12,0,0,7,2025-01-16T00:00:00.000Z,-43.327321890000,-21.764062650000,"Rua José Teodoro dos Santos, 25"
412,PARQUE BURNIER.,10072316,22:30:00,11,0,0,7,2025-01-16T00:00:00.000Z,-43.328204750000,-21.763332370000,"Rua José Teodoro dos Santos, 145"
412,PARQUE BURNIER.,10072296,22:30:00,9,0,0,6,2025-01-16T00:00:00.000Z,-43.329374790000,-21.763440430000,"Rua Adelaide Campos de Resende, 975"
412,PARQUE BURNIER.,10072301,22:30:00,8,0,0,6,2025-01-16T00:00:00.000Z,-43.330138330000,-21.763252970000,"Rua Adelaide Campos de Resende, 1061"
412,PARQUE BURNIER.,10073561,22:30:00,7,0,0,6,2025-01-16T00:00:00.000Z,-43.331552510000,-21.763418910000,"Rua Olga Burnier, 480"
412,PARQUE BURNIER.,10073560,22:30:00,5,0,0,6,2025-01-16T00:00:00.000Z,-43.333589670000,-21.761652280000,"Rua Olga Burnier, 230"
412,PARQUE BURNIER.,10073558,22:30:00,4,0,0,6,2025-01-16T00:00:00.000Z,-43.334645750000,-21.760669710000,"Rua Olga Burnier, 70"
412,PARQUE BURNIER.,10073552,22:30:00,3,0,0,6,2025-01-16T00:00:00.000Z,-43.335479020000,-21.760313550000,"Rua São Geraldo, 84"
412,PARQUE BURNIER.,10072305,22:30:00,2,0,1,6,2025-01-16T00:00:00.000Z,-43.337478970000,-21.760922950000,"Rua Djalma de Carvalho, 37"
412,PARQUE BURNIER.,10071108,22:30:00,1,7,0,7,2025-01-16T00:00:00.000Z,-43.349331860000,-21.758144610000,"Avenida Getúlio Vargas, 835"
412,PARQUE BURNIER.,10071108,05:30:00,17,0,9,0,2025-01-17T00:00:00.000Z,-43.349331860000,-21.758144610000,"Avenida Getúlio Vargas, 835"
412,PARQUE BURNIER.,10074194,05:30:00,16,2,5,9,2025-01-17T00:00:00.000Z,-43.342338620000,-21.760505960000,"Rua Ângelo Falci, 55"
412,PARQUE BURNIER.,10072302,05:30:00,15,0,0,12,2025-01-17T00:00:00.000Z,-43.338029500000,-21.760323850000,"Avenida Sete de Setembro, 623"
412,PARQUE BURNIER.,10072332,05:30:00,14,0,0,12,2025-01-17T00:00:00.000Z,-43.335533860000,-21.760131640000,"Rua São Geraldo, 89"
412,PARQUE BURNIER.,10072337,05:30:00,13,0,0,12,2025-01-17T00:00:00.000Z,-43.334540130000,-21.760522960000,"Rua Olga Burnier, 67"
412,PARQUE BURNIER.,10072335,05:30:00,12,0,0,12,2025-01-17T00:00:00.000Z,-43.333453420000,-21.761562350000,"Rua Olga Burnier, 233"
412,PARQUE BURNIER.,10072382,05:30:00,11,0,0,12,2025-01-17T00:00:00.000Z,-43.332369450000,-21.762522520000,"Rua Olga Burnier, 361"
412,PARQUE BURNIER.,10072380,05:30:00,10,0,0,12,2025-01-17T00:00:00.000Z,-43.331466790000,-21.763337580000,"Rua Olga Burnier, 485"
412,PARQUE BURNIER.,10073583,05:30:00,9,0,0,12,2025-01-17T00:00:00.000Z,-43.330207820000,-21.763072230000,"Rua Adelaide Campos de Resende, 1070"
412,PARQUE BURNIER.,10073584,05:30:00,8,3,0,12,2025-01-17T00:00:00.000Z,-43.329363350000,-21.763255450000,"Rua Adelaide Campos de Resende, 984"
412,PARQUE BURNIER.,10072386,05:30:00,7,1,0,9,2025-01-17T00:00:00.000Z,-43.328850270000,-21.762325320000,"Rua José Teodoro dos Santos, 292"
412,PARQUE BURNIER.,10072384,05:30:00,6,2,0,8,2025-01-17T00:00:00.000Z,-43.327999480000,-21.763301540000,"Rua José Teodoro dos Santos, 126"
412,PARQUE BURNIER.,10072309,05:30:00,5,0,0,6,2025-01-17T00:00:00.000Z,-43.327273730000,-21.763967940000,"Rua José Teodoro dos Santos, 28"
412,PARQUE BURNIER.,10073589,05:30:00,4,1,0,6,2025-01-17T00:00:00.000Z,-43.326568960000,-21.763629600000,"Rua Adelaide Campos de Resende, 706"
412,PARQUE BURNIER.,10072362,05:30:00,3,4,0,5,2025-01-17T00:00:00.000Z,-43.327527760000,-21.762798310000,"Rua Natalino José de Paula, 310"
412,PARQUE BURNIER.,10072363,05:30:00,2,1,0,1,2025-01-17T00:00:00.000Z,-43.327885630000,-21.762179390000,"Rua Natalino José de Paula, 288"
412,PARQUE BURNIER.,10072358,05:30:00,1,0,0,0,2025-01-17T00:00:00.000Z,-43.328687310000,-21.761675740000,"Rua Natalino José de Paula, 112 - Ponto Final do Parque Burnier"
412,PARQUE BURNIER.,10072358,05:51:00,18,14,0,14,2025-01-17T00:00:00.000Z,-43.328687310000,-21.761675740000,"Rua Natalino José de Paula, 112 - Ponto Final do Parque Burnier"
412,PARQUE BURNIER.,10072356,05:51:00,17,0,0,0,2025-01-17T00:00:00.000Z,-43.327793950000,-21.762107030000,"Rua Natalino José de Paula, 271"
412,PARQUE BURNIER.,10072375,05:51:00,16,0,0,0,2025-01-17T00:00:00.000Z,-43.327420830000,-21.762727850000,"Rua Natalino José de Paula, 319"
412,PARQUE BURNIER.,10071503,05:51:00,15,0,0,0,2025-01-17T00:00:00.000Z,-43.326207040000,-21.762717810000,"Rua Natalino José de Paula, 421"
412,PARQUE BURNIER.,10072359,05:51:00,14,0,0,0,2025-01-17T00:00:00.000Z,-43.326282500000,-21.763143540000,"Rua Adelaide Campos de Resende, 651"
412,PARQUE BURNIER.,10072328,05:51:00,13,0,0,0,2025-01-17T00:00:00.000Z,-43.326450350000,-21.763683320000,"Rua Adelaide Campos de Resende, 669"
412,PARQUE BURNIER.,10072377,05:51:00,12,0,0,0,2025-01-17T00:00:00.000Z,-43.327321890000,-21.764062650000,"Rua José Teodoro dos Santos, 25"
412,PARQUE BURNIER.,10072316,05:51:00,11,0,1,0,2025-01-17T00:00:00.000Z,-43.328204750000,-21.763332370000,"Rua José Teodoro dos Santos, 145"
412,PARQUE BURNIER.,10072313,05:51:00,10,0,3,1,2025-01-17T00:00:00.000Z,-43.328846690000,-21.762504770000,"Rua José Teodoro dos Santos, 275"
412,PARQUE BURNIER.,10072296,05:51:00,9,0,1,4,2025-01-17T00:00:00.000Z,-43.329374790000,-21.763440430000,"Rua Adelaide Campos de Resende, 975"
412,PARQUE BURNIER.,10072301,05:51:00,8,0,0,5,2025-01-17T00:00:00.000Z,-43.330138330000,-21.763252970000,"Rua Adelaide Campos de Resende, 1061"
412,PARQUE BURNIER.,10073561,05:51:00,7,0,0,5,2025-01-17T00:00:00.000Z,-43.331552510000,-21.763418910000,"Rua Olga Burnier, 480"
412,PARQUE BURNIER.,10073557,05:51:00,6,0,0,5,2025-01-17T00:00:00.000Z,-43.332479840000,-21.762640710000,"Rua Olga Burnier, 356"
412,PARQUE BURNIER.,10073560,05:51:00,5,0,0,5,2025-01-17T00:00:00.000Z,-43.333589670000,-21.761652280000,"Rua Olga Burnier, 230"
412,PARQUE BURNIER.,10073558,05:51:00,4,0,0,5,2025-01-17T00:00:00.000Z,-43.334645750000,-21.760669710000,"Rua Olga Burnier, 70"
412,PARQUE BURNIER.,10073552,05:51:00,3,0,1,5,2025-01-17T00:00:00.000Z,-43.335479020000,-21.760313550000,"Rua São Geraldo, 84"
412,PARQUE BURNIER.,10072305,05:51:00,2,0,0,6,2025-01-17T00:00:00.000Z,-43.337478970000,-21.760922950000,"Rua Djalma de Carvalho, 37"
412,PARQUE BURNIER.,10071108,05:51:00,1,6,0,6,2025-01-17T00:00:00.000Z,-43.349331860000,-21.758144610000,"Avenida Getúlio Vargas, 835"
412,PARQUE BURNIER.,10071108,06:17:00,17,0,8,5,2025-01-17T00:00:00.000Z,-43.349331860000,-21.758144610000,"Avenida Getúlio Vargas, 835"
412,PARQUE BURNIER.,10074194,06:17:00,16,0,7,13,2025-01-17T00:00:00.000Z,-43.342338620000,-21.760505960000,"Rua Ângelo Falci, 55"
412,PARQUE BURNIER.,10072302,06:17:00,15,2,3,20,2025-01-17T00:00:00.000Z,-43.338029500000,-21.760323850000,"Avenida Sete de Setembro, 623"
412,PARQUE BURNIER.,10072332,06:17:00,14,0,1,21,2025-01-17T00:00:00.000Z,-43.335533860000,-21.760131640000,"Rua São Geraldo, 89"
412,PARQUE BURNIER.,10072337,06:17:00,13,0,0,22,2025-01-17T00:00:00.000Z,-43.334540130000,-21.760522960000,"Rua Olga Burnier, 67"
412,PARQUE BURNIER.,10072335,06:17:00,12,1,0,22,2025-01-17T00:00:00.000Z,-43.333453420000,-21.761562350000,"Rua Olga Burnier, 233"
412,PARQUE BURNIER.,10072382,06:17:00,11,1,0,21,2025-01-17T00:00:00.000Z,-43.332369450000,-21.762522520000,"Rua Olga Burnier, 361"
412,PARQUE BURNIER.,10072380,06:17:00,10,1,1,20,2025-01-17T00:00:00.000Z,-43.331466790000,-21.763337580000,"Rua Olga Burnier, 485"
412,PARQUE BURNIER.,10073583,06:17:00,9,2,0,20,2025-01-17T00:00:00.000Z,-43.330207820000,-21.763072230000,"Rua Adelaide Campos de Resende, 1070"
412,PARQUE BURNIER.,10073584,06:17:00,8,4,0,18,2025-01-17T00:00:00.000Z,-43.329363350000,-21.763255450000,"Rua Adelaide Campos de Resende, 984"
412,PARQUE BURNIER.,10072386,06:17:00,7,2,0,14,2025-01-17T00:00:00.000Z,-43.328850270000,-21.762325320000,"Rua José Teodoro dos Santos, 292"
412,PARQUE BURNIER.,10072384,06:17:00,6,1,0,12,2025-01-17T00:00:00.000Z,-43.327999480000,-21.763301540000,"Rua José Teodoro dos Santos, 126"
412,PARQUE BURNIER.,10072309,06:17:00,5,2,1,11,2025-01-17T00:00:00.000Z,-43.327273730000,-21.763967940000,"Rua José Teodoro dos Santos, 28"
412,PARQUE BURNIER.,10073589,06:17:00,4,7,0,10,2025-01-17T00:00:00.000Z,-43.326568960000,-21.763629600000,"Rua Adelaide Campos de Resende, 706"
412,PARQUE BURNIER.,10072362,06:17:00,3,1,1,3,2025-01-17T00:00:00.000Z,-43.327527760000,-21.762798310000,"Rua Natalino José de Paula, 310"
412,PARQUE BURNIER.,10072363,06:17:00,2,3,0,3,2025-01-17T00:00:00.000Z,-43.327885630000,-21.762179390000,"Rua Natalino José de Paula, 288"
412,PARQUE BURNIER.,10072358,06:17:00,1,0,0,0,2025-01-17T00:00:00.000Z,-43.328687310000,-21.761675740000,"Rua Natalino José de Paula, 112 - Ponto Final do Parque Burnier"
412,PARQUE BURNIER.,10072358,06:38:00,18,9,0,18,2025-01-17T00:00:00.000Z,-43.328687310000,-21.761675740000,"Rua Natalino José de Paula, 112 - Ponto Final do Parque Burnier"
412,PARQUE BURNIER.,10072356,06:38:00,17,0,0,9,2025-01-17T00:00:00.000Z,-43.327793950000,-21.762107030000,"Rua Natalino José de Paula, 271"
412,PARQUE BURNIER.,10072375,06:38:00,16,0,0,9,2025-01-17T00:00:00.000Z,-43.327420830000,-21.762727850000,"Rua Natalino José de Paula, 319"
412,PARQUE BURNIER.,10071503,06:38:00,15,0,0,9,2025-01-17T00:00:00.000Z,-43.326207040000,-21.762717810000,"Rua Natalino José de Paula, 421"
412,PARQUE BURNIER.,10072359,06:38:00,14,0,0,9,2025-01-17T00:00:00.000Z,-43.326282500000,-21.763143540000,"Rua Adelaide Campos de Resende, 651"
412,PARQUE BURNIER.,10072328,06:38:00,13,0,0,9,2025-01-17T00:00:00.000Z,-43.326450350000,-21.763683320000,"Rua Adelaide Campos de Resende, 669"
412,PARQUE BURNIER.,10072377,06:38:00,12,0,0,9,2025-01-17T00:00:00.000Z,-43.327321890000,-21.764062650000,"Rua José Teodoro dos Santos, 25"
412,PARQUE BURNIER.,10072316,06:38:00,11,1,0,9,2025-01-17T00:00:00.000Z,-43.328204750000,-21.763332370000,"Rua José Teodoro dos Santos, 145"
412,PARQUE BURNIER.,10072313,06:38:00,10,1,1,8,2025-01-17T00:00:00.000Z,-43.328846690000,-21.762504770000,"Rua José Teodoro dos Santos, 275"
412,PARQUE BURNIER.,10072296,06:38:00,9,0,0,8,2025-01-17T00:00:00.000Z,-43.329374790000,-21.763440430000,"Rua Adelaide Campos de Resende, 975"
412,PARQUE BURNIER.,10072301,06:38:00,8,0,0,8,2025-01-17T00:00:00.000Z,-43.330138330000,-21.763252970000,"Rua Adelaide Campos de Resende, 1061"
412,PARQUE BURNIER.,10073561,06:38:00,7,0,1,8,2025-01-17T00:00:00.000Z,-43.331552510000,-21.763418910000,"Rua Olga Burnier, 480"
412,PARQUE BURNIER.,10073557,06:38:00,6,0,0,9,2025-01-17T00:00:00.000Z,-43.332479840000,-21.762640710000,"Rua Olga Burnier, 356"
412,PARQUE BURNIER.,10073560,06:38:00,5,0,0,9,2025-01-17T00:00:00.000Z,-43.333589670000,-21.761652280000,"Rua Olga Burnier, 230"
412,PARQUE BURNIER.,10073558,06:38:00,4,0,0,9,2025-01-17T00:00:00.000Z,-43.334645750000,-21.760669710000,"Rua Olga Burnier, 70"
412,PARQUE BURNIER.,10073552,06:38:00,3,0,0,9,2025-01-17T00:00:00.000Z,-43.335479020000,-21.760313550000,"Rua São Geraldo, 84"
412,PARQUE BURNIER.,10072305,06:38:00,2,1,1,9,2025-01-17T00:00:00.000Z,-43.337478970000,-21.760922950000,"Rua Djalma de Carvalho, 37"
412,PARQUE BURNIER.,10071108,06:38:00,1,9,0,9,2025-01-17T00:00:00.000Z,-43.349331860000,-21.758144610000,"Avenida Getúlio Vargas, 835"
412,PARQUE BURNIER.,10072302,07:04:00,15,0,18,13,2025-01-17T00:00:00.000Z,-43.338029500000,-21.760323850000,"Avenida Sete de Setembro, 623"
412,PARQUE BURNIER.,10072332,07:04:00,14,0,0,31,2025-01-17T00:00:00.000Z,-43.335533860000,-21.760131640000,"Rua São Geraldo, 89"
412,PARQUE BURNIER.,10072337,07:04:00,13,0,0,31,2025-01-17T00:00:00.000Z,-43.334540130000,-21.760522960000,"Rua Olga Burnier, 67"
412,PARQUE BURNIER.,10072335,07:04:00,12,2,0,31,2025-01-17T00:00:00.000Z,-43.333453420000,-21.761562350000,"Rua Olga Burnier, 233"
412,PARQUE BURNIER.,10072382,07:04:00,11,0,0,29,2025-01-17T00:00:00.000Z,-43.332369450000,-21.762522520000,"Rua Olga Burnier, 361"
412,PARQUE BURNIER.,10072380,07:04:00,10,0,0,29,2025-01-17T00:00:00.000Z,-43.331466790000,-21.763337580000,"Rua Olga Burnier, 485"
412,PARQUE BURNIER.,10073583,07:04:00,9,0,0,29,2025-01-17T00:00:00.000Z,-43.330207820000,-21.763072230000,"Rua Adelaide Campos de Resende, 1070"
412,PARQUE BURNIER.,10073584,07:04:00,8,2,0,29,2025-01-17T00:00:00.000Z,-43.329363350000,-21.763255450000,"Rua Adelaide Campos de Resende, 984"
412,PARQUE BURNIER.,10072386,07:04:00,7,4,3,27,2025-01-17T00:00:00.000Z,-43.328850270000,-21.762325320000,"Rua José Teodoro dos Santos, 292"
412,PARQUE BURNIER.,10072384,07:04:00,6,1,0,26,2025-01-17T00:00:00.000Z,-43.327999480000,-21.763301540000,"Rua José Teodoro dos Santos, 126"
412,PARQUE BURNIER.,10072309,07:04:00,5,2,4,25,2025-01-17T00:00:00.000Z,-43.327273730000,-21.763967940000,"Rua José Teodoro dos Santos, 28"
412,PARQUE BURNIER.,10073589,07:04:00,4,13,0,27,2025-01-17T00:00:00.000Z,-43.326568960000,-21.763629600000,"Rua Adelaide Campos de Resende, 706"
412,PARQUE BURNIER.,10072362,07:04:00,3,4,0,14,2025-01-17T00:00:00.000Z,-43.327527760000,-21.762798310000,"Rua Natalino José de Paula, 310"
412,PARQUE BURNIER.,10072363,07:04:00,2,10,0,10,2025-01-17T00:00:00.000Z,-43.327885630000,-21.762179390000,"Rua Natalino José de Paula, 288"
412,PARQUE BURNIER.,10072358,07:04:00,1,0,0,0,2025-01-17T00:00:00.000Z,-43.328687310000,-21.761675740000,"Rua Natalino José de Paula, 112 - Ponto Final do Parque Burnier"
412,PARQUE BURNIER.,10071108,07:04:00,17,0,5,0,2025-01-17T00:00:00.000Z,-43.349331860000,-21.758144610000,"Avenida Getúlio Vargas, 835"
412,PARQUE BURNIER.,10074194,07:04:00,16,5,13,5,2025-01-17T00:00:00.000Z,-43.342338620000,-21.760505960000,"Rua Ângelo Falci, 55"
412,PARQUE BURNIER.,10072358,07:25:00,18,3,0,13,2025-01-17T00:00:00.000Z,-43.328687310000,-21.761675740000,"Rua Natalino José de Paula, 112 - Ponto Final do Parque Burnier"
412,PARQUE BURNIER.,10072356,07:25:00,17,0,0,10,2025-01-17T00:00:00.000Z,-43.327793950000,-21.762107030000,"Rua Natalino José de Paula, 271"
412,PARQUE BURNIER.,10072375,07:25:00,16,0,0,10,2025-01-17T00:00:00.000Z,-43.327420830000,-21.762727850000,"Rua Natalino José de Paula, 319"
412,PARQUE BURNIER.,10071503,07:25:00,15,0,1,10,2025-01-17T00:00:00.000Z,-43.326207040000,-21.762717810000,"Rua Natalino José de Paula, 421"
412,PARQUE BURNIER.,10072359,07:25:00,14,0,0,11,2025-01-17T00:00:00.000Z,-43.326282500000,-21.763143540000,"Rua Adelaide Campos de Resende, 651"
412,PARQUE BURNIER.,10072328,07:25:00,13,0,0,11,2025-01-17T00:00:00.000Z,-43.326450350000,-21.763683320000,"Rua Adelaide Campos de Resende, 669"
412,PARQUE BURNIER.,10072377,07:25:00,12,0,0,11,2025-01-17T00:00:00.000Z,-43.327321890000,-21.764062650000,"Rua José Teodoro dos Santos, 25"
412,PARQUE BURNIER.,10072316,07:25:00,11,0,0,11,2025-01-17T00:00:00.000Z,-43.328204750000,-21.763332370000,"Rua José Teodoro dos Santos, 145"
412,PARQUE BURNIER.,10072313,07:25:00,10,0,1,11,2025-01-17T00:00:00.000Z,-43.328846690000,-21.762504770000,"Rua José Teodoro dos Santos, 275"
412,PARQUE BURNIER.,10072296,07:25:00,9,2,0,12,2025-01-17T00:00:00.000Z,-43.329374790000,-21.763440430000,"Rua Adelaide Campos de Resende, 975"
412,PARQUE BURNIER.,10072301,07:25:00,8,0,1,10,2025-01-17T00:00:00.000Z,-43.330138330000,-21.763252970000,"Rua Adelaide Campos de Resende, 1061"
412,PARQUE BURNIER.,10073561,07:25:00,7,0,1,11,2025-01-17T00:00:00.000Z,-43.331552510000,-21.763418910000,"Rua Olga Burnier, 480"
412,PARQUE BURNIER.,10073557,07:25:00,6,0,0,12,2025-01-17T00:00:00.000Z,-43.332479840000,-21.762640710000,"Rua Olga Burnier, 356"
412,PARQUE BURNIER.,10073560,07:25:00,5,0,0,12,2025-01-17T00:00:00.000Z,-43.333589670000,-21.761652280000,"Rua Olga Burnier, 230"
412,PARQUE BURNIER.,10073558,07:25:00,4,0,0,12,2025-01-17T00:00:00.000Z,-43.334645750000,-21.760669710000,"Rua Olga Burnier, 70"
412,PARQUE BURNIER.,10073552,07:25:00,3,0,0,12,2025-01-17T00:00:00.000Z,-43.335479020000,-21.760313550000,"Rua São Geraldo, 84"
412,PARQUE BURNIER.,10072305,07:25:00,2,0,1,12,2025-01-17T00:00:00.000Z,-43.337478970000,-21.760922950000,"Rua Djalma de Carvalho, 37"
412,PARQUE BURNIER.,10071108,07:25:00,1,13,0,13,2025-01-17T00:00:00.000Z,-43.349331860000,-21.758144610000,"Avenida Getúlio Vargas, 835"
412,PARQUE BURNIER.,10071108,07:51:00,17,0,1,0,2025-01-17T00:00:00.000Z,-43.349331860000,-21.758144610000,"Avenida Getúlio Vargas, 835"
412,PARQUE BURNIER.,10074194,07:51:00,16,1,12,1,2025-01-17T00:00:00.000Z,-43.342338620000,-21.760505960000,"Rua Ângelo Falci, 55"
412,PARQUE BURNIER.,10072302,07:51:00,15,2,17,12,2025-01-17T00:00:00.000Z,-43.338029500000,-21.760323850000,"Avenida Sete de Setembro, 623"
412,PARQUE BURNIER.,10072332,07:51:00,14,0,0,27,2025-01-17T00:00:00.000Z,-43.335533860000,-21.760131640000,"Rua São Geraldo, 89"
412,PARQUE BURNIER.,10072337,07:51:00,13,0,0,27,2025-01-17T00:00:00.000Z,-43.334540130000,-21.760522960000,"Rua Olga Burnier, 67"
412,PARQUE BURNIER.,10072335,07:51:00,12,1,0,27,2025-01-17T00:00:00.000Z,-43.333453420000,-21.761562350000,"Rua Olga Burnier, 233"
412,PARQUE BURNIER.,10072382,07:51:00,11,0,0,26,2025-01-17T00:00:00.000Z,-43.332369450000,-21.762522520000,"Rua Olga Burnier, 361"
412,PARQUE BURNIER.,10072380,07:51:00,10,2,0,26,2025-01-17T00:00:00.000Z,-43.331466790000,-21.763337580000,"Rua Olga Burnier, 485"
412,PARQUE BURNIER.,10073583,07:51:00,9,1,0,24,2025-01-17T00:00:00.000Z,-43.330207820000,-21.763072230000,"Rua Adelaide Campos de Resende, 1070"
412,PARQUE BURNIER.,10073584,07:51:00,8,3,0,23,2025-01-17T00:00:00.000Z,-43.329363350000,-21.763255450000,"Rua Adelaide Campos de Resende, 984"
412,PARQUE BURNIER.,10072386,07:51:00,7,5,3,20,2025-01-17T00:00:00.000Z,-43.328850270000,-21.762325320000,"Rua José Teodoro dos Santos, 292"
412,PARQUE BURNIER.,10072384,07:51:00,6,2,0,18,2025-01-17T00:00:00.000Z,-43.327999480000,-21.763301540000,"Rua José Teodoro dos Santos, 126"
412,PARQUE BURNIER.,10072309,07:51:00,5,1,4,16,2025-01-17T00:00:00.000Z,-43.327273730000,-21.763967940000,"Rua José Teodoro dos Santos, 28"
412,PARQUE BURNIER.,10073589,07:51:00,4,11,0,19,2025-01-17T00:00:00.000Z,-43.326568960000,-21.763629600000,"Rua Adelaide Campos de Resende, 706"
412,PARQUE BURNIER.,10072362,07:51:00,3,5,0,8,2025-01-17T00:00:00.000Z,-43.327527760000,-21.762798310000,"Rua Natalino José de Paula, 310"
412,PARQUE BURNIER.,10072363,07:51:00,2,3,0,3,2025-01-17T00:00:00.000Z,-43.327885630000,-21.762179390000,"Rua Natalino José de Paula, 288"
412,PARQUE BURNIER.,10072358,07:51:00,1,0,0,0,2025-01-17T00:00:00.000Z,-43.328687310000,-21.761675740000,"Rua Natalino José de Paula, 112 - Ponto Final do Parque Burnier"
412,PARQUE BURNIER.,10072358,16:10:00,18,0,0,0,2025-01-17T00:00:00.000Z,-43.328687310000,-21.761675740000,"Rua Natalino José de Paula, 112 - Ponto Final do Parque Burnier"
412,PARQUE BURNIER.,10072356,16:10:00,17,0,0,0,2025-01-17T00:00:00.000Z,-43.327793950000,-21.762107030000,"Rua Natalino José de Paula, 271"
412,PARQUE BURNIER.,10072375,16:10:00,16,0,0,0,2025-01-17T00:00:00.000Z,-43.327420830000,-21.762727850000,"Rua Natalino José de Paula, 319"
412,PARQUE BURNIER.,10071503,16:10:00,15,0,0,0,2025-01-17T00:00:00.000Z,-43.326207040000,-21.762717810000,"Rua Natalino José de Paula, 421"
412,PARQUE BURNIER.,10072359,16:10:00,14,0,9,0,2025-01-17T00:00:00.000Z,-43.326282500000,-21.763143540000,"Rua Adelaide Campos de Resende, 651"
412,PARQUE BURNIER.,10072328,16:10:00,13,0,11,9,2025-01-17T00:00:00.000Z,-43.326450350000,-21.763683320000,"Rua Adelaide Campos de Resende, 669"
412,PARQUE BURNIER.,10072377,16:10:00,12,4,1,20,2025-01-17T00:00:00.000Z,-43.327321890000,-21.764062650000,"Rua José Teodoro dos Santos, 25"
412,PARQUE BURNIER.,10072316,16:10:00,11,0,2,17,2025-01-17T00:00:00.000Z,-43.328204750000,-21.763332370000,"Rua José Teodoro dos Santos, 145"
412,PARQUE BURNIER.,10072313,16:10:00,10,3,5,19,2025-01-17T00:00:00.000Z,-43.328846690000,-21.762504770000,"Rua José Teodoro dos Santos, 275"
412,PARQUE BURNIER.,10072296,16:10:00,9,0,2,21,2025-01-17T00:00:00.000Z,-43.329374790000,-21.763440430000,"Rua Adelaide Campos de Resende, 975"
412,PARQUE BURNIER.,10072301,16:10:00,8,0,1,23,2025-01-17T00:00:00.000Z,-43.330138330000,-21.763252970000,"Rua Adelaide Campos de Resende, 1061"
412,PARQUE BURNIER.,10073561,16:10:00,7,0,2,24,2025-01-17T00:00:00.000Z,-43.331552510000,-21.763418910000,"Rua Olga Burnier, 480"
412,PARQUE BURNIER.,10073557,16:10:00,6,0,0,26,2025-01-17T00:00:00.000Z,-43.332479840000,-21.762640710000,"Rua Olga Burnier, 356"
412,PARQUE BURNIER.,10073560,16:10:00,5,0,1,26,2025-01-17T00:00:00.000Z,-43.333589670000,-21.761652280000,"Rua Olga Burnier, 230"
412,PARQUE BURNIER.,10073558,16:10:00,4,0,0,27,2025-01-17T00:00:00.000Z,-43.334645750000,-21.760669710000,"Rua Olga Burnier, 70"
412,PARQUE BURNIER.,10073552,16:10:00,3,0,1,27,2025-01-17T00:00:00.000Z,-43.335479020000,-21.760313550000,"Rua São Geraldo, 84"
412,PARQUE BURNIER.,10072305,16:10:00,2,20,2,28,2025-01-17T00:00:00.000Z,-43.337478970000,-21.760922950000,"Rua Djalma de Carvalho, 37"
412,PARQUE BURNIER.,10071108,16:10:00,1,10,0,10,2025-01-17T00:00:00.000Z,-43.349331860000,-21.758144610000,"Avenida Getúlio Vargas, 835"
412,PARQUE BURNIER.,10071108,16:45:00,17,0,20,8,2025-01-17T00:00:00.000Z,-43.349331860000,-21.758144610000,"Avenida Getúlio Vargas, 835"
412,PARQUE BURNIER.,10074194,16:45:00,16,20,0,28,2025-01-17T00:00:00.000Z,-43.342338620000,-21.760505960000,"Rua Ângelo Falci, 55"
412,PARQUE BURNIER.,10072302,16:45:00,15,1,0,8,2025-01-17T00:00:00.000Z,-43.338029500000,-21.760323850000,"Avenida Sete de Setembro, 623"
412,PARQUE BURNIER.,10072332,16:45:00,14,0,0,7,2025-01-17T00:00:00.000Z,-43.335533860000,-21.760131640000,"Rua São Geraldo, 89"
412,PARQUE BURNIER.,10072337,16:45:00,13,1,0,7,2025-01-17T00:00:00.000Z,-43.334540130000,-21.760522960000,"Rua Olga Burnier, 67"
412,PARQUE BURNIER.,10072335,16:45:00,12,0,0,6,2025-01-17T00:00:00.000Z,-43.333453420000,-21.761562350000,"Rua Olga Burnier, 233"
412,PARQUE BURNIER.,10072382,16:45:00,11,0,0,6,2025-01-17T00:00:00.000Z,-43.332369450000,-21.762522520000,"Rua Olga Burnier, 361"
412,PARQUE BURNIER.,10072380,16:45:00,10,0,0,6,2025-01-17T00:00:00.000Z,-43.331466790000,-21.763337580000,"Rua Olga Burnier, 485"
412,PARQUE BURNIER.,10073583,16:45:00,9,1,0,6,2025-01-17T00:00:00.000Z,-43.330207820000,-21.763072230000,"Rua Adelaide Campos de Resende, 1070"
412,PARQUE BURNIER.,10073584,16:45:00,8,0,0,5,2025-01-17T00:00:00.000Z,-43.329363350000,-21.763255450000,"Rua Adelaide Campos de Resende, 984"
412,PARQUE BURNIER.,10072386,16:45:00,7,0,0,5,2025-01-17T00:00:00.000Z,-43.328850270000,-21.762325320000,"Rua José Teodoro dos Santos, 292"
412,PARQUE BURNIER.,10072384,16:45:00,6,0,0,5,2025-01-17T00:00:00.000Z,-43.327999480000,-21.763301540000,"Rua José Teodoro dos Santos, 126"
412,PARQUE BURNIER.,10072309,16:45:00,5,1,0,5,2025-01-17T00:00:00.000Z,-43.327273730000,-21.763967940000,"Rua José Teodoro dos Santos, 28"
412,PARQUE BURNIER.,10073589,16:45:00,4,3,1,4,2025-01-17T00:00:00.000Z,-43.326568960000,-21.763629600000,"Rua Adelaide Campos de Resende, 706"
412,PARQUE BURNIER.,10072362,16:45:00,3,1,0,2,2025-01-17T00:00:00.000Z,-43.327527760000,-21.762798310000,"Rua Natalino José de Paula, 310"
412,PARQUE BURNIER.,10072363,16:45:00,2,1,0,1,2025-01-17T00:00:00.000Z,-43.327885630000,-21.762179390000,"Rua Natalino José de Paula, 288"
412,PARQUE BURNIER.,10072358,16:45:00,1,0,0,0,2025-01-17T00:00:00.000Z,-43.328687310000,-21.761675740000,"Rua Natalino José de Paula, 112 - Ponto Final do Parque Burnier"
412,PARQUE BURNIER.,10072358,17:05:00,18,3,0,4,2025-01-17T00:00:00.000Z,-43.328687310000,-21.761675740000,"Rua Natalino José de Paula, 112 - Ponto Final do Parque Burnier"
412,PARQUE BURNIER.,10072356,17:05:00,17,1,1,1,2025-01-17T00:00:00.000Z,-43.327793950000,-21.762107030000,"Rua Natalino José de Paula, 271"
412,PARQUE BURNIER.,10072375,17:05:00,16,1,0,1,2025-01-17T00:00:00.000Z,-43.327420830000,-21.762727850000,"Rua Natalino José de Paula, 319"
412,PARQUE BURNIER.,10071503,17:05:00,15,0,0,0,2025-01-17T00:00:00.000Z,-43.326207040000,-21.762717810000,"Rua Natalino José de Paula, 421"
412,PARQUE BURNIER.,10072359,17:05:00,14,0,6,0,2025-01-17T00:00:00.000Z,-43.326282500000,-21.763143540000,"Rua Adelaide Campos de Resende, 651"
412,PARQUE BURNIER.,10072328,17:05:00,13,0,7,6,2025-01-17T00:00:00.000Z,-43.326450350000,-21.763683320000,"Rua Adelaide Campos de Resende, 669"
412,PARQUE BURNIER.,10072377,17:05:00,12,1,2,13,2025-01-17T00:00:00.000Z,-43.327321890000,-21.764062650000,"Rua José Teodoro dos Santos, 25"
412,PARQUE BURNIER.,10072316,17:05:00,11,0,1,14,2025-01-17T00:00:00.000Z,-43.328204750000,-21.763332370000,"Rua José Teodoro dos Santos, 145"
412,PARQUE BURNIER.,10072313,17:05:00,10,0,2,15,2025-01-17T00:00:00.000Z,-43.328846690000,-21.762504770000,"Rua José Teodoro dos Santos, 275"
412,PARQUE BURNIER.,10072296,17:05:00,9,0,0,17,2025-01-17T00:00:00.000Z,-43.329374790000,-21.763440430000,"Rua Adelaide Campos de Resende, 975"
412,PARQUE BURNIER.,10072301,17:05:00,8,0,1,17,2025-01-17T00:00:00.000Z,-43.330138330000,-21.763252970000,"Rua Adelaide Campos de Resende, 1061"
412,PARQUE BURNIER.,10073561,17:05:00,7,1,1,18,2025-01-17T00:00:00.000Z,-43.331552510000,-21.763418910000,"Rua Olga Burnier, 480"
412,PARQUE BURNIER.,10073557,17:05:00,6,0,1,18,2025-01-17T00:00:00.000Z,-43.332479840000,-21.762640710000,"Rua Olga Burnier, 356"
412,PARQUE BURNIER.,10073560,17:05:00,5,0,1,19,2025-01-17T00:00:00.000Z,-43.333589670000,-21.761652280000,"Rua Olga Burnier, 230"
412,PARQUE BURNIER.,10073558,17:05:00,4,0,0,20,2025-01-17T00:00:00.000Z,-43.334645750000,-21.760669710000,"Rua Olga Burnier, 70"
412,PARQUE BURNIER.,10073552,17:05:00,3,1,0,20,2025-01-17T00:00:00.000Z,-43.335479020000,-21.760313550000,"Rua São Geraldo, 84"
412,PARQUE BURNIER.,10072305,17:05:00,2,3,2,19,2025-01-17T00:00:00.000Z,-43.337478970000,-21.760922950000,"Rua Djalma de Carvalho, 37"
412,PARQUE BURNIER.,10071108,17:05:00,1,18,0,18,2025-01-17T00:00:00.000Z,-43.349331860000,-21.758144610000,"Avenida Getúlio Vargas, 835"
412,PARQUE BURNIER.,10071108,17:40:00,17,0,13,4,2025-01-17T00:00:00.000Z,-43.349331860000,-21.758144610000,"Avenida Getúlio Vargas, 835"
412,PARQUE BURNIER.,10074194,17:40:00,16,10,0,17,2025-01-17T00:00:00.000Z,-43.342338620000,-21.760505960000,"Rua Ângelo Falci, 55"
412,PARQUE BURNIER.,10072302,17:40:00,15,0,1,7,2025-01-17T00:00:00.000Z,-43.338029500000,-21.760323850000,"Avenida Sete de Setembro, 623"
412,PARQUE BURNIER.,10072332,17:40:00,14,1,0,8,2025-01-17T00:00:00.000Z,-43.335533860000,-21.760131640000,"Rua São Geraldo, 89"
412,PARQUE BURNIER.,10072337,17:40:00,13,0,0,7,2025-01-17T00:00:00.000Z,-43.334540130000,-21.760522960000,"Rua Olga Burnier, 67"
412,PARQUE BURNIER.,10072335,17:40:00,12,0,1,7,2025-01-17T00:00:00.000Z,-43.333453420000,-21.761562350000,"Rua Olga Burnier, 233"
412,PARQUE BURNIER.,10072382,17:40:00,11,0,0,8,2025-01-17T00:00:00.000Z,-43.332369450000,-21.762522520000,"Rua Olga Burnier, 361"
412,PARQUE BURNIER.,10072380,17:40:00,10,0,0,8,2025-01-17T00:00:00.000Z,-43.331466790000,-21.763337580000,"Rua Olga Burnier, 485"
412,PARQUE BURNIER.,10073583,17:40:00,9,0,0,8,2025-01-17T00:00:00.000Z,-43.330207820000,-21.763072230000,"Rua Adelaide Campos de Resende, 1070"
412,PARQUE BURNIER.,10073584,17:40:00,8,1,0,8,2025-01-17T00:00:00.000Z,-43.329363350000,-21.763255450000,"Rua Adelaide Campos de Resende, 984"
412,PARQUE BURNIER.,10072386,17:40:00,7,3,0,7,2025-01-17T00:00:00.000Z,-43.328850270000,-21.762325320000,"Rua José Teodoro dos Santos, 292"
412,PARQUE BURNIER.,10072384,17:40:00,6,1,0,4,2025-01-17T00:00:00.000Z,-43.327999480000,-21.763301540000,"Rua José Teodoro dos Santos, 126"
412,PARQUE BURNIER.,10072309,17:40:00,5,0,0,3,2025-01-17T00:00:00.000Z,-43.327273730000,-21.763967940000,"Rua José Teodoro dos Santos, 28"
412,PARQUE BURNIER.,10073589,17:40:00,4,2,0,3,2025-01-17T00:00:00.000Z,-43.326568960000,-21.763629600000,"Rua Adelaide Campos de Resende, 706"
412,PARQUE BURNIER.,10072362,17:40:00,3,1,0,1,2025-01-17T00:00:00.000Z,-43.327527760000,-21.762798310000,"Rua Natalino José de Paula, 310"
412,PARQUE BURNIER.,10072363,17:40:00,2,0,0,0,2025-01-17T00:00:00.000Z,-43.327885630000,-21.762179390000,"Rua Natalino José de Paula, 288"
412,PARQUE BURNIER.,10072358,17:40:00,1,0,0,0,2025-01-17T00:00:00.000Z,-43.328687310000,-21.761675740000,"Rua Natalino José de Paula, 112 - Ponto Final do Parque Burnier"
412,PARQUE BURNIER.,10072358,18:00:00,18,3,0,3,2025-01-17T00:00:00.000Z,-43.328687310000,-21.761675740000,"Rua Natalino José de Paula, 112 - Ponto Final do Parque Burnier"
412,PARQUE BURNIER.,10072356,18:00:00,17,0,0,0,2025-01-17T00:00:00.000Z,-43.327793950000,-21.762107030000,"Rua Natalino José de Paula, 271"
412,PARQUE BURNIER.,10072375,18:00:00,16,0,1,0,2025-01-17T00:00:00.000Z,-43.327420830000,-21.762727850000,"Rua Natalino José de Paula, 319"
412,PARQUE BURNIER.,10071503,18:00:00,15,1,0,1,2025-01-17T00:00:00.000Z,-43.326207040000,-21.762717810000,"Rua Natalino José de Paula, 421"
412,PARQUE BURNIER.,10072359,18:00:00,14,0,7,0,2025-01-17T00:00:00.000Z,-43.326282500000,-21.763143540000,"Rua Adelaide Campos de Resende, 651"
412,PARQUE BURNIER.,10072328,18:00:00,13,0,7,7,2025-01-17T00:00:00.000Z,-43.326450350000,-21.763683320000,"Rua Adelaide Campos de Resende, 669"
412,PARQUE BURNIER.,10072377,18:00:00,12,0,2,14,2025-01-17T00:00:00.000Z,-43.327321890000,-21.764062650000,"Rua José Teodoro dos Santos, 25"
412,PARQUE BURNIER.,10072316,18:00:00,11,0,1,16,2025-01-17T00:00:00.000Z,-43.328204750000,-21.763332370000,"Rua José Teodoro dos Santos, 145"
412,PARQUE BURNIER.,10072313,18:00:00,10,0,2,17,2025-01-17T00:00:00.000Z,-43.328846690000,-21.762504770000,"Rua José Teodoro dos Santos, 275"
412,PARQUE BURNIER.,10072296,18:00:00,9,0,1,19,2025-01-17T00:00:00.000Z,-43.329374790000,-21.763440430000,"Rua Adelaide Campos de Resende, 975"
412,PARQUE BURNIER.,10072301,18:00:00,8,0,0,20,2025-01-17T00:00:00.000Z,-43.330138330000,-21.763252970000,"Rua Adelaide Campos de Resende, 1061"
412,PARQUE BURNIER.,10073561,18:00:00,7,0,1,20,2025-01-17T00:00:00.000Z,-43.331552510000,-21.763418910000,"Rua Olga Burnier, 480"
412,PARQUE BURNIER.,10073557,18:00:00,6,1,1,21,2025-01-17T00:00:00.000Z,-43.332479840000,-21.762640710000,"Rua Olga Burnier, 356"
412,PARQUE BURNIER.,10073560,18:00:00,5,0,1,21,2025-01-17T00:00:00.000Z,-43.333589670000,-21.761652280000,"Rua Olga Burnier, 230"
412,PARQUE BURNIER.,10073558,18:00:00,4,0,0,22,2025-01-17T00:00:00.000Z,-43.334645750000,-21.760669710000,"Rua Olga Burnier, 70"
412,PARQUE BURNIER.,10073552,18:00:00,3,0,0,22,2025-01-17T00:00:00.000Z,-43.335479020000,-21.760313550000,"Rua São Geraldo, 84"
412,PARQUE BURNIER.,10072305,18:00:00,2,4,2,22,2025-01-17T00:00:00.000Z,-43.337478970000,-21.760922950000,"Rua Djalma de Carvalho, 37"
412,PARQUE BURNIER.,10071108,18:00:00,1,20,0,20,2025-01-17T00:00:00.000Z,-43.349331860000,-21.758144610000,"Avenida Getúlio Vargas, 835"
412,PARQUE BURNIER.,10071108,18:35:00,17,0,32,0,2025-01-17T00:00:00.000Z,-43.349331860000,-21.758144610000,"Avenida Getúlio Vargas, 835"
412,PARQUE BURNIER.,10074194,18:35:00,16,25,2,32,2025-01-17T00:00:00.000Z,-43.342338620000,-21.760505960000,"Rua Ângelo Falci, 55"
412,PARQUE BURNIER.,10072302,18:35:00,15,1,0,9,2025-01-17T00:00:00.000Z,-43.338029500000,-21.760323850000,"Avenida Sete de Setembro, 623"
412,PARQUE BURNIER.,10072332,18:35:00,14,0,0,8,2025-01-17T00:00:00.000Z,-43.335533860000,-21.760131640000,"Rua São Geraldo, 89"
412,PARQUE BURNIER.,10072337,18:35:00,13,0,0,8,2025-01-17T00:00:00.000Z,-43.334540130000,-21.760522960000,"Rua Olga Burnier, 67"
412,PARQUE BURNIER.,10072335,18:35:00,12,0,0,8,2025-01-17T00:00:00.000Z,-43.333453420000,-21.761562350000,"Rua Olga Burnier, 233"
412,PARQUE BURNIER.,10072382,18:35:00,11,0,0,8,2025-01-17T00:00:00.000Z,-43.332369450000,-21.762522520000,"Rua Olga Burnier, 361"
412,PARQUE BURNIER.,10072380,18:35:00,10,0,0,8,2025-01-17T00:00:00.000Z,-43.331466790000,-21.763337580000,"Rua Olga Burnier, 485"
412,PARQUE BURNIER.,10073583,18:35:00,9,1,0,8,2025-01-17T00:00:00.000Z,-43.330207820000,-21.763072230000,"Rua Adelaide Campos de Resende, 1070"
412,PARQUE BURNIER.,10073584,18:35:00,8,0,1,7,2025-01-17T00:00:00.000Z,-43.329363350000,-21.763255450000,"Rua Adelaide Campos de Resende, 984"
412,PARQUE BURNIER.,10072386,18:35:00,7,2,0,8,2025-01-17T00:00:00.000Z,-43.328850270000,-21.762325320000,"Rua José Teodoro dos Santos, 292"
412,PARQUE BURNIER.,10072384,18:35:00,6,1,0,6,2025-01-17T00:00:00.000Z,-43.327999480000,-21.763301540000,"Rua José Teodoro dos Santos, 126"
412,PARQUE BURNIER.,10072309,18:35:00,5,0,0,5,2025-01-17T00:00:00.000Z,-43.327273730000,-21.763967940000,"Rua José Teodoro dos Santos, 28"
412,PARQUE BURNIER.,10073589,18:35:00,4,2,0,5,2025-01-17T00:00:00.000Z,-43.326568960000,-21.763629600000,"Rua Adelaide Campos de Resende, 706"
412,PARQUE BURNIER.,10072362,18:35:00,3,2,0,3,2025-01-17T00:00:00.000Z,-43.327527760000,-21.762798310000,"Rua Natalino José de Paula, 310"
412,PARQUE BURNIER.,10072363,18:35:00,2,1,0,1,2025-01-17T00:00:00.000Z,-43.327885630000,-21.762179390000,"Rua Natalino José de Paula, 288"
412,PARQUE BURNIER.,10072358,18:35:00,1,0,0,0,2025-01-17T00:00:00.000Z,-43.328687310000,-21.761675740000,"Rua Natalino José de Paula, 112 - Ponto Final do Parque Burnier"
412,PARQUE BURNIER.,10072358,18:55:00,18,0,0,12,2025-01-17T00:00:00.000Z,-43.328687310000,-21.761675740000,"Rua Natalino José de Paula, 112 - Ponto Final do Parque Burnier"
412,PARQUE BURNIER.,10072356,18:55:00,17,0,0,12,2025-01-17T00:00:00.000Z,-43.327793950000,-21.762107030000,"Rua Natalino José de Paula, 271"
412,PARQUE BURNIER.,10072375,18:55:00,16,3,0,12,2025-01-17T00:00:00.000Z,-43.327420830000,-21.762727850000,"Rua Natalino José de Paula, 319"
412,PARQUE BURNIER.,10071503,18:55:00,15,0,0,9,2025-01-17T00:00:00.000Z,-43.326207040000,-21.762717810000,"Rua Natalino José de Paula, 421"
412,PARQUE BURNIER.,10072359,18:55:00,14,0,0,9,2025-01-17T00:00:00.000Z,-43.326282500000,-21.763143540000,"Rua Adelaide Campos de Resende, 651"
412,PARQUE BURNIER.,10072328,18:55:00,13,0,0,9,2025-01-17T00:00:00.000Z,-43.326450350000,-21.763683320000,"Rua Adelaide Campos de Resende, 669"
412,PARQUE BURNIER.,10072377,18:55:00,12,0,0,9,2025-01-17T00:00:00.000Z,-43.327321890000,-21.764062650000,"Rua José Teodoro dos Santos, 25"
412,PARQUE BURNIER.,10072316,18:55:00,11,0,0,9,2025-01-17T00:00:00.000Z,-43.328204750000,-21.763332370000,"Rua José Teodoro dos Santos, 145"
412,PARQUE BURNIER.,10072313,18:55:00,10,0,1,9,2025-01-17T00:00:00.000Z,-43.328846690000,-21.762504770000,"Rua José Teodoro dos Santos, 275"
412,PARQUE BURNIER.,10072296,18:55:00,9,0,0,10,2025-01-17T00:00:00.000Z,-43.329374790000,-21.763440430000,"Rua Adelaide Campos de Resende, 975"
412,PARQUE BURNIER.,10072301,18:55:00,8,0,1,10,2025-01-17T00:00:00.000Z,-43.330138330000,-21.763252970000,"Rua Adelaide Campos de Resende, 1061"
412,PARQUE BURNIER.,10073561,18:55:00,7,0,1,11,2025-01-17T00:00:00.000Z,-43.331552510000,-21.763418910000,"Rua Olga Burnier, 480"
412,PARQUE BURNIER.,10073557,18:55:00,6,0,0,12,2025-01-17T00:00:00.000Z,-43.332479840000,-21.762640710000,"Rua Olga Burnier, 356"
412,PARQUE BURNIER.,10073560,18:55:00,5,0,0,12,2025-01-17T00:00:00.000Z,-43.333589670000,-21.761652280000,"Rua Olga Burnier, 230"
412,PARQUE BURNIER.,10073558,18:55:00,4,0,0,12,2025-01-17T00:00:00.000Z,-43.334645750000,-21.760669710000,"Rua Olga Burnier, 70"
412,PARQUE BURNIER.,10073552,18:55:00,3,0,1,12,2025-01-17T00:00:00.000Z,-43.335479020000,-21.760313550000,"Rua São Geraldo, 84"
412,PARQUE BURNIER.,10072305,18:55:00,2,1,1,13,2025-01-17T00:00:00.000Z,-43.337478970000,-21.760922950000,"Rua Djalma de Carvalho, 37"
412,PARQUE BURNIER.,10071108,18:55:00,1,13,0,13,2025-01-17T00:00:00.000Z,-43.349331860000,-21.758144610000,"Avenida Getúlio Vargas, 835"
412,PARQUE BURNIER.,10071108,19:30:00,17,0,13,2,2025-01-17T00:00:00.000Z,-43.349331860000,-21.758144610000,"Avenida Getúlio Vargas, 835"
412,PARQUE BURNIER.,10074194,19:30:00,16,15,2,15,2025-01-17T00:00:00.000Z,-43.342338620000,-21.760505960000,"Rua Ângelo Falci, 55"
412,PARQUE BURNIER.,10072302,19:30:00,15,1,1,2,2025-01-17T00:00:00.000Z,-43.338029500000,-21.760323850000,"Avenida Sete de Setembro, 623"
412,PARQUE BURNIER.,10072332,19:30:00,14,0,0,2,2025-01-17T00:00:00.000Z,-43.335533860000,-21.760131640000,"Rua São Geraldo, 89"
412,PARQUE BURNIER.,10072337,19:30:00,13,0,0,2,2025-01-17T00:00:00.000Z,-43.334540130000,-21.760522960000,"Rua Olga Burnier, 67"
412,PARQUE BURNIER.,10072335,19:30:00,12,0,0,2,2025-01-17T00:00:00.000Z,-43.333453420000,-21.761562350000,"Rua Olga Burnier, 233"
412,PARQUE BURNIER.,10072382,19:30:00,11,0,0,2,2025-01-17T00:00:00.000Z,-43.332369450000,-21.762522520000,"Rua Olga Burnier, 361"
412,PARQUE BURNIER.,10072380,19:30:00,10,1,0,2,2025-01-17T00:00:00.000Z,-43.331466790000,-21.763337580000,"Rua Olga Burnier, 485"
412,PARQUE BURNIER.,10073583,19:30:00,9,1,0,1,2025-01-17T00:00:00.000Z,-43.330207820000,-21.763072230000,"Rua Adelaide Campos de Resende, 1070"
412,PARQUE BURNIER.,10073584,19:30:00,8,0,1,0,2025-01-17T00:00:00.000Z,-43.329363350000,-21.763255450000,"Rua Adelaide Campos de Resende, 984"
412,PARQUE BURNIER.,10072386,19:30:00,7,1,0,1,2025-01-17T00:00:00.000Z,-43.328850270000,-21.762325320000,"Rua José Teodoro dos Santos, 292"
412,PARQUE BURNIER.,10072384,19:30:00,6,0,0,0,2025-01-17T00:00:00.000Z,-43.327999480000,-21.763301540000,"Rua José Teodoro dos Santos, 126"
412,PARQUE BURNIER.,10072309,19:30:00,5,0,0,0,2025-01-17T00:00:00.000Z,-43.327273730000,-21.763967940000,"Rua José Teodoro dos Santos, 28"
412,PARQUE BURNIER.,10073589,19:30:00,4,0,0,0,2025-01-17T00:00:00.000Z,-43.326568960000,-21.763629600000,"Rua Adelaide Campos de Resende, 706"
412,PARQUE BURNIER.,10072362,19:30:00,3,0,0,0,2025-01-17T00:00:00.000Z,-43.327527760000,-21.762798310000,"Rua Natalino José de Paula, 310"
412,PARQUE BURNIER.,10072363,19:30:00,2,0,0,0,2025-01-17T00:00:00.000Z,-43.327885630000,-21.762179390000,"Rua Natalino José de Paula, 288"
412,PARQUE BURNIER.,10072358,19:30:00,1,0,0,0,2025-01-17T00:00:00.000Z,-43.328687310000,-21.761675740000,"Rua Natalino José de Paula, 112 - Ponto Final do Parque Burnier"
412,PARQUE BURNIER.,10072358,19:50:00,18,0,0,6,2025-01-17T00:00:00.000Z,-43.328687310000,-21.761675740000,"Rua Natalino José de Paula, 112 - Ponto Final do Parque Burnier"
412,PARQUE BURNIER.,10072356,19:50:00,17,1,0,6,2025-01-17T00:00:00.000Z,-43.327793950000,-21.762107030000,"Rua Natalino José de Paula, 271"
412,PARQUE BURNIER.,10072375,19:50:00,16,0,0,5,2025-01-17T00:00:00.000Z,-43.327420830000,-21.762727850000,"Rua Natalino José de Paula, 319"
412,PARQUE BURNIER.,10071503,19:50:00,15,0,0,5,2025-01-17T00:00:00.000Z,-43.326207040000,-21.762717810000,"Rua Natalino José de Paula, 421"
412,PARQUE BURNIER.,10072359,19:50:00,14,0,0,5,2025-01-17T00:00:00.000Z,-43.326282500000,-21.763143540000,"Rua Adelaide Campos de Resende, 651"
412,PARQUE BURNIER.,10072328,19:50:00,13,0,0,5,2025-01-17T00:00:00.000Z,-43.326450350000,-21.763683320000,"Rua Adelaide Campos de Resende, 669"
412,PARQUE BURNIER.,10072377,19:50:00,12,0,1,5,2025-01-17T00:00:00.000Z,-43.327321890000,-21.764062650000,"Rua José Teodoro dos Santos, 25"
412,PARQUE BURNIER.,10072316,19:50:00,11,0,1,6,2025-01-17T00:00:00.000Z,-43.328204750000,-21.763332370000,"Rua José Teodoro dos Santos, 145"
412,PARQUE BURNIER.,10072313,19:50:00,10,0,0,7,2025-01-17T00:00:00.000Z,-43.328846690000,-21.762504770000,"Rua José Teodoro dos Santos, 275"
412,PARQUE BURNIER.,10072296,19:50:00,9,0,0,7,2025-01-17T00:00:00.000Z,-43.329374790000,-21.763440430000,"Rua Adelaide Campos de Resende, 975"
412,PARQUE BURNIER.,10072301,19:50:00,8,0,0,7,2025-01-17T00:00:00.000Z,-43.330138330000,-21.763252970000,"Rua Adelaide Campos de Resende, 1061"
412,PARQUE BURNIER.,10073561,19:50:00,7,0,0,7,2025-01-17T00:00:00.000Z,-43.331552510000,-21.763418910000,"Rua Olga Burnier, 480"
412,PARQUE BURNIER.,10073557,19:50:00,6,0,0,7,2025-01-17T00:00:00.000Z,-43.332479840000,-21.762640710000,"Rua Olga Burnier, 356"
412,PARQUE BURNIER.,10073560,19:50:00,5,0,0,7,2025-01-17T00:00:00.000Z,-43.333589670000,-21.761652280000,"Rua Olga Burnier, 230"
412,PARQUE BURNIER.,10073558,19:50:00,4,0,0,7,2025-01-17T00:00:00.000Z,-43.334645750000,-21.760669710000,"Rua Olga Burnier, 70"
412,PARQUE BURNIER.,10073552,19:50:00,3,0,0,7,2025-01-17T00:00:00.000Z,-43.335479020000,-21.760313550000,"Rua São Geraldo, 84"
412,PARQUE BURNIER.,10072305,19:50:00,2,0,2,7,2025-01-17T00:00:00.000Z,-43.337478970000,-21.760922950000,"Rua Djalma de Carvalho, 37"
412,PARQUE BURNIER.,10071108,19:50:00,1,9,0,9,2025-01-17T00:00:00.000Z,-43.349331860000,-21.758144610000,"Avenida Getúlio Vargas, 835"
412,PARQUE BURNIER.,10071108,20:25:00,17,0,7,0,2025-01-17T00:00:00.000Z,-43.349331860000,-21.758144610000,"Avenida Getúlio Vargas, 835"
412,PARQUE BURNIER.,10074194,20:25:00,16,5,0,7,2025-01-17T00:00:00.000Z,-43.342338620000,-21.760505960000,"Rua Ângelo Falci, 55"
412,PARQUE BURNIER.,10072302,20:25:00,15,0,1,2,2025-01-17T00:00:00.000Z,-43.338029500000,-21.760323850000,"Avenida Sete de Setembro, 623"
412,PARQUE BURNIER.,10072332,20:25:00,14,0,1,3,2025-01-17T00:00:00.000Z,-43.335533860000,-21.760131640000,"Rua São Geraldo, 89"
412,PARQUE BURNIER.,10072337,20:25:00,13,0,1,4,2025-01-17T00:00:00.000Z,-43.334540130000,-21.760522960000,"Rua Olga Burnier, 67"
412,PARQUE BURNIER.,10072335,20:25:00,12,3,0,5,2025-01-17T00:00:00.000Z,-43.333453420000,-21.761562350000,"Rua Olga Burnier, 233"
412,PARQUE BURNIER.,10072382,20:25:00,11,1,0,2,2025-01-17T00:00:00.000Z,-43.332369450000,-21.762522520000,"Rua Olga Burnier, 361"
412,PARQUE BURNIER.,10072380,20:25:00,10,0,0,1,2025-01-17T00:00:00.000Z,-43.331466790000,-21.763337580000,"Rua Olga Burnier, 485"
412,PARQUE BURNIER.,10073583,20:25:00,9,0,0,1,2025-01-17T00:00:00.000Z,-43.330207820000,-21.763072230000,"Rua Adelaide Campos de Resende, 1070"
412,PARQUE BURNIER.,10073584,20:25:00,8,0,2,1,2025-01-17T00:00:00.000Z,-43.329363350000,-21.763255450000,"Rua Adelaide Campos de Resende, 984"
412,PARQUE BURNIER.,10072386,20:25:00,7,2,0,3,2025-01-17T00:00:00.000Z,-43.328850270000,-21.762325320000,"Rua José Teodoro dos Santos, 292"
412,PARQUE BURNIER.,10072384,20:25:00,6,0,0,1,2025-01-17T00:00:00.000Z,-43.327999480000,-21.763301540000,"Rua José Teodoro dos Santos, 126"
412,PARQUE BURNIER.,10072309,20:25:00,5,0,0,1,2025-01-17T00:00:00.000Z,-43.327273730000,-21.763967940000,"Rua José Teodoro dos Santos, 28"
412,PARQUE BURNIER.,10073589,20:25:00,4,0,0,1,2025-01-17T00:00:00.000Z,-43.326568960000,-21.763629600000,"Rua Adelaide Campos de Resende, 706"
412,PARQUE BURNIER.,10072362,20:25:00,3,1,0,1,2025-01-17T00:00:00.000Z,-43.327527760000,-21.762798310000,"Rua Natalino José de Paula, 310"
412,PARQUE BURNIER.,10072363,20:25:00,2,0,0,0,2025-01-17T00:00:00.000Z,-43.327885630000,-21.762179390000,"Rua Natalino José de Paula, 288"
412,PARQUE BURNIER.,10072358,20:25:00,1,0,0,0,2025-01-17T00:00:00.000Z,-43.328687310000,-21.761675740000,"Rua Natalino José de Paula, 112 - Ponto Final do Parque Burnier"
412,PARQUE BURNIER.,10072358,20:45:00,18,0,0,3,2025-01-17T00:00:00.000Z,-43.328687310000,-21.761675740000,"Rua Natalino José de Paula, 112 - Ponto Final do Parque Burnier"
412,PARQUE BURNIER.,10072356,20:45:00,17,0,0,3,2025-01-17T00:00:00.000Z,-43.327793950000,-21.762107030000,"Rua Natalino José de Paula, 271"
412,PARQUE BURNIER.,10072375,20:45:00,16,0,1,3,2025-01-17T00:00:00.000Z,-43.327420830000,-21.762727850000,"Rua Natalino José de Paula, 319"
412,PARQUE BURNIER.,10071503,20:45:00,15,1,2,4,2025-01-17T00:00:00.000Z,-43.326207040000,-21.762717810000,"Rua Natalino José de Paula, 421"
412,PARQUE BURNIER.,10072359,20:45:00,14,0,2,5,2025-01-17T00:00:00.000Z,-43.326282500000,-21.763143540000,"Rua Adelaide Campos de Resende, 651"
412,PARQUE BURNIER.,10072328,20:45:00,13,0,2,7,2025-01-17T00:00:00.000Z,-43.326450350000,-21.763683320000,"Rua Adelaide Campos de Resende, 669"
412,PARQUE BURNIER.,10072377,20:45:00,12,0,0,9,2025-01-17T00:00:00.000Z,-43.327321890000,-21.764062650000,"Rua José Teodoro dos Santos, 25"
412,PARQUE BURNIER.,10072316,20:45:00,11,0,1,9,2025-01-17T00:00:00.000Z,-43.328204750000,-21.763332370000,"Rua José Teodoro dos Santos, 145"
412,PARQUE BURNIER.,10072313,20:45:00,10,0,3,10,2025-01-17T00:00:00.000Z,-43.328846690000,-21.762504770000,"Rua José Teodoro dos Santos, 275"
412,PARQUE BURNIER.,10072296,20:45:00,9,0,1,13,2025-01-17T00:00:00.000Z,-43.329374790000,-21.763440430000,"Rua Adelaide Campos de Resende, 975"
412,PARQUE BURNIER.,10072301,20:45:00,8,0,0,14,2025-01-17T00:00:00.000Z,-43.330138330000,-21.763252970000,"Rua Adelaide Campos de Resende, 1061"
412,PARQUE BURNIER.,10073561,20:45:00,7,0,0,14,2025-01-17T00:00:00.000Z,-43.331552510000,-21.763418910000,"Rua Olga Burnier, 480"
412,PARQUE BURNIER.,10073557,20:45:00,6,0,0,14,2025-01-17T00:00:00.000Z,-43.332479840000,-21.762640710000,"Rua Olga Burnier, 356"
412,PARQUE BURNIER.,10073560,20:45:00,5,0,0,14,2025-01-17T00:00:00.000Z,-43.333589670000,-21.761652280000,"Rua Olga Burnier, 230"
412,PARQUE BURNIER.,10073558,20:45:00,4,0,0,14,2025-01-17T00:00:00.000Z,-43.334645750000,-21.760669710000,"Rua Olga Burnier, 70"
412,PARQUE BURNIER.,10073552,20:45:00,3,0,1,14,2025-01-17T00:00:00.000Z,-43.335479020000,-21.760313550000,"Rua São Geraldo, 84"
412,PARQUE BURNIER.,10072305,20:45:00,2,0,0,15,2025-01-17T00:00:00.000Z,-43.337478970000,-21.760922950000,"Rua Djalma de Carvalho, 37"
412,PARQUE BURNIER.,10071108,20:45:00,1,15,0,15,2025-01-17T00:00:00.000Z,-43.349331860000,-21.758144610000,"Avenida Getúlio Vargas, 835"
412,PARQUE BURNIER.,10072358,21:40:00,18,0,0,6,2025-01-17T00:00:00.000Z,-43.328687310000,-21.761675740000,"Rua Natalino José de Paula, 112 - Ponto Final do Parque Burnier"
412,PARQUE BURNIER.,10072356,21:40:00,17,0,0,6,2025-01-17T00:00:00.000Z,-43.327793950000,-21.762107030000,"Rua Natalino José de Paula, 271"
412,PARQUE BURNIER.,10072375,21:40:00,16,1,1,6,2025-01-17T00:00:00.000Z,-43.327420830000,-21.762727850000,"Rua Natalino José de Paula, 319"
412,PARQUE BURNIER.,10071503,21:40:00,15,0,0,6,2025-01-17T00:00:00.000Z,-43.326207040000,-21.762717810000,"Rua Natalino José de Paula, 421"
412,PARQUE BURNIER.,10072359,21:40:00,14,0,2,6,2025-01-17T00:00:00.000Z,-43.326282500000,-21.763143540000,"Rua Adelaide Campos de Resende, 651"
412,PARQUE BURNIER.,10072328,21:40:00,13,0,2,8,2025-01-17T00:00:00.000Z,-43.326450350000,-21.763683320000,"Rua Adelaide Campos de Resende, 669"
412,PARQUE BURNIER.,10072377,21:40:00,12,0,0,10,2025-01-17T00:00:00.000Z,-43.327321890000,-21.764062650000,"Rua José Teodoro dos Santos, 25"
412,PARQUE BURNIER.,10072316,21:40:00,11,0,1,10,2025-01-17T00:00:00.000Z,-43.328204750000,-21.763332370000,"Rua José Teodoro dos Santos, 145"
412,PARQUE BURNIER.,10072313,21:40:00,10,0,3,11,2025-01-17T00:00:00.000Z,-43.328846690000,-21.762504770000,"Rua José Teodoro dos Santos, 275"
412,PARQUE BURNIER.,10072296,21:40:00,9,0,1,14,2025-01-17T00:00:00.000Z,-43.329374790000,-21.763440430000,"Rua Adelaide Campos de Resende, 975"
412,PARQUE BURNIER.,10072301,21:40:00,8,0,0,15,2025-01-17T00:00:00.000Z,-43.330138330000,-21.763252970000,"Rua Adelaide Campos de Resende, 1061"
412,PARQUE BURNIER.,10073561,21:40:00,7,0,0,15,2025-01-17T00:00:00.000Z,-43.331552510000,-21.763418910000,"Rua Olga Burnier, 480"
412,PARQUE BURNIER.,10073557,21:40:00,6,0,0,15,2025-01-17T00:00:00.000Z,-43.332479840000,-21.762640710000,"Rua Olga Burnier, 356"
412,PARQUE BURNIER.,10073560,21:40:00,5,1,0,15,2025-01-17T00:00:00.000Z,-43.333589670000,-21.761652280000,"Rua Olga Burnier, 230"
412,PARQUE BURNIER.,10073558,21:40:00,4,0,0,14,2025-01-17T00:00:00.000Z,-43.334645750000,-21.760669710000,"Rua Olga Burnier, 70"
412,PARQUE BURNIER.,10073552,21:40:00,3,0,1,14,2025-01-17T00:00:00.000Z,-43.335479020000,-21.760313550000,"Rua São Geraldo, 84"
412,PARQUE BURNIER.,10072305,21:40:00,2,1,0,15,2025-01-17T00:00:00.000Z,-43.337478970000,-21.760922950000,"Rua Djalma de Carvalho, 37"
412,PARQUE BURNIER.,10071108,21:40:00,1,14,0,14,2025-01-17T00:00:00.000Z,-43.349331860000,-21.758144610000,"Avenida Getúlio Vargas, 835"
412,PARQUE BURNIER.,10072358,22:30:00,18,0,0,2,2025-01-17T00:00:00.000Z,-43.328687310000,-21.761675740000,"Rua Natalino José de Paula, 112 - Ponto Final do Parque Burnier"
412,PARQUE BURNIER.,10072356,22:30:00,17,0,1,2,2025-01-17T00:00:00.000Z,-43.327793950000,-21.762107030000,"Rua Natalino José de Paula, 271"
412,PARQUE BURNIER.,10072375,22:30:00,16,0,4,3,2025-01-17T00:00:00.000Z,-43.327420830000,-21.762727850000,"Rua Natalino José de Paula, 319"
412,PARQUE BURNIER.,10071503,22:30:00,15,0,0,7,2025-01-17T00:00:00.000Z,-43.326207040000,-21.762717810000,"Rua Natalino José de Paula, 421"
412,PARQUE BURNIER.,10072359,22:30:00,14,0,1,7,2025-01-17T00:00:00.000Z,-43.326282500000,-21.763143540000,"Rua Adelaide Campos de Resende, 651"
412,PARQUE BURNIER.,10072328,22:30:00,13,0,0,8,2025-01-17T00:00:00.000Z,-43.326450350000,-21.763683320000,"Rua Adelaide Campos de Resende, 669"
412,PARQUE BURNIER.,10072377,22:30:00,12,0,0,8,2025-01-17T00:00:00.000Z,-43.327321890000,-21.764062650000,"Rua José Teodoro dos Santos, 25"
412,PARQUE BURNIER.,10072316,22:30:00,11,0,2,8,2025-01-17T00:00:00.000Z,-43.328204750000,-21.763332370000,"Rua José Teodoro dos Santos, 145"
412,PARQUE BURNIER.,10072313,22:30:00,10,0,1,10,2025-01-17T00:00:00.000Z,-43.328846690000,-21.762504770000,"Rua José Teodoro dos Santos, 275"
412,PARQUE BURNIER.,10072296,22:30:00,9,2,2,11,2025-01-17T00:00:00.000Z,-43.329374790000,-21.763440430000,"Rua Adelaide Campos de Resende, 975"
412,PARQUE BURNIER.,10072301,22:30:00,8,0,1,11,2025-01-17T00:00:00.000Z,-43.330138330000,-21.763252970000,"Rua Adelaide Campos de Resende, 1061"
412,PARQUE BURNIER.,10073561,22:30:00,7,0,0,12,2025-01-17T00:00:00.000Z,-43.331552510000,-21.763418910000,"Rua Olga Burnier, 480"
412,PARQUE BURNIER.,10073557,22:30:00,6,0,0,12,2025-01-17T00:00:00.000Z,-43.332479840000,-21.762640710000,"Rua Olga Burnier, 356"
412,PARQUE BURNIER.,10073560,22:30:00,5,0,0,12,2025-01-17T00:00:00.000Z,-43.333589670000,-21.761652280000,"Rua Olga Burnier, 230"
412,PARQUE BURNIER.,10073558,22:30:00,4,1,0,12,2025-01-17T00:00:00.000Z,-43.334645750000,-21.760669710000,"Rua Olga Burnier, 70"
412,PARQUE BURNIER.,10073552,22:30:00,3,1,1,11,2025-01-17T00:00:00.000Z,-43.335479020000,-21.760313550000,"Rua São Geraldo, 84"
412,PARQUE BURNIER.,10072305,22:30:00,2,1,0,11,2025-01-17T00:00:00.000Z,-43.337478970000,-21.760922950000,"Rua Djalma de Carvalho, 37"
412,PARQUE BURNIER.,10071108,22:30:00,1,10,0,10,2025-01-17T00:00:00.000Z,-43.349331860000,-21.758144610000,"Avenida Getúlio Vargas, 835"
412,PARQUE BURNIER.,10071108,05:30:00,17,0,5,1,2025-01-18T00:00:00.000Z,-43.349331860000,-21.758144610000,"Avenida Getúlio Vargas, 835"
412,PARQUE BURNIER.,10074194,05:30:00,16,0,1,6,2025-01-18T00:00:00.000Z,-43.342338620000,-21.760505960000,"Rua Ângelo Falci, 55"
412,PARQUE BURNIER.,10072302,05:30:00,15,0,0,7,2025-01-18T00:00:00.000Z,-43.338029500000,-21.760323850000,"Avenida Sete de Setembro, 623"
412,PARQUE BURNIER.,10072332,05:30:00,14,0,0,7,2025-01-18T00:00:00.000Z,-43.335533860000,-21.760131640000,"Rua São Geraldo, 89"
412,PARQUE BURNIER.,10072337,05:30:00,13,0,0,7,2025-01-18T00:00:00.000Z,-43.334540130000,-21.760522960000,"Rua Olga Burnier, 67"
412,PARQUE BURNIER.,10072335,05:30:00,12,0,0,7,2025-01-18T00:00:00.000Z,-43.333453420000,-21.761562350000,"Rua Olga Burnier, 233"
412,PARQUE BURNIER.,10072382,05:30:00,11,0,0,7,2025-01-18T00:00:00.000Z,-43.332369450000,-21.762522520000,"Rua Olga Burnier, 361"
412,PARQUE BURNIER.,10072380,05:30:00,10,0,0,7,2025-01-18T00:00:00.000Z,-43.331466790000,-21.763337580000,"Rua Olga Burnier, 485"
412,PARQUE BURNIER.,10073583,05:30:00,9,0,0,7,2025-01-18T00:00:00.000Z,-43.330207820000,-21.763072230000,"Rua Adelaide Campos de Resende, 1070"
412,PARQUE BURNIER.,10073584,05:30:00,8,1,2,7,2025-01-18T00:00:00.000Z,-43.329363350000,-21.763255450000,"Rua Adelaide Campos de Resende, 984"
412,PARQUE BURNIER.,10072386,05:30:00,7,0,0,8,2025-01-18T00:00:00.000Z,-43.328850270000,-21.762325320000,"Rua José Teodoro dos Santos, 292"
412,PARQUE BURNIER.,10072384,05:30:00,6,1,0,8,2025-01-18T00:00:00.000Z,-43.327999480000,-21.763301540000,"Rua José Teodoro dos Santos, 126"
412,PARQUE BURNIER.,10072309,05:30:00,5,0,0,7,2025-01-18T00:00:00.000Z,-43.327273730000,-21.763967940000,"Rua José Teodoro dos Santos, 28"
412,PARQUE BURNIER.,10073589,05:30:00,4,3,0,7,2025-01-18T00:00:00.000Z,-43.326568960000,-21.763629600000,"Rua Adelaide Campos de Resende, 706"
412,PARQUE BURNIER.,10072362,05:30:00,3,2,0,4,2025-01-18T00:00:00.000Z,-43.327527760000,-21.762798310000,"Rua Natalino José de Paula, 310"
412,PARQUE BURNIER.,10072363,05:30:00,2,2,0,2,2025-01-18T00:00:00.000Z,-43.327885630000,-21.762179390000,"Rua Natalino José de Paula, 288"
412,PARQUE BURNIER.,10072358,05:30:00,1,0,0,0,2025-01-18T00:00:00.000Z,-43.328687310000,-21.761675740000,"Rua Natalino José de Paula, 112 - Ponto Final do Parque Burnier"
412,PARQUE BURNIER.,10072358,05:51:00,18,6,0,6,2025-01-18T00:00:00.000Z,-43.328687310000,-21.761675740000,"Rua Natalino José de Paula, 112 - Ponto Final do Parque Burnier"
412,PARQUE BURNIER.,10072356,05:51:00,17,0,0,0,2025-01-18T00:00:00.000Z,-43.327793950000,-21.762107030000,"Rua Natalino José de Paula, 271"
412,PARQUE BURNIER.,10072375,05:51:00,16,0,0,0,2025-01-18T00:00:00.000Z,-43.327420830000,-21.762727850000,"Rua Natalino José de Paula, 319"
412,PARQUE BURNIER.,10071503,05:51:00,15,0,0,0,2025-01-18T00:00:00.000Z,-43.326207040000,-21.762717810000,"Rua Natalino José de Paula, 421"
412,PARQUE BURNIER.,10072359,05:51:00,14,0,0,0,2025-01-18T00:00:00.000Z,-43.326282500000,-21.763143540000,"Rua Adelaide Campos de Resende, 651"
412,PARQUE BURNIER.,10072328,05:51:00,13,0,0,0,2025-01-18T00:00:00.000Z,-43.326450350000,-21.763683320000,"Rua Adelaide Campos de Resende, 669"
412,PARQUE BURNIER.,10072377,05:51:00,12,0,0,0,2025-01-18T00:00:00.000Z,-43.327321890000,-21.764062650000,"Rua José Teodoro dos Santos, 25"
412,PARQUE BURNIER.,10072316,05:51:00,11,0,0,0,2025-01-18T00:00:00.000Z,-43.328204750000,-21.763332370000,"Rua José Teodoro dos Santos, 145"
412,PARQUE BURNIER.,10072313,05:51:00,10,0,3,0,2025-01-18T00:00:00.000Z,-43.328846690000,-21.762504770000,"Rua José Teodoro dos Santos, 275"
412,PARQUE BURNIER.,10072296,05:51:00,9,0,0,3,2025-01-18T00:00:00.000Z,-43.329374790000,-21.763440430000,"Rua Adelaide Campos de Resende, 975"
412,PARQUE BURNIER.,10072301,05:51:00,8,0,0,3,2025-01-18T00:00:00.000Z,-43.330138330000,-21.763252970000,"Rua Adelaide Campos de Resende, 1061"
412,PARQUE BURNIER.,10073561,05:51:00,7,0,0,3,2025-01-18T00:00:00.000Z,-43.331552510000,-21.763418910000,"Rua Olga Burnier, 480"
412,PARQUE BURNIER.,10073557,05:51:00,6,0,0,3,2025-01-18T00:00:00.000Z,-43.332479840000,-21.762640710000,"Rua Olga Burnier, 356"
412,PARQUE BURNIER.,10073560,05:51:00,5,0,0,3,2025-01-18T00:00:00.000Z,-43.333589670000,-21.761652280000,"Rua Olga Burnier, 230"
412,PARQUE BURNIER.,10073558,05:51:00,4,0,0,3,2025-01-18T00:00:00.000Z,-43.334645750000,-21.760669710000,"Rua Olga Burnier, 70"
412,PARQUE BURNIER.,10073552,05:51:00,3,0,0,3,2025-01-18T00:00:00.000Z,-43.335479020000,-21.760313550000,"Rua São Geraldo, 84"
412,PARQUE BURNIER.,10072305,05:51:00,2,0,3,3,2025-01-18T00:00:00.000Z,-43.337478970000,-21.760922950000,"Rua Djalma de Carvalho, 37"
412,PARQUE BURNIER.,10071108,05:51:00,1,6,0,6,2025-01-18T00:00:00.000Z,-43.349331860000,-21.758144610000,"Avenida Getúlio Vargas, 835"
412,PARQUE BURNIER.,10071108,06:17:00,17,0,9,0,2025-01-18T00:00:00.000Z,-43.349331860000,-21.758144610000,"Avenida Getúlio Vargas, 835"
412,PARQUE BURNIER.,10074194,06:17:00,16,0,5,9,2025-01-18T00:00:00.000Z,-43.342338620000,-21.760505960000,"Rua Ângelo Falci, 55"
412,PARQUE BURNIER.,10072302,06:17:00,15,0,2,14,2025-01-18T00:00:00.000Z,-43.338029500000,-21.760323850000,"Avenida Sete de Setembro, 623"
412,PARQUE BURNIER.,10072332,06:17:00,14,0,0,16,2025-01-18T00:00:00.000Z,-43.335533860000,-21.760131640000,"Rua São Geraldo, 89"
412,PARQUE BURNIER.,10072337,06:17:00,13,1,0,16,2025-01-18T00:00:00.000Z,-43.334540130000,-21.760522960000,"Rua Olga Burnier, 67"
412,PARQUE BURNIER.,10072335,06:17:00,12,0,0,15,2025-01-18T00:00:00.000Z,-43.333453420000,-21.761562350000,"Rua Olga Burnier, 233"
412,PARQUE BURNIER.,10072382,06:17:00,11,1,0,15,2025-01-18T00:00:00.000Z,-43.332369450000,-21.762522520000,"Rua Olga Burnier, 361"
412,PARQUE BURNIER.,10072380,06:17:00,10,1,0,14,2025-01-18T00:00:00.000Z,-43.331466790000,-21.763337580000,"Rua Olga Burnier, 485"
412,PARQUE BURNIER.,10073583,06:17:00,9,0,0,13,2025-01-18T00:00:00.000Z,-43.330207820000,-21.763072230000,"Rua Adelaide Campos de Resende, 1070"
412,PARQUE BURNIER.,10073584,06:17:00,8,4,0,13,2025-01-18T00:00:00.000Z,-43.329363350000,-21.763255450000,"Rua Adelaide Campos de Resende, 984"
412,PARQUE BURNIER.,10072386,06:17:00,7,2,0,9,2025-01-18T00:00:00.000Z,-43.328850270000,-21.762325320000,"Rua José Teodoro dos Santos, 292"
412,PARQUE BURNIER.,10072384,06:17:00,6,0,0,7,2025-01-18T00:00:00.000Z,-43.327999480000,-21.763301540000,"Rua José Teodoro dos Santos, 126"
412,PARQUE BURNIER.,10072309,06:17:00,5,0,1,7,2025-01-18T00:00:00.000Z,-43.327273730000,-21.763967940000,"Rua José Teodoro dos Santos, 28"
412,PARQUE BURNIER.,10073589,06:17:00,4,6,0,8,2025-01-18T00:00:00.000Z,-43.326568960000,-21.763629600000,"Rua Adelaide Campos de Resende, 706"
412,PARQUE BURNIER.,10072362,06:17:00,3,1,0,2,2025-01-18T00:00:00.000Z,-43.327527760000,-21.762798310000,"Rua Natalino José de Paula, 310"
412,PARQUE BURNIER.,10072363,06:17:00,2,1,0,1,2025-01-18T00:00:00.000Z,-43.327885630000,-21.762179390000,"Rua Natalino José de Paula, 288"
412,PARQUE BURNIER.,10072358,06:17:00,1,0,0,0,2025-01-18T00:00:00.000Z,-43.328687310000,-21.761675740000,"Rua Natalino José de Paula, 112 - Ponto Final do Parque Burnier"
412,PARQUE BURNIER.,10072358,06:38:00,18,4,0,4,2025-01-18T00:00:00.000Z,-43.328687310000,-21.761675740000,"Rua Natalino José de Paula, 112 - Ponto Final do Parque Burnier"
412,PARQUE BURNIER.,10072356,06:38:00,17,0,0,0,2025-01-18T00:00:00.000Z,-43.327793950000,-21.762107030000,"Rua Natalino José de Paula, 271"
412,PARQUE BURNIER.,10072375,06:38:00,16,0,0,0,2025-01-18T00:00:00.000Z,-43.327420830000,-21.762727850000,"Rua Natalino José de Paula, 319"
412,PARQUE BURNIER.,10071503,06:38:00,15,0,0,0,2025-01-18T00:00:00.000Z,-43.326207040000,-21.762717810000,"Rua Natalino José de Paula, 421"
412,PARQUE BURNIER.,10072359,06:38:00,14,0,0,0,2025-01-18T00:00:00.000Z,-43.326282500000,-21.763143540000,"Rua Adelaide Campos de Resende, 651"
412,PARQUE BURNIER.,10072328,06:38:00,13,0,2,0,2025-01-18T00:00:00.000Z,-43.326450350000,-21.763683320000,"Rua Adelaide Campos de Resende, 669"
412,PARQUE BURNIER.,10072377,06:38:00,12,0,0,2,2025-01-18T00:00:00.000Z,-43.327321890000,-21.764062650000,"Rua José Teodoro dos Santos, 25"
412,PARQUE BURNIER.,10072316,06:38:00,11,0,0,2,2025-01-18T00:00:00.000Z,-43.328204750000,-21.763332370000,"Rua José Teodoro dos Santos, 145"
412,PARQUE BURNIER.,10072313,06:38:00,10,0,1,2,2025-01-18T00:00:00.000Z,-43.328846690000,-21.762504770000,"Rua José Teodoro dos Santos, 275"
412,PARQUE BURNIER.,10072296,06:38:00,9,0,1,3,2025-01-18T00:00:00.000Z,-43.329374790000,-21.763440430000,"Rua Adelaide Campos de Resende, 975"
412,PARQUE BURNIER.,10072301,06:38:00,8,0,0,4,2025-01-18T00:00:00.000Z,-43.330138330000,-21.763252970000,"Rua Adelaide Campos de Resende, 1061"
412,PARQUE BURNIER.,10073561,06:38:00,7,0,0,4,2025-01-18T00:00:00.000Z,-43.331552510000,-21.763418910000,"Rua Olga Burnier, 480"
412,PARQUE BURNIER.,10073557,06:38:00,6,0,0,4,2025-01-18T00:00:00.000Z,-43.332479840000,-21.762640710000,"Rua Olga Burnier, 356"
412,PARQUE BURNIER.,10073560,06:38:00,5,0,0,4,2025-01-18T00:00:00.000Z,-43.333589670000,-21.761652280000,"Rua Olga Burnier, 230"
412,PARQUE BURNIER.,10073558,06:38:00,4,0,0,4,2025-01-18T00:00:00.000Z,-43.334645750000,-21.760669710000,"Rua Olga Burnier, 70"
412,PARQUE BURNIER.,10073552,06:38:00,3,0,0,4,2025-01-18T00:00:00.000Z,-43.335479020000,-21.760313550000,"Rua São Geraldo, 84"
412,PARQUE BURNIER.,10072305,06:38:00,2,0,0,4,2025-01-18T00:00:00.000Z,-43.337478970000,-21.760922950000,"Rua Djalma de Carvalho, 37"
412,PARQUE BURNIER.,10071108,06:38:00,1,4,0,4,2025-01-18T00:00:00.000Z,-43.349331860000,-21.758144610000,"Avenida Getúlio Vargas, 835"
412,PARQUE BURNIER.,10071108,07:04:00,17,0,6,4,2025-01-18T00:00:00.000Z,-43.349331860000,-21.758144610000,"Avenida Getúlio Vargas, 835"
412,PARQUE BURNIER.,10074194,07:04:00,16,1,2,10,2025-01-18T00:00:00.000Z,-43.342338620000,-21.760505960000,"Rua Ângelo Falci, 55"
412,PARQUE BURNIER.,10072302,07:04:00,15,2,1,11,2025-01-18T00:00:00.000Z,-43.338029500000,-21.760323850000,"Avenida Sete de Setembro, 623"
412,PARQUE BURNIER.,10072332,07:04:00,14,0,0,10,2025-01-18T00:00:00.000Z,-43.335533860000,-21.760131640000,"Rua São Geraldo, 89"
412,PARQUE BURNIER.,10072337,07:04:00,13,0,0,10,2025-01-18T00:00:00.000Z,-43.334540130000,-21.760522960000,"Rua Olga Burnier, 67"
412,PARQUE BURNIER.,10072335,07:04:00,12,0,0,10,2025-01-18T00:00:00.000Z,-43.333453420000,-21.761562350000,"Rua Olga Burnier, 233"
412,PARQUE BURNIER.,10072382,07:04:00,11,0,0,10,2025-01-18T00:00:00.000Z,-43.332369450000,-21.762522520000,"Rua Olga Burnier, 361"
412,PARQUE BURNIER.,10072380,07:04:00,10,0,0,10,2025-01-18T00:00:00.000Z,-43.331466790000,-21.763337580000,"Rua Olga Burnier, 485"
412,PARQUE BURNIER.,10073583,07:04:00,9,0,0,10,2025-01-18T00:00:00.000Z,-43.330207820000,-21.763072230000,"Rua Adelaide Campos de Resende, 1070"
412,PARQUE BURNIER.,10073584,07:04:00,8,2,0,10,2025-01-18T00:00:00.000Z,-43.329363350000,-21.763255450000,"Rua Adelaide Campos de Resende, 984"
412,PARQUE BURNIER.,10072386,07:04:00,7,0,1,8,2025-01-18T00:00:00.000Z,-43.328850270000,-21.762325320000,"Rua José Teodoro dos Santos, 292"
412,PARQUE BURNIER.,10072384,07:04:00,6,0,0,9,2025-01-18T00:00:00.000Z,-43.327999480000,-21.763301540000,"Rua José Teodoro dos Santos, 126"
412,PARQUE BURNIER.,10072309,07:04:00,5,1,0,9,2025-01-18T00:00:00.000Z,-43.327273730000,-21.763967940000,"Rua José Teodoro dos Santos, 28"
412,PARQUE BURNIER.,10073589,07:04:00,4,0,0,8,2025-01-18T00:00:00.000Z,-43.326568960000,-21.763629600000,"Rua Adelaide Campos de Resende, 706"
412,PARQUE BURNIER.,10072362,07:04:00,3,6,0,8,2025-01-18T00:00:00.000Z,-43.327527760000,-21.762798310000,"Rua Natalino José de Paula, 310"
412,PARQUE BURNIER.,10072363,07:04:00,2,2,0,2,2025-01-18T00:00:00.000Z,-43.327885630000,-21.762179390000,"Rua Natalino José de Paula, 288"
412,PARQUE BURNIER.,10072358,07:04:00,1,0,0,0,2025-01-18T00:00:00.000Z,-43.328687310000,-21.761675740000,"Rua Natalino José de Paula, 112 - Ponto Final do Parque Burnier"
412,PARQUE BURNIER.,10072358,07:25:00,18,5,0,5,2025-01-18T00:00:00.000Z,-43.328687310000,-21.761675740000,"Rua Natalino José de Paula, 112 - Ponto Final do Parque Burnier"
412,PARQUE BURNIER.,10072356,07:25:00,17,0,0,0,2025-01-18T00:00:00.000Z,-43.327793950000,-21.762107030000,"Rua Natalino José de Paula, 271"
412,PARQUE BURNIER.,10072375,07:25:00,16,0,0,0,2025-01-18T00:00:00.000Z,-43.327420830000,-21.762727850000,"Rua Natalino José de Paula, 319"
412,PARQUE BURNIER.,10071503,07:25:00,15,0,0,0,2025-01-18T00:00:00.000Z,-43.326207040000,-21.762717810000,"Rua Natalino José de Paula, 421"
412,PARQUE BURNIER.,10072359,07:25:00,14,0,1,0,2025-01-18T00:00:00.000Z,-43.326282500000,-21.763143540000,"Rua Adelaide Campos de Resende, 651"
412,PARQUE BURNIER.,10072328,07:25:00,13,0,2,1,2025-01-18T00:00:00.000Z,-43.326450350000,-21.763683320000,"Rua Adelaide Campos de Resende, 669"
412,PARQUE BURNIER.,10072377,07:25:00,12,0,0,3,2025-01-18T00:00:00.000Z,-43.327321890000,-21.764062650000,"Rua José Teodoro dos Santos, 25"
412,PARQUE BURNIER.,10072316,07:25:00,11,0,0,3,2025-01-18T00:00:00.000Z,-43.328204750000,-21.763332370000,"Rua José Teodoro dos Santos, 145"
412,PARQUE BURNIER.,10072313,07:25:00,10,0,1,3,2025-01-18T00:00:00.000Z,-43.328846690000,-21.762504770000,"Rua José Teodoro dos Santos, 275"
412,PARQUE BURNIER.,10072296,07:25:00,9,0,1,4,2025-01-18T00:00:00.000Z,-43.329374790000,-21.763440430000,"Rua Adelaide Campos de Resende, 975"
412,PARQUE BURNIER.,10072301,07:25:00,8,0,0,5,2025-01-18T00:00:00.000Z,-43.330138330000,-21.763252970000,"Rua Adelaide Campos de Resende, 1061"
412,PARQUE BURNIER.,10073561,07:25:00,7,0,0,5,2025-01-18T00:00:00.000Z,-43.331552510000,-21.763418910000,"Rua Olga Burnier, 480"
412,PARQUE BURNIER.,10073557,07:25:00,6,0,0,5,2025-01-18T00:00:00.000Z,-43.332479840000,-21.762640710000,"Rua Olga Burnier, 356"
412,PARQUE BURNIER.,10073560,07:25:00,5,0,1,5,2025-01-18T00:00:00.000Z,-43.333589670000,-21.761652280000,"Rua Olga Burnier, 230"
412,PARQUE BURNIER.,10073558,07:25:00,4,0,0,6,2025-01-18T00:00:00.000Z,-43.334645750000,-21.760669710000,"Rua Olga Burnier, 70"
412,PARQUE BURNIER.,10073552,07:25:00,3,0,0,6,2025-01-18T00:00:00.000Z,-43.335479020000,-21.760313550000,"Rua São Geraldo, 84"
412,PARQUE BURNIER.,10072305,07:25:00,2,1,0,6,2025-01-18T00:00:00.000Z,-43.337478970000,-21.760922950000,"Rua Djalma de Carvalho, 37"
412,PARQUE BURNIER.,10071108,07:25:00,1,5,0,5,2025-01-18T00:00:00.000Z,-43.349331860000,-21.758144610000,"Avenida Getúlio Vargas, 835"
412,PARQUE BURNIER.,10071108,07:51:00,17,0,0,13,2025-01-18T00:00:00.000Z,-43.349331860000,-21.758144610000,"Avenida Getúlio Vargas, 835"
412,PARQUE BURNIER.,10074194,07:51:00,16,0,1,13,2025-01-18T00:00:00.000Z,-43.342338620000,-21.760505960000,"Rua Ângelo Falci, 55"
412,PARQUE BURNIER.,10072302,07:51:00,15,1,0,14,2025-01-18T00:00:00.000Z,-43.338029500000,-21.760323850000,"Avenida Sete de Setembro, 623"
412,PARQUE BURNIER.,10072332,07:51:00,14,0,0,13,2025-01-18T00:00:00.000Z,-43.335533860000,-21.760131640000,"Rua São Geraldo, 89"
412,PARQUE BURNIER.,10072337,07:51:00,13,1,0,13,2025-01-18T00:00:00.000Z,-43.334540130000,-21.760522960000,"Rua Olga Burnier, 67"
412,PARQUE BURNIER.,10072335,07:51:00,12,0,0,12,2025-01-18T00:00:00.000Z,-43.333453420000,-21.761562350000,"Rua Olga Burnier, 233"
412,PARQUE BURNIER.,10072382,07:51:00,11,0,0,12,2025-01-18T00:00:00.000Z,-43.332369450000,-21.762522520000,"Rua Olga Burnier, 361"
412,PARQUE BURNIER.,10072380,07:51:00,10,0,0,12,2025-01-18T00:00:00.000Z,-43.331466790000,-21.763337580000,"Rua Olga Burnier, 485"
412,PARQUE BURNIER.,10073583,07:51:00,9,0,0,12,2025-01-18T00:00:00.000Z,-43.330207820000,-21.763072230000,"Rua Adelaide Campos de Resende, 1070"
412,PARQUE BURNIER.,10073584,07:51:00,8,0,0,12,2025-01-18T00:00:00.000Z,-43.329363350000,-21.763255450000,"Rua Adelaide Campos de Resende, 984"
412,PARQUE BURNIER.,10072386,07:51:00,7,0,1,12,2025-01-18T00:00:00.000Z,-43.328850270000,-21.762325320000,"Rua José Teodoro dos Santos, 292"
412,PARQUE BURNIER.,10072384,07:51:00,6,0,0,13,2025-01-18T00:00:00.000Z,-43.327999480000,-21.763301540000,"Rua José Teodoro dos Santos, 126"
412,PARQUE BURNIER.,10072309,07:51:00,5,3,0,13,2025-01-18T00:00:00.000Z,-43.327273730000,-21.763967940000,"Rua José Teodoro dos Santos, 28"
412,PARQUE BURNIER.,10073589,07:51:00,4,7,0,10,2025-01-18T00:00:00.000Z,-43.326568960000,-21.763629600000,"Rua Adelaide Campos de Resende, 706"
412,PARQUE BURNIER.,10072362,07:51:00,3,1,0,3,2025-01-18T00:00:00.000Z,-43.327527760000,-21.762798310000,"Rua Natalino José de Paula, 310"
412,PARQUE BURNIER.,10072363,07:51:00,2,2,0,2,2025-01-18T00:00:00.000Z,-43.327885630000,-21.762179390000,"Rua Natalino José de Paula, 288"
412,PARQUE BURNIER.,10072358,07:51:00,1,0,0,0,2025-01-18T00:00:00.000Z,-43.328687310000,-21.761675740000,"Rua Natalino José de Paula, 112 - Ponto Final do Parque Burnier"
412,PARQUE BURNIER.,10072358,08:12:00,18,5,0,5,2025-01-18T00:00:00.000Z,-43.328687310000,-21.761675740000,"Rua Natalino José de Paula, 112 - Ponto Final do Parque Burnier"
412,PARQUE BURNIER.,10072356,08:12:00,17,0,0,0,2025-01-18T00:00:00.000Z,-43.327793950000,-21.762107030000,"Rua Natalino José de Paula, 271"
412,PARQUE BURNIER.,10072375,08:12:00,16,0,0,0,2025-01-18T00:00:00.000Z,-43.327420830000,-21.762727850000,"Rua Natalino José de Paula, 319"
412,PARQUE BURNIER.,10071503,08:12:00,15,0,0,0,2025-01-18T00:00:00.000Z,-43.326207040000,-21.762717810000,"Rua Natalino José de Paula, 421"
412,PARQUE BURNIER.,10072359,08:12:00,14,0,0,0,2025-01-18T00:00:00.000Z,-43.326282500000,-21.763143540000,"Rua Adelaide Campos de Resende, 651"
412,PARQUE BURNIER.,10072328,08:12:00,13,0,1,0,2025-01-18T00:00:00.000Z,-43.326450350000,-21.763683320000,"Rua Adelaide Campos de Resende, 669"
412,PARQUE BURNIER.,10072377,08:12:00,12,0,0,1,2025-01-18T00:00:00.000Z,-43.327321890000,-21.764062650000,"Rua José Teodoro dos Santos, 25"
412,PARQUE BURNIER.,10072316,08:12:00,11,0,1,1,2025-01-18T00:00:00.000Z,-43.328204750000,-21.763332370000,"Rua José Teodoro dos Santos, 145"
412,PARQUE BURNIER.,10072313,08:12:00,10,0,0,2,2025-01-18T00:00:00.000Z,-43.328846690000,-21.762504770000,"Rua José Teodoro dos Santos, 275"
412,PARQUE BURNIER.,10072296,08:12:00,9,2,1,2,2025-01-18T00:00:00.000Z,-43.329374790000,-21.763440430000,"Rua Adelaide Campos de Resende, 975"
412,PARQUE BURNIER.,10072301,08:12:00,8,0,0,1,2025-01-18T00:00:00.000Z,-43.330138330000,-21.763252970000,"Rua Adelaide Campos de Resende, 1061"
412,PARQUE BURNIER.,10073561,08:12:00,7,0,0,1,2025-01-18T00:00:00.000Z,-43.331552510000,-21.763418910000,"Rua Olga Burnier, 480"
412,PARQUE BURNIER.,10073557,08:12:00,6,0,0,1,2025-01-18T00:00:00.000Z,-43.332479840000,-21.762640710000,"Rua Olga Burnier, 356"
412,PARQUE BURNIER.,10073560,08:12:00,5,0,0,1,2025-01-18T00:00:00.000Z,-43.333589670000,-21.761652280000,"Rua Olga Burnier, 230"
412,PARQUE BURNIER.,10073558,08:12:00,4,0,0,1,2025-01-18T00:00:00.000Z,-43.334645750000,-21.760669710000,"Rua Olga Burnier, 70"
412,PARQUE BURNIER.,10073552,08:12:00,3,0,0,1,2025-01-18T00:00:00.000Z,-43.335479020000,-21.760313550000,"Rua São Geraldo, 84"
412,PARQUE BURNIER.,10072305,08:12:00,2,0,0,1,2025-01-18T00:00:00.000Z,-43.337478970000,-21.760922950000,"Rua Djalma de Carvalho, 37"
412,PARQUE BURNIER.,10071108,08:12:00,1,1,0,1,2025-01-18T00:00:00.000Z,-43.349331860000,-21.758144610000,"Avenida Getúlio Vargas, 835"
412,PARQUE BURNIER.,10072358,08:59:00,18,1,0,3,2025-01-18T00:00:00.000Z,-43.328687310000,-21.761675740000,"Rua Natalino José de Paula, 112 - Ponto Final do Parque Burnier"
412,PARQUE BURNIER.,10072356,08:59:00,17,2,0,2,2025-01-18T00:00:00.000Z,-43.327793950000,-21.762107030000,"Rua Natalino José de Paula, 271"
412,PARQUE BURNIER.,10072375,08:59:00,16,0,0,0,2025-01-18T00:00:00.000Z,-43.327420830000,-21.762727850000,"Rua Natalino José de Paula, 319"
412,PARQUE BURNIER.,10071503,08:59:00,15,0,0,0,2025-01-18T00:00:00.000Z,-43.326207040000,-21.762717810000,"Rua Natalino José de Paula, 421"
412,PARQUE BURNIER.,10072359,08:59:00,14,0,0,0,2025-01-18T00:00:00.000Z,-43.326282500000,-21.763143540000,"Rua Adelaide Campos de Resende, 651"
412,PARQUE BURNIER.,10072328,08:59:00,13,0,4,0,2025-01-18T00:00:00.000Z,-43.326450350000,-21.763683320000,"Rua Adelaide Campos de Resende, 669"
412,PARQUE BURNIER.,10072377,08:59:00,12,0,3,4,2025-01-18T00:00:00.000Z,-43.327321890000,-21.764062650000,"Rua José Teodoro dos Santos, 25"
412,PARQUE BURNIER.,10072316,08:59:00,11,0,0,7,2025-01-18T00:00:00.000Z,-43.328204750000,-21.763332370000,"Rua José Teodoro dos Santos, 145"
412,PARQUE BURNIER.,10072313,08:59:00,10,0,0,7,2025-01-18T00:00:00.000Z,-43.328846690000,-21.762504770000,"Rua José Teodoro dos Santos, 275"
412,PARQUE BURNIER.,10072296,08:59:00,9,0,1,7,2025-01-18T00:00:00.000Z,-43.329374790000,-21.763440430000,"Rua Adelaide Campos de Resende, 975"
412,PARQUE BURNIER.,10072301,08:59:00,8,0,0,8,2025-01-18T00:00:00.000Z,-43.330138330000,-21.763252970000,"Rua Adelaide Campos de Resende, 1061"
412,PARQUE BURNIER.,10073561,08:59:00,7,0,0,8,2025-01-18T00:00:00.000Z,-43.331552510000,-21.763418910000,"Rua Olga Burnier, 480"
412,PARQUE BURNIER.,10073557,08:59:00,6,0,0,8,2025-01-18T00:00:00.000Z,-43.332479840000,-21.762640710000,"Rua Olga Burnier, 356"
412,PARQUE BURNIER.,10073560,08:59:00,5,0,0,8,2025-01-18T00:00:00.000Z,-43.333589670000,-21.761652280000,"Rua Olga Burnier, 230"
412,PARQUE BURNIER.,10073558,08:59:00,4,0,1,8,2025-01-18T00:00:00.000Z,-43.334645750000,-21.760669710000,"Rua Olga Burnier, 70"
412,PARQUE BURNIER.,10073552,08:59:00,3,1,0,9,2025-01-18T00:00:00.000Z,-43.335479020000,-21.760313550000,"Rua São Geraldo, 84"
412,PARQUE BURNIER.,10072305,08:59:00,2,1,1,8,2025-01-18T00:00:00.000Z,-43.337478970000,-21.760922950000,"Rua Djalma de Carvalho, 37"
412,PARQUE BURNIER.,10071108,08:59:00,1,8,0,8,2025-01-18T00:00:00.000Z,-43.349331860000,-21.758144610000,"Avenida Getúlio Vargas, 835"
412,PARQUE BURNIER.,10072358,09:45:00,18,1,0,1,2025-01-18T00:00:00.000Z,-43.328687310000,-21.761675740000,"Rua Natalino José de Paula, 112 - Ponto Final do Parque Burnier"
412,PARQUE BURNIER.,10072356,09:45:00,17,0,0,0,2025-01-18T00:00:00.000Z,-43.327793950000,-21.762107030000,"Rua Natalino José de Paula, 271"
412,PARQUE BURNIER.,10072375,09:45:00,16,0,0,0,2025-01-18T00:00:00.000Z,-43.327420830000,-21.762727850000,"Rua Natalino José de Paula, 319"
412,PARQUE BURNIER.,10071503,09:45:00,15,0,0,0,2025-01-18T00:00:00.000Z,-43.326207040000,-21.762717810000,"Rua Natalino José de Paula, 421"
412,PARQUE BURNIER.,10072359,09:45:00,14,0,1,0,2025-01-18T00:00:00.000Z,-43.326282500000,-21.763143540000,"Rua Adelaide Campos de Resende, 651"
412,PARQUE BURNIER.,10072328,09:45:00,13,0,3,1,2025-01-18T00:00:00.000Z,-43.326450350000,-21.763683320000,"Rua Adelaide Campos de Resende, 669"
412,PARQUE BURNIER.,10072377,09:45:00,12,0,0,4,2025-01-18T00:00:00.000Z,-43.327321890000,-21.764062650000,"Rua José Teodoro dos Santos, 25"
412,PARQUE BURNIER.,10072316,09:45:00,11,0,0,4,2025-01-18T00:00:00.000Z,-43.328204750000,-21.763332370000,"Rua José Teodoro dos Santos, 145"
412,PARQUE BURNIER.,10072313,09:45:00,10,0,1,4,2025-01-18T00:00:00.000Z,-43.328846690000,-21.762504770000,"Rua José Teodoro dos Santos, 275"
412,PARQUE BURNIER.,10072296,09:45:00,9,0,1,5,2025-01-18T00:00:00.000Z,-43.329374790000,-21.763440430000,"Rua Adelaide Campos de Resende, 975"
412,PARQUE BURNIER.,10072301,09:45:00,8,0,0,6,2025-01-18T00:00:00.000Z,-43.330138330000,-21.763252970000,"Rua Adelaide Campos de Resende, 1061"
412,PARQUE BURNIER.,10073561,09:45:00,7,0,0,6,2025-01-18T00:00:00.000Z,-43.331552510000,-21.763418910000,"Rua Olga Burnier, 480"
412,PARQUE BURNIER.,10073557,09:45:00,6,0,0,6,2025-01-18T00:00:00.000Z,-43.332479840000,-21.762640710000,"Rua Olga Burnier, 356"
412,PARQUE BURNIER.,10073560,09:45:00,5,0,0,6,2025-01-18T00:00:00.000Z,-43.333589670000,-21.761652280000,"Rua Olga Burnier, 230"
412,PARQUE BURNIER.,10073558,09:45:00,4,0,0,6,2025-01-18T00:00:00.000Z,-43.334645750000,-21.760669710000,"Rua Olga Burnier, 70"
412,PARQUE BURNIER.,10073552,09:45:00,3,0,2,6,2025-01-18T00:00:00.000Z,-43.335479020000,-21.760313550000,"Rua São Geraldo, 84"
412,PARQUE BURNIER.,10072305,09:45:00,2,2,0,8,2025-01-18T00:00:00.000Z,-43.337478970000,-21.760922950000,"Rua Djalma de Carvalho, 37"
412,PARQUE BURNIER.,10071108,09:45:00,1,6,0,6,2025-01-18T00:00:00.000Z,-43.349331860000,-21.758144610000,"Avenida Getúlio Vargas, 835"
412,PARQUE BURNIER.,10072358,10:40:00,18,4,0,6,2025-01-18T00:00:00.000Z,-43.328687310000,-21.761675740000,"Rua Natalino José de Paula, 112 - Ponto Final do Parque Burnier"
412,PARQUE BURNIER.,10072356,10:40:00,17,0,3,2,2025-01-18T00:00:00.000Z,-43.327793950000,-21.762107030000,"Rua Natalino José de Paula, 271"
412,PARQUE BURNIER.,10072375,10:40:00,16,0,0,5,2025-01-18T00:00:00.000Z,-43.327420830000,-21.762727850000,"Rua Natalino José de Paula, 319"
412,PARQUE BURNIER.,10071503,10:40:00,15,0,0,5,2025-01-18T00:00:00.000Z,-43.326207040000,-21.762717810000,"Rua Natalino José de Paula, 421"
412,PARQUE BURNIER.,10072359,10:40:00,14,0,0,5,2025-01-18T00:00:00.000Z,-43.326282500000,-21.763143540000,"Rua Adelaide Campos de Resende, 651"
412,PARQUE BURNIER.,10072328,10:40:00,13,0,0,5,2025-01-18T00:00:00.000Z,-43.326450350000,-21.763683320000,"Rua Adelaide Campos de Resende, 669"
412,PARQUE BURNIER.,10072377,10:40:00,12,0,1,5,2025-01-18T00:00:00.000Z,-43.327321890000,-21.764062650000,"Rua José Teodoro dos Santos, 25"
412,PARQUE BURNIER.,10072316,10:40:00,11,0,0,6,2025-01-18T00:00:00.000Z,-43.328204750000,-21.763332370000,"Rua José Teodoro dos Santos, 145"
412,PARQUE BURNIER.,10072313,10:40:00,10,0,2,6,2025-01-18T00:00:00.000Z,-43.328846690000,-21.762504770000,"Rua José Teodoro dos Santos, 275"
412,PARQUE BURNIER.,10072296,10:40:00,9,0,1,8,2025-01-18T00:00:00.000Z,-43.329374790000,-21.763440430000,"Rua Adelaide Campos de Resende, 975"
412,PARQUE BURNIER.,10072301,10:40:00,8,0,1,9,2025-01-18T00:00:00.000Z,-43.330138330000,-21.763252970000,"Rua Adelaide Campos de Resende, 1061"
412,PARQUE BURNIER.,10073561,10:40:00,7,0,1,10,2025-01-18T00:00:00.000Z,-43.331552510000,-21.763418910000,"Rua Olga Burnier, 480"
412,PARQUE BURNIER.,10073557,10:40:00,6,0,0,11,2025-01-18T00:00:00.000Z,-43.332479840000,-21.762640710000,"Rua Olga Burnier, 356"
412,PARQUE BURNIER.,10073560,10:40:00,5,0,0,11,2025-01-18T00:00:00.000Z,-43.333589670000,-21.761652280000,"Rua Olga Burnier, 230"
412,PARQUE BURNIER.,10073558,10:40:00,4,0,1,11,2025-01-18T00:00:00.000Z,-43.334645750000,-21.760669710000,"Rua Olga Burnier, 70"
412,PARQUE BURNIER.,10073552,10:40:00,3,0,1,12,2025-01-18T00:00:00.000Z,-43.335479020000,-21.760313550000,"Rua São Geraldo, 84"
412,PARQUE BURNIER.,10072305,10:40:00,2,2,2,13,2025-01-18T00:00:00.000Z,-43.337478970000,-21.760922950000,"Rua Djalma de Carvalho, 37"
412,PARQUE BURNIER.,10071108,10:40:00,1,13,0,13,2025-01-18T00:00:00.000Z,-43.349331860000,-21.758144610000,"Avenida Getúlio Vargas, 835"
412,PARQUE BURNIER.,10071108,11:15:00,17,0,12,0,2025-01-18T00:00:00.000Z,-43.349331860000,-21.758144610000,"Avenida Getúlio Vargas, 835"
412,PARQUE BURNIER.,10074194,11:15:00,16,9,5,12,2025-01-18T00:00:00.000Z,-43.342338620000,-21.760505960000,"Rua Ângelo Falci, 55"
412,PARQUE BURNIER.,10072302,11:15:00,15,0,1,8,2025-01-18T00:00:00.000Z,-43.338029500000,-21.760323850000,"Avenida Sete de Setembro, 623"
412,PARQUE BURNIER.,10072332,11:15:00,14,0,0,9,2025-01-18T00:00:00.000Z,-43.335533860000,-21.760131640000,"Rua São Geraldo, 89"
412,PARQUE BURNIER.,10072337,11:15:00,13,0,1,9,2025-01-18T00:00:00.000Z,-43.334540130000,-21.760522960000,"Rua Olga Burnier, 67"
412,PARQUE BURNIER.,10072335,11:15:00,12,0,0,10,2025-01-18T00:00:00.000Z,-43.333453420000,-21.761562350000,"Rua Olga Burnier, 233"
412,PARQUE BURNIER.,10072382,11:15:00,11,0,0,10,2025-01-18T00:00:00.000Z,-43.332369450000,-21.762522520000,"Rua Olga Burnier, 361"
412,PARQUE BURNIER.,10072380,11:15:00,10,0,0,10,2025-01-18T00:00:00.000Z,-43.331466790000,-21.763337580000,"Rua Olga Burnier, 485"
412,PARQUE BURNIER.,10073583,11:15:00,9,0,0,10,2025-01-18T00:00:00.000Z,-43.330207820000,-21.763072230000,"Rua Adelaide Campos de Resende, 1070"
412,PARQUE BURNIER.,10073584,11:15:00,8,3,0,10,2025-01-18T00:00:00.000Z,-43.329363350000,-21.763255450000,"Rua Adelaide Campos de Resende, 984"
412,PARQUE BURNIER.,10072386,11:15:00,7,0,0,7,2025-01-18T00:00:00.000Z,-43.328850270000,-21.762325320000,"Rua José Teodoro dos Santos, 292"
412,PARQUE BURNIER.,10072384,11:15:00,6,0,0,7,2025-01-18T00:00:00.000Z,-43.327999480000,-21.763301540000,"Rua José Teodoro dos Santos, 126"
412,PARQUE BURNIER.,10072309,11:15:00,5,2,0,7,2025-01-18T00:00:00.000Z,-43.327273730000,-21.763967940000,"Rua José Teodoro dos Santos, 28"
412,PARQUE BURNIER.,10073589,11:15:00,4,5,0,5,2025-01-18T00:00:00.000Z,-43.326568960000,-21.763629600000,"Rua Adelaide Campos de Resende, 706"
412,PARQUE BURNIER.,10072362,11:15:00,3,0,0,0,2025-01-18T00:00:00.000Z,-43.327527760000,-21.762798310000,"Rua Natalino José de Paula, 310"
412,PARQUE BURNIER.,10072363,11:15:00,2,0,0,0,2025-01-18T00:00:00.000Z,-43.327885630000,-21.762179390000,"Rua Natalino José de Paula, 288"
412,PARQUE BURNIER.,10072358,11:15:00,1,0,0,0,2025-01-18T00:00:00.000Z,-43.328687310000,-21.761675740000,"Rua Natalino José de Paula, 112 - Ponto Final do Parque Burnier"
412,PARQUE BURNIER.,10072358,11:35:00,18,0,0,9,2025-01-18T00:00:00.000Z,-43.328687310000,-21.761675740000,"Rua Natalino José de Paula, 112 - Ponto Final do Parque Burnier"
412,PARQUE BURNIER.,10072356,11:35:00,17,0,2,9,2025-01-18T00:00:00.000Z,-43.327793950000,-21.762107030000,"Rua Natalino José de Paula, 271"
412,PARQUE BURNIER.,10072375,11:35:00,16,0,0,11,2025-01-18T00:00:00.000Z,-43.327420830000,-21.762727850000,"Rua Natalino José de Paula, 319"
412,PARQUE BURNIER.,10071503,11:35:00,15,1,0,11,2025-01-18T00:00:00.000Z,-43.326207040000,-21.762717810000,"Rua Natalino José de Paula, 421"
412,PARQUE BURNIER.,10072359,11:35:00,14,0,0,10,2025-01-18T00:00:00.000Z,-43.326282500000,-21.763143540000,"Rua Adelaide Campos de Resende, 651"
412,PARQUE BURNIER.,10072328,11:35:00,13,0,0,10,2025-01-18T00:00:00.000Z,-43.326450350000,-21.763683320000,"Rua Adelaide Campos de Resende, 669"
412,PARQUE BURNIER.,10072377,11:35:00,12,0,1,10,2025-01-18T00:00:00.000Z,-43.327321890000,-21.764062650000,"Rua José Teodoro dos Santos, 25"
412,PARQUE BURNIER.,10072316,11:35:00,11,0,0,11,2025-01-18T00:00:00.000Z,-43.328204750000,-21.763332370000,"Rua José Teodoro dos Santos, 145"
412,PARQUE BURNIER.,10072313,11:35:00,10,0,2,11,2025-01-18T00:00:00.000Z,-43.328846690000,-21.762504770000,"Rua José Teodoro dos Santos, 275"
412,PARQUE BURNIER.,10072296,11:35:00,9,0,2,13,2025-01-18T00:00:00.000Z,-43.329374790000,-21.763440430000,"Rua Adelaide Campos de Resende, 975"
412,PARQUE BURNIER.,10072301,11:35:00,8,0,1,15,2025-01-18T00:00:00.000Z,-43.330138330000,-21.763252970000,"Rua Adelaide Campos de Resende, 1061"
412,PARQUE BURNIER.,10073561,11:35:00,7,0,1,16,2025-01-18T00:00:00.000Z,-43.331552510000,-21.763418910000,"Rua Olga Burnier, 480"
412,PARQUE BURNIER.,10073557,11:35:00,6,0,0,17,2025-01-18T00:00:00.000Z,-43.332479840000,-21.762640710000,"Rua Olga Burnier, 356"
412,PARQUE BURNIER.,10073560,11:35:00,5,0,0,17,2025-01-18T00:00:00.000Z,-43.333589670000,-21.761652280000,"Rua Olga Burnier, 230"
412,PARQUE BURNIER.,10073558,11:35:00,4,0,1,17,2025-01-18T00:00:00.000Z,-43.334645750000,-21.760669710000,"Rua Olga Burnier, 70"
412,PARQUE BURNIER.,10073552,11:35:00,3,0,0,18,2025-01-18T00:00:00.000Z,-43.335479020000,-21.760313550000,"Rua São Geraldo, 84"
412,PARQUE BURNIER.,10072305,11:35:00,2,3,2,18,2025-01-18T00:00:00.000Z,-43.337478970000,-21.760922950000,"Rua Djalma de Carvalho, 37"
412,PARQUE BURNIER.,10071108,11:35:00,1,17,0,17,2025-01-18T00:00:00.000Z,-43.349331860000,-21.758144610000,"Avenida Getúlio Vargas, 835"
412,PARQUE BURNIER.,10072358,12:30:00,18,3,0,3,2025-01-18T00:00:00.000Z,-43.328687310000,-21.761675740000,"Rua Natalino José de Paula, 112 - Ponto Final do Parque Burnier"
412,PARQUE BURNIER.,10072356,12:30:00,17,0,1,0,2025-01-18T00:00:00.000Z,-43.327793950000,-21.762107030000,"Rua Natalino José de Paula, 271"
412,PARQUE BURNIER.,10072375,12:30:00,16,1,0,1,2025-01-18T00:00:00.000Z,-43.327420830000,-21.762727850000,"Rua Natalino José de Paula, 319"
412,PARQUE BURNIER.,10071503,12:30:00,15,0,0,0,2025-01-18T00:00:00.000Z,-43.326207040000,-21.762717810000,"Rua Natalino José de Paula, 421"
412,PARQUE BURNIER.,10072359,12:30:00,14,0,3,0,2025-01-18T00:00:00.000Z,-43.326282500000,-21.763143540000,"Rua Adelaide Campos de Resende, 651"
412,PARQUE BURNIER.,10072328,12:30:00,13,0,12,3,2025-01-18T00:00:00.000Z,-43.326450350000,-21.763683320000,"Rua Adelaide Campos de Resende, 669"
412,PARQUE BURNIER.,10072377,12:30:00,12,0,1,15,2025-01-18T00:00:00.000Z,-43.327321890000,-21.764062650000,"Rua José Teodoro dos Santos, 25"
412,PARQUE BURNIER.,10072316,12:30:00,11,0,1,16,2025-01-18T00:00:00.000Z,-43.328204750000,-21.763332370000,"Rua José Teodoro dos Santos, 145"
412,PARQUE BURNIER.,10072313,12:30:00,10,0,2,17,2025-01-18T00:00:00.000Z,-43.328846690000,-21.762504770000,"Rua José Teodoro dos Santos, 275"
412,PARQUE BURNIER.,10072296,12:30:00,9,0,6,19,2025-01-18T00:00:00.000Z,-43.329374790000,-21.763440430000,"Rua Adelaide Campos de Resende, 975"
412,PARQUE BURNIER.,10072301,12:30:00,8,0,1,25,2025-01-18T00:00:00.000Z,-43.330138330000,-21.763252970000,"Rua Adelaide Campos de Resende, 1061"
412,PARQUE BURNIER.,10073561,12:30:00,7,0,1,26,2025-01-18T00:00:00.000Z,-43.331552510000,-21.763418910000,"Rua Olga Burnier, 480"
412,PARQUE BURNIER.,10073557,12:30:00,6,0,0,27,2025-01-18T00:00:00.000Z,-43.332479840000,-21.762640710000,"Rua Olga Burnier, 356"
412,PARQUE BURNIER.,10073560,12:30:00,5,0,0,27,2025-01-18T00:00:00.000Z,-43.333589670000,-21.761652280000,"Rua Olga Burnier, 230"
412,PARQUE BURNIER.,10073558,12:30:00,4,1,0,27,2025-01-18T00:00:00.000Z,-43.334645750000,-21.760669710000,"Rua Olga Burnier, 70"
412,PARQUE BURNIER.,10073552,12:30:00,3,0,0,26,2025-01-18T00:00:00.000Z,-43.335479020000,-21.760313550000,"Rua São Geraldo, 84"
412,PARQUE BURNIER.,10072305,12:30:00,2,1,0,26,2025-01-18T00:00:00.000Z,-43.337478970000,-21.760922950000,"Rua Djalma de Carvalho, 37"
412,PARQUE BURNIER.,10071108,12:30:00,1,25,0,25,2025-01-18T00:00:00.000Z,-43.349331860000,-21.758144610000,"Avenida Getúlio Vargas, 835"
412,PARQUE BURNIER.,10072358,13:25:00,18,1,0,6,2025-01-18T00:00:00.000Z,-43.328687310000,-21.761675740000,"Rua Natalino José de Paula, 112 - Ponto Final do Parque Burnier"
412,PARQUE BURNIER.,10072356,13:25:00,17,1,3,5,2025-01-18T00:00:00.000Z,-43.327793950000,-21.762107030000,"Rua Natalino José de Paula, 271"
412,PARQUE BURNIER.,10072375,13:25:00,16,0,0,7,2025-01-18T00:00:00.000Z,-43.327420830000,-21.762727850000,"Rua Natalino José de Paula, 319"
412,PARQUE BURNIER.,10071503,13:25:00,15,0,1,7,2025-01-18T00:00:00.000Z,-43.326207040000,-21.762717810000,"Rua Natalino José de Paula, 421"
412,PARQUE BURNIER.,10072359,13:25:00,14,0,0,8,2025-01-18T00:00:00.000Z,-43.326282500000,-21.763143540000,"Rua Adelaide Campos de Resende, 651"
412,PARQUE BURNIER.,10072328,13:25:00,13,0,0,8,2025-01-18T00:00:00.000Z,-43.326450350000,-21.763683320000,"Rua Adelaide Campos de Resende, 669"
412,PARQUE BURNIER.,10072377,13:25:00,12,0,1,8,2025-01-18T00:00:00.000Z,-43.327321890000,-21.764062650000,"Rua José Teodoro dos Santos, 25"
412,PARQUE BURNIER.,10072316,13:25:00,11,0,0,9,2025-01-18T00:00:00.000Z,-43.328204750000,-21.763332370000,"Rua José Teodoro dos Santos, 145"
412,PARQUE BURNIER.,10072313,13:25:00,10,0,2,9,2025-01-18T00:00:00.000Z,-43.328846690000,-21.762504770000,"Rua José Teodoro dos Santos, 275"
412,PARQUE BURNIER.,10072296,13:25:00,9,1,3,11,2025-01-18T00:00:00.000Z,-43.329374790000,-21.763440430000,"Rua Adelaide Campos de Resende, 975"
412,PARQUE BURNIER.,10072301,13:25:00,8,0,0,13,2025-01-18T00:00:00.000Z,-43.330138330000,-21.763252970000,"Rua Adelaide Campos de Resende, 1061"
412,PARQUE BURNIER.,10073561,13:25:00,7,0,1,13,2025-01-18T00:00:00.000Z,-43.331552510000,-21.763418910000,"Rua Olga Burnier, 480"
412,PARQUE BURNIER.,10073557,13:25:00,6,0,0,14,2025-01-18T00:00:00.000Z,-43.332479840000,-21.762640710000,"Rua Olga Burnier, 356"
412,PARQUE BURNIER.,10073560,13:25:00,5,0,0,14,2025-01-18T00:00:00.000Z,-43.333589670000,-21.761652280000,"Rua Olga Burnier, 230"
412,PARQUE BURNIER.,10073558,13:25:00,4,0,1,14,2025-01-18T00:00:00.000Z,-43.334645750000,-21.760669710000,"Rua Olga Burnier, 70"
412,PARQUE BURNIER.,10073552,13:25:00,3,1,0,15,2025-01-18T00:00:00.000Z,-43.335479020000,-21.760313550000,"Rua São Geraldo, 84"
412,PARQUE BURNIER.,10072305,13:25:00,2,2,2,14,2025-01-18T00:00:00.000Z,-43.337478970000,-21.760922950000,"Rua Djalma de Carvalho, 37"
412,PARQUE BURNIER.,10071108,13:25:00,1,14,0,14,2025-01-18T00:00:00.000Z,-43.349331860000,-21.758144610000,"Avenida Getúlio Vargas, 835"
412,PARQUE BURNIER.,10072358,14:20:00,18,0,0,0,2025-01-18T00:00:00.000Z,-43.328687310000,-21.761675740000,"Rua Natalino José de Paula, 112 - Ponto Final do Parque Burnier"
412,PARQUE BURNIER.,10072356,14:20:00,17,0,0,0,2025-01-18T00:00:00.000Z,-43.327793950000,-21.762107030000,"Rua Natalino José de Paula, 271"
412,PARQUE BURNIER.,10072375,14:20:00,16,0,1,0,2025-01-18T00:00:00.000Z,-43.327420830000,-21.762727850000,"Rua Natalino José de Paula, 319"
412,PARQUE BURNIER.,10071503,14:20:00,15,1,1,1,2025-01-18T00:00:00.000Z,-43.326207040000,-21.762717810000,"Rua Natalino José de Paula, 421"
412,PARQUE BURNIER.,10072359,14:20:00,14,1,0,1,2025-01-18T00:00:00.000Z,-43.326282500000,-21.763143540000,"Rua Adelaide Campos de Resende, 651"
412,PARQUE BURNIER.,10072328,14:20:00,13,0,12,0,2025-01-18T00:00:00.000Z,-43.326450350000,-21.763683320000,"Rua Adelaide Campos de Resende, 669"
412,PARQUE BURNIER.,10072377,14:20:00,12,0,1,12,2025-01-18T00:00:00.000Z,-43.327321890000,-21.764062650000,"Rua José Teodoro dos Santos, 25"
412,PARQUE BURNIER.,10072316,14:20:00,11,0,1,13,2025-01-18T00:00:00.000Z,-43.328204750000,-21.763332370000,"Rua José Teodoro dos Santos, 145"
412,PARQUE BURNIER.,10072313,14:20:00,10,0,2,14,2025-01-18T00:00:00.000Z,-43.328846690000,-21.762504770000,"Rua José Teodoro dos Santos, 275"
412,PARQUE BURNIER.,10072296,14:20:00,9,0,7,16,2025-01-18T00:00:00.000Z,-43.329374790000,-21.763440430000,"Rua Adelaide Campos de Resende, 975"
412,PARQUE BURNIER.,10072301,14:20:00,8,0,0,23,2025-01-18T00:00:00.000Z,-43.330138330000,-21.763252970000,"Rua Adelaide Campos de Resende, 1061"
412,PARQUE BURNIER.,10073561,14:20:00,7,0,1,23,2025-01-18T00:00:00.000Z,-43.331552510000,-21.763418910000,"Rua Olga Burnier, 480"
412,PARQUE BURNIER.,10073557,14:20:00,6,0,0,24,2025-01-18T00:00:00.000Z,-43.332479840000,-21.762640710000,"Rua Olga Burnier, 356"
412,PARQUE BURNIER.,10073560,14:20:00,5,0,0,24,2025-01-18T00:00:00.000Z,-43.333589670000,-21.761652280000,"Rua Olga Burnier, 230"
412,PARQUE BURNIER.,10073558,14:20:00,4,0,0,24,2025-01-18T00:00:00.000Z,-43.334645750000,-21.760669710000,"Rua Olga Burnier, 70"
412,PARQUE BURNIER.,10073552,14:20:00,3,0,0,24,2025-01-18T00:00:00.000Z,-43.335479020000,-21.760313550000,"Rua São Geraldo, 84"
412,PARQUE BURNIER.,10072305,14:20:00,2,0,0,24,2025-01-18T00:00:00.000Z,-43.337478970000,-21.760922950000,"Rua Djalma de Carvalho, 37"
412,PARQUE BURNIER.,10071108,14:20:00,1,24,0,24,2025-01-18T00:00:00.000Z,-43.349331860000,-21.758144610000,"Avenida Getúlio Vargas, 835"
412,PARQUE BURNIER.,10071108,14:55:00,17,0,9,6,2025-01-18T00:00:00.000Z,-43.349331860000,-21.758144610000,"Avenida Getúlio Vargas, 835"
412,PARQUE BURNIER.,10074194,14:55:00,16,9,0,15,2025-01-18T00:00:00.000Z,-43.342338620000,-21.760505960000,"Rua Ângelo Falci, 55"
412,PARQUE BURNIER.,10072302,14:55:00,15,1,0,6,2025-01-18T00:00:00.000Z,-43.338029500000,-21.760323850000,"Avenida Sete de Setembro, 623"
412,PARQUE BURNIER.,10072332,14:55:00,14,0,0,5,2025-01-18T00:00:00.000Z,-43.335533860000,-21.760131640000,"Rua São Geraldo, 89"
412,PARQUE BURNIER.,10072337,14:55:00,13,0,0,5,2025-01-18T00:00:00.000Z,-43.334540130000,-21.760522960000,"Rua Olga Burnier, 67"
412,PARQUE BURNIER.,10072335,14:55:00,12,0,0,5,2025-01-18T00:00:00.000Z,-43.333453420000,-21.761562350000,"Rua Olga Burnier, 233"
412,PARQUE BURNIER.,10072382,14:55:00,11,0,0,5,2025-01-18T00:00:00.000Z,-43.332369450000,-21.762522520000,"Rua Olga Burnier, 361"
412,PARQUE BURNIER.,10072380,14:55:00,10,0,0,5,2025-01-18T00:00:00.000Z,-43.331466790000,-21.763337580000,"Rua Olga Burnier, 485"
412,PARQUE BURNIER.,10073583,14:55:00,9,1,0,5,2025-01-18T00:00:00.000Z,-43.330207820000,-21.763072230000,"Rua Adelaide Campos de Resende, 1070"
412,PARQUE BURNIER.,10073584,14:55:00,8,1,0,4,2025-01-18T00:00:00.000Z,-43.329363350000,-21.763255450000,"Rua Adelaide Campos de Resende, 984"
412,PARQUE BURNIER.,10072386,14:55:00,7,0,0,3,2025-01-18T00:00:00.000Z,-43.328850270000,-21.762325320000,"Rua José Teodoro dos Santos, 292"
412,PARQUE BURNIER.,10072384,14:55:00,6,0,0,3,2025-01-18T00:00:00.000Z,-43.327999480000,-21.763301540000,"Rua José Teodoro dos Santos, 126"
412,PARQUE BURNIER.,10072309,14:55:00,5,0,0,3,2025-01-18T00:00:00.000Z,-43.327273730000,-21.763967940000,"Rua José Teodoro dos Santos, 28"
412,PARQUE BURNIER.,10073589,14:55:00,4,3,0,3,2025-01-18T00:00:00.000Z,-43.326568960000,-21.763629600000,"Rua Adelaide Campos de Resende, 706"
412,PARQUE BURNIER.,10072362,14:55:00,3,0,0,0,2025-01-18T00:00:00.000Z,-43.327527760000,-21.762798310000,"Rua Natalino José de Paula, 310"
412,PARQUE BURNIER.,10072363,14:55:00,2,0,0,0,2025-01-18T00:00:00.000Z,-43.327885630000,-21.762179390000,"Rua Natalino José de Paula, 288"
412,PARQUE BURNIER.,10072358,14:55:00,1,0,0,0,2025-01-18T00:00:00.000Z,-43.328687310000,-21.761675740000,"Rua Natalino José de Paula, 112 - Ponto Final do Parque Burnier"
412,PARQUE BURNIER.,10072358,15:15:00,18,3,0,4,2025-01-18T00:00:00.000Z,-43.328687310000,-21.761675740000,"Rua Natalino José de Paula, 112 - Ponto Final do Parque Burnier"
412,PARQUE BURNIER.,10072356,15:15:00,17,1,0,1,2025-01-18T00:00:00.000Z,-43.327793950000,-21.762107030000,"Rua Natalino José de Paula, 271"
412,PARQUE BURNIER.,10072375,15:15:00,16,0,0,0,2025-01-18T00:00:00.000Z,-43.327420830000,-21.762727850000,"Rua Natalino José de Paula, 319"
412,PARQUE BURNIER.,10071503,15:15:00,15,0,0,0,2025-01-18T00:00:00.000Z,-43.326207040000,-21.762717810000,"Rua Natalino José de Paula, 421"
412,PARQUE BURNIER.,10072359,15:15:00,14,0,0,0,2025-01-18T00:00:00.000Z,-43.326282500000,-21.763143540000,"Rua Adelaide Campos de Resende, 651"
412,PARQUE BURNIER.,10072328,15:15:00,13,0,1,0,2025-01-18T00:00:00.000Z,-43.326450350000,-21.763683320000,"Rua Adelaide Campos de Resende, 669"
412,PARQUE BURNIER.,10072377,15:15:00,12,0,0,1,2025-01-18T00:00:00.000Z,-43.327321890000,-21.764062650000,"Rua José Teodoro dos Santos, 25"
412,PARQUE BURNIER.,10072316,15:15:00,11,0,0,1,2025-01-18T00:00:00.000Z,-43.328204750000,-21.763332370000,"Rua José Teodoro dos Santos, 145"
412,PARQUE BURNIER.,10072313,15:15:00,10,1,2,1,2025-01-18T00:00:00.000Z,-43.328846690000,-21.762504770000,"Rua José Teodoro dos Santos, 275"
412,PARQUE BURNIER.,10072296,15:15:00,9,0,4,2,2025-01-18T00:00:00.000Z,-43.329374790000,-21.763440430000,"Rua Adelaide Campos de Resende, 975"
412,PARQUE BURNIER.,10072301,15:15:00,8,0,0,6,2025-01-18T00:00:00.000Z,-43.330138330000,-21.763252970000,"Rua Adelaide Campos de Resende, 1061"
412,PARQUE BURNIER.,10073561,15:15:00,7,0,1,6,2025-01-18T00:00:00.000Z,-43.331552510000,-21.763418910000,"Rua Olga Burnier, 480"
412,PARQUE BURNIER.,10073557,15:15:00,6,0,1,7,2025-01-18T00:00:00.000Z,-43.332479840000,-21.762640710000,"Rua Olga Burnier, 356"
412,PARQUE BURNIER.,10073560,15:15:00,5,0,0,8,2025-01-18T00:00:00.000Z,-43.333589670000,-21.761652280000,"Rua Olga Burnier, 230"
412,PARQUE BURNIER.,10073558,15:15:00,4,0,1,8,2025-01-18T00:00:00.000Z,-43.334645750000,-21.760669710000,"Rua Olga Burnier, 70"
412,PARQUE BURNIER.,10073552,15:15:00,3,0,0,9,2025-01-18T00:00:00.000Z,-43.335479020000,-21.760313550000,"Rua São Geraldo, 84"
412,PARQUE BURNIER.,10072305,15:15:00,2,0,0,9,2025-01-18T00:00:00.000Z,-43.337478970000,-21.760922950000,"Rua Djalma de Carvalho, 37"
412,PARQUE BURNIER.,10071108,15:15:00,1,9,0,9,2025-01-18T00:00:00.000Z,-43.349331860000,-21.758144610000,"Avenida Getúlio Vargas, 835"
412,PARQUE BURNIER.,10072358,16:10:00,18,3,0,3,2025-01-18T00:00:00.000Z,-43.328687310000,-21.761675740000,"Rua Natalino José de Paula, 112 - Ponto Final do Parque Burnier"
412,PARQUE BURNIER.,10072356,16:10:00,17,0,0,0,2025-01-18T00:00:00.000Z,-43.327793950000,-21.762107030000,"Rua Natalino José de Paula, 271"
412,PARQUE BURNIER.,10072375,16:10:00,16,0,0,0,2025-01-18T00:00:00.000Z,-43.327420830000,-21.762727850000,"Rua Natalino José de Paula, 319"
412,PARQUE BURNIER.,10071503,16:10:00,15,0,0,0,2025-01-18T00:00:00.000Z,-43.326207040000,-21.762717810000,"Rua Natalino José de Paula, 421"
412,PARQUE BURNIER.,10072359,16:10:00,14,0,0,0,2025-01-18T00:00:00.000Z,-43.326282500000,-21.763143540000,"Rua Adelaide Campos de Resende, 651"
412,PARQUE BURNIER.,10072328,16:10:00,13,0,3,0,2025-01-18T00:00:00.000Z,-43.326450350000,-21.763683320000,"Rua Adelaide Campos de Resende, 669"
412,PARQUE BURNIER.,10072377,16:10:00,12,0,0,3,2025-01-18T00:00:00.000Z,-43.327321890000,-21.764062650000,"Rua José Teodoro dos Santos, 25"
412,PARQUE BURNIER.,10072316,16:10:00,11,0,0,3,2025-01-18T00:00:00.000Z,-43.328204750000,-21.763332370000,"Rua José Teodoro dos Santos, 145"
412,PARQUE BURNIER.,10072313,16:10:00,10,0,2,3,2025-01-18T00:00:00.000Z,-43.328846690000,-21.762504770000,"Rua José Teodoro dos Santos, 275"
412,PARQUE BURNIER.,10072296,16:10:00,9,0,3,5,2025-01-18T00:00:00.000Z,-43.329374790000,-21.763440430000,"Rua Adelaide Campos de Resende, 975"
412,PARQUE BURNIER.,10072301,16:10:00,8,0,0,8,2025-01-18T00:00:00.000Z,-43.330138330000,-21.763252970000,"Rua Adelaide Campos de Resende, 1061"
412,PARQUE BURNIER.,10073561,16:10:00,7,0,1,8,2025-01-18T00:00:00.000Z,-43.331552510000,-21.763418910000,"Rua Olga Burnier, 480"
412,PARQUE BURNIER.,10073557,16:10:00,6,0,1,9,2025-01-18T00:00:00.000Z,-43.332479840000,-21.762640710000,"Rua Olga Burnier, 356"
412,PARQUE BURNIER.,10073560,16:10:00,5,2,0,10,2025-01-18T00:00:00.000Z,-43.333589670000,-21.761652280000,"Rua Olga Burnier, 230"
412,PARQUE BURNIER.,10073558,16:10:00,4,0,1,8,2025-01-18T00:00:00.000Z,-43.334645750000,-21.760669710000,"Rua Olga Burnier, 70"
412,PARQUE BURNIER.,10073552,16:10:00,3,0,0,9,2025-01-18T00:00:00.000Z,-43.335479020000,-21.760313550000,"Rua São Geraldo, 84"
412,PARQUE BURNIER.,10072305,16:10:00,2,1,0,9,2025-01-18T00:00:00.000Z,-43.337478970000,-21.760922950000,"Rua Djalma de Carvalho, 37"
412,PARQUE BURNIER.,10071108,16:10:00,1,8,0,8,2025-01-18T00:00:00.000Z,-43.349331860000,-21.758144610000,"Avenida Getúlio Vargas, 835"
412,PARQUE BURNIER.,10071108,16:45:00,17,0,15,0,2025-01-18T00:00:00.000Z,-43.349331860000,-21.758144610000,"Avenida Getúlio Vargas, 835"
412,PARQUE BURNIER.,10074194,16:45:00,16,8,1,15,2025-01-18T00:00:00.000Z,-43.342338620000,-21.760505960000,"Rua Ângelo Falci, 55"
412,PARQUE BURNIER.,10072302,16:45:00,15,2,3,8,2025-01-18T00:00:00.000Z,-43.338029500000,-21.760323850000,"Avenida Sete de Setembro, 623"
412,PARQUE BURNIER.,10072332,16:45:00,14,0,0,9,2025-01-18T00:00:00.000Z,-43.335533860000,-21.760131640000,"Rua São Geraldo, 89"
412,PARQUE BURNIER.,10072337,16:45:00,13,1,0,9,2025-01-18T00:00:00.000Z,-43.334540130000,-21.760522960000,"Rua Olga Burnier, 67"
412,PARQUE BURNIER.,10072335,16:45:00,12,0,0,8,2025-01-18T00:00:00.000Z,-43.333453420000,-21.761562350000,"Rua Olga Burnier, 233"
412,PARQUE BURNIER.,10072382,16:45:00,11,0,0,8,2025-01-18T00:00:00.000Z,-43.332369450000,-21.762522520000,"Rua Olga Burnier, 361"
412,PARQUE BURNIER.,10072380,16:45:00,10,1,0,8,2025-01-18T00:00:00.000Z,-43.331466790000,-21.763337580000,"Rua Olga Burnier, 485"
412,PARQUE BURNIER.,10073583,16:45:00,9,0,0,7,2025-01-18T00:00:00.000Z,-43.330207820000,-21.763072230000,"Rua Adelaide Campos de Resende, 1070"
412,PARQUE BURNIER.,10073584,16:45:00,8,1,0,7,2025-01-18T00:00:00.000Z,-43.329363350000,-21.763255450000,"Rua Adelaide Campos de Resende, 984"
412,PARQUE BURNIER.,10072386,16:45:00,7,2,0,6,2025-01-18T00:00:00.000Z,-43.328850270000,-21.762325320000,"Rua José Teodoro dos Santos, 292"
412,PARQUE BURNIER.,10072384,16:45:00,6,0,0,4,2025-01-18T00:00:00.000Z,-43.327999480000,-21.763301540000,"Rua José Teodoro dos Santos, 126"
412,PARQUE BURNIER.,10072309,16:45:00,5,1,0,4,2025-01-18T00:00:00.000Z,-43.327273730000,-21.763967940000,"Rua José Teodoro dos Santos, 28"
412,PARQUE BURNIER.,10073589,16:45:00,4,0,0,3,2025-01-18T00:00:00.000Z,-43.326568960000,-21.763629600000,"Rua Adelaide Campos de Resende, 706"
412,PARQUE BURNIER.,10072362,16:45:00,3,0,0,3,2025-01-18T00:00:00.000Z,-43.327527760000,-21.762798310000,"Rua Natalino José de Paula, 310"
412,PARQUE BURNIER.,10072363,16:45:00,2,3,0,3,2025-01-18T00:00:00.000Z,-43.327885630000,-21.762179390000,"Rua Natalino José de Paula, 288"
412,PARQUE BURNIER.,10072358,16:45:00,1,0,0,0,2025-01-18T00:00:00.000Z,-43.328687310000,-21.761675740000,"Rua Natalino José de Paula, 112 - Ponto Final do Parque Burnier"
412,PARQUE BURNIER.,10072358,17:05:00,18,1,0,1,2025-01-18T00:00:00.000Z,-43.328687310000,-21.761675740000,"Rua Natalino José de Paula, 112 - Ponto Final do Parque Burnier"
412,PARQUE BURNIER.,10072356,17:05:00,17,0,0,0,2025-01-18T00:00:00.000Z,-43.327793950000,-21.762107030000,"Rua Natalino José de Paula, 271"
412,PARQUE BURNIER.,10072375,17:05:00,16,0,0,0,2025-01-18T00:00:00.000Z,-43.327420830000,-21.762727850000,"Rua Natalino José de Paula, 319"
412,PARQUE BURNIER.,10071503,17:05:00,15,0,3,0,2025-01-18T00:00:00.000Z,-43.326207040000,-21.762717810000,"Rua Natalino José de Paula, 421"
412,PARQUE BURNIER.,10072359,17:05:00,14,0,3,3,2025-01-18T00:00:00.000Z,-43.326282500000,-21.763143540000,"Rua Adelaide Campos de Resende, 651"
412,PARQUE BURNIER.,10072328,17:05:00,13,0,3,6,2025-01-18T00:00:00.000Z,-43.326450350000,-21.763683320000,"Rua Adelaide Campos de Resende, 669"
412,PARQUE BURNIER.,10072377,17:05:00,12,0,0,9,2025-01-18T00:00:00.000Z,-43.327321890000,-21.764062650000,"Rua José Teodoro dos Santos, 25"
412,PARQUE BURNIER.,10072316,17:05:00,11,0,0,9,2025-01-18T00:00:00.000Z,-43.328204750000,-21.763332370000,"Rua José Teodoro dos Santos, 145"
412,PARQUE BURNIER.,10072313,17:05:00,10,0,0,9,2025-01-18T00:00:00.000Z,-43.328846690000,-21.762504770000,"Rua José Teodoro dos Santos, 275"
412,PARQUE BURNIER.,10072296,17:05:00,9,0,1,9,2025-01-18T00:00:00.000Z,-43.329374790000,-21.763440430000,"Rua Adelaide Campos de Resende, 975"
412,PARQUE BURNIER.,10072301,17:05:00,8,0,1,10,2025-01-18T00:00:00.000Z,-43.330138330000,-21.763252970000,"Rua Adelaide Campos de Resende, 1061"
412,PARQUE BURNIER.,10073561,17:05:00,7,0,0,11,2025-01-18T00:00:00.000Z,-43.331552510000,-21.763418910000,"Rua Olga Burnier, 480"
412,PARQUE BURNIER.,10073557,17:05:00,6,0,0,11,2025-01-18T00:00:00.000Z,-43.332479840000,-21.762640710000,"Rua Olga Burnier, 356"
412,PARQUE BURNIER.,10073560,17:05:00,5,0,0,11,2025-01-18T00:00:00.000Z,-43.333589670000,-21.761652280000,"Rua Olga Burnier, 230"
412,PARQUE BURNIER.,10073558,17:05:00,4,0,0,11,2025-01-18T00:00:00.000Z,-43.334645750000,-21.760669710000,"Rua Olga Burnier, 70"
412,PARQUE BURNIER.,10073552,17:05:00,3,0,0,11,2025-01-18T00:00:00.000Z,-43.335479020000,-21.760313550000,"Rua São Geraldo, 84"
412,PARQUE BURNIER.,10072305,17:05:00,2,0,1,11,2025-01-18T00:00:00.000Z,-43.337478970000,-21.760922950000,"Rua Djalma de Carvalho, 37"
412,PARQUE BURNIER.,10071108,17:05:00,1,12,0,12,2025-01-18T00:00:00.000Z,-43.349331860000,-21.758144610000,"Avenida Getúlio Vargas, 835"
412,PARQUE BURNIER.,10071108,17:40:00,17,0,2,10,2025-01-18T00:00:00.000Z,-43.349331860000,-21.758144610000,"Avenida Getúlio Vargas, 835"
412,PARQUE BURNIER.,10074194,17:40:00,16,2,1,12,2025-01-18T00:00:00.000Z,-43.342338620000,-21.760505960000,"Rua Ângelo Falci, 55"
412,PARQUE BURNIER.,10072302,17:40:00,15,3,0,11,2025-01-18T00:00:00.000Z,-43.338029500000,-21.760323850000,"Avenida Sete de Setembro, 623"
412,PARQUE BURNIER.,10072332,17:40:00,14,0,0,8,2025-01-18T00:00:00.000Z,-43.335533860000,-21.760131640000,"Rua São Geraldo, 89"
412,PARQUE BURNIER.,10072337,17:40:00,13,0,0,8,2025-01-18T00:00:00.000Z,-43.334540130000,-21.760522960000,"Rua Olga Burnier, 67"
412,PARQUE BURNIER.,10072335,17:40:00,12,0,0,8,2025-01-18T00:00:00.000Z,-43.333453420000,-21.761562350000,"Rua Olga Burnier, 233"
412,PARQUE BURNIER.,10072382,17:40:00,11,0,0,8,2025-01-18T00:00:00.000Z,-43.332369450000,-21.762522520000,"Rua Olga Burnier, 361"
412,PARQUE BURNIER.,10072380,17:40:00,10,0,0,8,2025-01-18T00:00:00.000Z,-43.331466790000,-21.763337580000,"Rua Olga Burnier, 485"
412,PARQUE BURNIER.,10073583,17:40:00,9,0,1,8,2025-01-18T00:00:00.000Z,-43.330207820000,-21.763072230000,"Rua Adelaide Campos de Resende, 1070"
412,PARQUE BURNIER.,10073584,17:40:00,8,0,0,9,2025-01-18T00:00:00.000Z,-43.329363350000,-21.763255450000,"Rua Adelaide Campos de Resende, 984"
412,PARQUE BURNIER.,10072386,17:40:00,7,5,0,9,2025-01-18T00:00:00.000Z,-43.328850270000,-21.762325320000,"Rua José Teodoro dos Santos, 292"
412,PARQUE BURNIER.,10072384,17:40:00,6,1,0,4,2025-01-18T00:00:00.000Z,-43.327999480000,-21.763301540000,"Rua José Teodoro dos Santos, 126"
412,PARQUE BURNIER.,10072309,17:40:00,5,1,0,3,2025-01-18T00:00:00.000Z,-43.327273730000,-21.763967940000,"Rua José Teodoro dos Santos, 28"
412,PARQUE BURNIER.,10073589,17:40:00,4,0,0,2,2025-01-18T00:00:00.000Z,-43.326568960000,-21.763629600000,"Rua Adelaide Campos de Resende, 706"
412,PARQUE BURNIER.,10072362,17:40:00,3,0,0,2,2025-01-18T00:00:00.000Z,-43.327527760000,-21.762798310000,"Rua Natalino José de Paula, 310"
412,PARQUE BURNIER.,10072363,17:40:00,2,2,0,2,2025-01-18T00:00:00.000Z,-43.327885630000,-21.762179390000,"Rua Natalino José de Paula, 288"
412,PARQUE BURNIER.,10072358,17:40:00,1,0,0,0,2025-01-18T00:00:00.000Z,-43.328687310000,-21.761675740000,"Rua Natalino José de Paula, 112 - Ponto Final do Parque Burnier"
412,PARQUE BURNIER.,10071108,18:35:00,17,0,9,0,2025-01-18T00:00:00.000Z,-43.349331860000,-21.758144610000,"Avenida Getúlio Vargas, 835"
412,PARQUE BURNIER.,10074194,18:35:00,16,5,2,9,2025-01-18T00:00:00.000Z,-43.342338620000,-21.760505960000,"Rua Ângelo Falci, 55"
412,PARQUE BURNIER.,10072302,18:35:00,15,1,2,6,2025-01-18T00:00:00.000Z,-43.338029500000,-21.760323850000,"Avenida Sete de Setembro, 623"
412,PARQUE BURNIER.,10072332,18:35:00,14,0,1,7,2025-01-18T00:00:00.000Z,-43.335533860000,-21.760131640000,"Rua São Geraldo, 89"
412,PARQUE BURNIER.,10072337,18:35:00,13,0,0,8,2025-01-18T00:00:00.000Z,-43.334540130000,-21.760522960000,"Rua Olga Burnier, 67"
412,PARQUE BURNIER.,10072335,18:35:00,12,0,0,8,2025-01-18T00:00:00.000Z,-43.333453420000,-21.761562350000,"Rua Olga Burnier, 233"
412,PARQUE BURNIER.,10072382,18:35:00,11,1,0,8,2025-01-18T00:00:00.000Z,-43.332369450000,-21.762522520000,"Rua Olga Burnier, 361"
412,PARQUE BURNIER.,10072380,18:35:00,10,0,0,7,2025-01-18T00:00:00.000Z,-43.331466790000,-21.763337580000,"Rua Olga Burnier, 485"
412,PARQUE BURNIER.,10073583,18:35:00,9,0,0,7,2025-01-18T00:00:00.000Z,-43.330207820000,-21.763072230000,"Rua Adelaide Campos de Resende, 1070"
412,PARQUE BURNIER.,10073584,18:35:00,8,0,1,7,2025-01-18T00:00:00.000Z,-43.329363350000,-21.763255450000,"Rua Adelaide Campos de Resende, 984"
412,PARQUE BURNIER.,10072386,18:35:00,7,1,0,8,2025-01-18T00:00:00.000Z,-43.328850270000,-21.762325320000,"Rua José Teodoro dos Santos, 292"
412,PARQUE BURNIER.,10072384,18:35:00,6,1,0,7,2025-01-18T00:00:00.000Z,-43.327999480000,-21.763301540000,"Rua José Teodoro dos Santos, 126"
412,PARQUE BURNIER.,10072309,18:35:00,5,0,1,6,2025-01-18T00:00:00.000Z,-43.327273730000,-21.763967940000,"Rua José Teodoro dos Santos, 28"
412,PARQUE BURNIER.,10073589,18:35:00,4,3,0,7,2025-01-18T00:00:00.000Z,-43.326568960000,-21.763629600000,"Rua Adelaide Campos de Resende, 706"
412,PARQUE BURNIER.,10072362,18:35:00,3,4,0,4,2025-01-18T00:00:00.000Z,-43.327527760000,-21.762798310000,"Rua Natalino José de Paula, 310"
412,PARQUE BURNIER.,10072363,18:35:00,2,0,0,0,2025-01-18T00:00:00.000Z,-43.327885630000,-21.762179390000,"Rua Natalino José de Paula, 288"
412,PARQUE BURNIER.,10072358,18:35:00,1,0,0,0,2025-01-18T00:00:00.000Z,-43.328687310000,-21.761675740000,"Rua Natalino José de Paula, 112 - Ponto Final do Parque Burnier"
412,PARQUE BURNIER.,10072358,18:55:00,18,1,0,1,2025-01-18T00:00:00.000Z,-43.328687310000,-21.761675740000,"Rua Natalino José de Paula, 112 - Ponto Final do Parque Burnier"
412,PARQUE BURNIER.,10072356,18:55:00,17,0,0,0,2025-01-18T00:00:00.000Z,-43.327793950000,-21.762107030000,"Rua Natalino José de Paula, 271"
412,PARQUE BURNIER.,10072375,18:55:00,16,0,0,0,2025-01-18T00:00:00.000Z,-43.327420830000,-21.762727850000,"Rua Natalino José de Paula, 319"
412,PARQUE BURNIER.,10071503,18:55:00,15,0,1,0,2025-01-18T00:00:00.000Z,-43.326207040000,-21.762717810000,"Rua Natalino José de Paula, 421"
412,PARQUE BURNIER.,10072359,18:55:00,14,0,2,1,2025-01-18T00:00:00.000Z,-43.326282500000,-21.763143540000,"Rua Adelaide Campos de Resende, 651"
412,PARQUE BURNIER.,10072328,18:55:00,13,0,2,3,2025-01-18T00:00:00.000Z,-43.326450350000,-21.763683320000,"Rua Adelaide Campos de Resende, 669"
412,PARQUE BURNIER.,10072377,18:55:00,12,0,0,5,2025-01-18T00:00:00.000Z,-43.327321890000,-21.764062650000,"Rua José Teodoro dos Santos, 25"
412,PARQUE BURNIER.,10072316,18:55:00,11,0,0,5,2025-01-18T00:00:00.000Z,-43.328204750000,-21.763332370000,"Rua José Teodoro dos Santos, 145"
412,PARQUE BURNIER.,10072313,18:55:00,10,0,1,5,2025-01-18T00:00:00.000Z,-43.328846690000,-21.762504770000,"Rua José Teodoro dos Santos, 275"
412,PARQUE BURNIER.,10072296,18:55:00,9,0,2,6,2025-01-18T00:00:00.000Z,-43.329374790000,-21.763440430000,"Rua Adelaide Campos de Resende, 975"
412,PARQUE BURNIER.,10072301,18:55:00,8,0,0,8,2025-01-18T00:00:00.000Z,-43.330138330000,-21.763252970000,"Rua Adelaide Campos de Resende, 1061"
412,PARQUE BURNIER.,10073561,18:55:00,7,0,0,8,2025-01-18T00:00:00.000Z,-43.331552510000,-21.763418910000,"Rua Olga Burnier, 480"
412,PARQUE BURNIER.,10073557,18:55:00,6,0,0,8,2025-01-18T00:00:00.000Z,-43.332479840000,-21.762640710000,"Rua Olga Burnier, 356"
412,PARQUE BURNIER.,10073560,18:55:00,5,0,1,8,2025-01-18T00:00:00.000Z,-43.333589670000,-21.761652280000,"Rua Olga Burnier, 230"
412,PARQUE BURNIER.,10073558,18:55:00,4,0,0,9,2025-01-18T00:00:00.000Z,-43.334645750000,-21.760669710000,"Rua Olga Burnier, 70"
412,PARQUE BURNIER.,10073552,18:55:00,3,0,1,9,2025-01-18T00:00:00.000Z,-43.335479020000,-21.760313550000,"Rua São Geraldo, 84"
412,PARQUE BURNIER.,10072305,18:55:00,2,1,0,10,2025-01-18T00:00:00.000Z,-43.337478970000,-21.760922950000,"Rua Djalma de Carvalho, 37"
412,PARQUE BURNIER.,10071108,18:55:00,1,9,0,9,2025-01-18T00:00:00.000Z,-43.349331860000,-21.758144610000,"Avenida Getúlio Vargas, 835"
412,PARQUE BURNIER.,10071108,20:25:00,17,0,2,4,2025-01-18T00:00:00.000Z,-43.349331860000,-21.758144610000,"Avenida Getúlio Vargas, 835"
412,PARQUE BURNIER.,10074194,20:25:00,16,2,0,6,2025-01-18T00:00:00.000Z,-43.342338620000,-21.760505960000,"Rua Ângelo Falci, 55"
412,PARQUE BURNIER.,10072302,20:25:00,15,0,0,4,2025-01-18T00:00:00.000Z,-43.338029500000,-21.760323850000,"Avenida Sete de Setembro, 623"
412,PARQUE BURNIER.,10072332,20:25:00,14,0,0,4,2025-01-18T00:00:00.000Z,-43.335533860000,-21.760131640000,"Rua São Geraldo, 89"
412,PARQUE BURNIER.,10072337,20:25:00,13,0,0,4,2025-01-18T00:00:00.000Z,-43.334540130000,-21.760522960000,"Rua Olga Burnier, 67"
412,PARQUE BURNIER.,10072335,20:25:00,12,0,0,4,2025-01-18T00:00:00.000Z,-43.333453420000,-21.761562350000,"Rua Olga Burnier, 233"
412,PARQUE BURNIER.,10072382,20:25:00,11,0,0,4,2025-01-18T00:00:00.000Z,-43.332369450000,-21.762522520000,"Rua Olga Burnier, 361"
412,PARQUE BURNIER.,10072380,20:25:00,10,0,0,4,2025-01-18T00:00:00.000Z,-43.331466790000,-21.763337580000,"Rua Olga Burnier, 485"
412,PARQUE BURNIER.,10073583,20:25:00,9,0,0,4,2025-01-18T00:00:00.000Z,-43.330207820000,-21.763072230000,"Rua Adelaide Campos de Resende, 1070"
412,PARQUE BURNIER.,10073584,20:25:00,8,1,2,4,2025-01-18T00:00:00.000Z,-43.329363350000,-21.763255450000,"Rua Adelaide Campos de Resende, 984"
412,PARQUE BURNIER.,10072386,20:25:00,7,1,0,5,2025-01-18T00:00:00.000Z,-43.328850270000,-21.762325320000,"Rua José Teodoro dos Santos, 292"
412,PARQUE BURNIER.,10072384,20:25:00,6,0,0,4,2025-01-18T00:00:00.000Z,-43.327999480000,-21.763301540000,"Rua José Teodoro dos Santos, 126"
412,PARQUE BURNIER.,10072309,20:25:00,5,0,0,4,2025-01-18T00:00:00.000Z,-43.327273730000,-21.763967940000,"Rua José Teodoro dos Santos, 28"
412,PARQUE BURNIER.,10073589,20:25:00,4,3,0,4,2025-01-18T00:00:00.000Z,-43.326568960000,-21.763629600000,"Rua Adelaide Campos de Resende, 706"
412,PARQUE BURNIER.,10072362,20:25:00,3,0,0,1,2025-01-18T00:00:00.000Z,-43.327527760000,-21.762798310000,"Rua Natalino José de Paula, 310"
412,PARQUE BURNIER.,10072363,20:25:00,2,1,0,1,2025-01-18T00:00:00.000Z,-43.327885630000,-21.762179390000,"Rua Natalino José de Paula, 288"
412,PARQUE BURNIER.,10072358,20:25:00,1,0,0,0,2025-01-18T00:00:00.000Z,-43.328687310000,-21.761675740000,"Rua Natalino José de Paula, 112 - Ponto Final do Parque Burnier"
412,PARQUE BURNIER.,10071108,21:20:00,17,0,5,0,2025-01-18T00:00:00.000Z,-43.349331860000,-21.758144610000,"Avenida Getúlio Vargas, 835"
412,PARQUE BURNIER.,10074194,21:20:00,16,3,1,5,2025-01-18T00:00:00.000Z,-43.342338620000,-21.760505960000,"Rua Ângelo Falci, 55"
412,PARQUE BURNIER.,10072302,21:20:00,15,0,0,3,2025-01-18T00:00:00.000Z,-43.338029500000,-21.760323850000,"Avenida Sete de Setembro, 623"
412,PARQUE BURNIER.,10072332,21:20:00,14,1,0,3,2025-01-18T00:00:00.000Z,-43.335533860000,-21.760131640000,"Rua São Geraldo, 89"
412,PARQUE BURNIER.,10072337,21:20:00,13,0,0,2,2025-01-18T00:00:00.000Z,-43.334540130000,-21.760522960000,"Rua Olga Burnier, 67"
412,PARQUE BURNIER.,10072335,21:20:00,12,0,0,2,2025-01-18T00:00:00.000Z,-43.333453420000,-21.761562350000,"Rua Olga Burnier, 233"
412,PARQUE BURNIER.,10072382,21:20:00,11,0,0,2,2025-01-18T00:00:00.000Z,-43.332369450000,-21.762522520000,"Rua Olga Burnier, 361"
412,PARQUE BURNIER.,10072380,21:20:00,10,0,0,2,2025-01-18T00:00:00.000Z,-43.331466790000,-21.763337580000,"Rua Olga Burnier, 485"
412,PARQUE BURNIER.,10073583,21:20:00,9,0,0,2,2025-01-18T00:00:00.000Z,-43.330207820000,-21.763072230000,"Rua Adelaide Campos de Resende, 1070"
412,PARQUE BURNIER.,10073584,21:20:00,8,1,0,2,2025-01-18T00:00:00.000Z,-43.329363350000,-21.763255450000,"Rua Adelaide Campos de Resende, 984"
412,PARQUE BURNIER.,10072386,21:20:00,7,0,0,1,2025-01-18T00:00:00.000Z,-43.328850270000,-21.762325320000,"Rua José Teodoro dos Santos, 292"
412,PARQUE BURNIER.,10072384,21:20:00,6,0,0,1,2025-01-18T00:00:00.000Z,-43.327999480000,-21.763301540000,"Rua José Teodoro dos Santos, 126"
412,PARQUE BURNIER.,10072309,21:20:00,5,0,0,1,2025-01-18T00:00:00.000Z,-43.327273730000,-21.763967940000,"Rua José Teodoro dos Santos, 28"
412,PARQUE BURNIER.,10073589,21:20:00,4,0,0,1,2025-01-18T00:00:00.000Z,-43.326568960000,-21.763629600000,"Rua Adelaide Campos de Resende, 706"
412,PARQUE BURNIER.,10072362,21:20:00,3,1,0,1,2025-01-18T00:00:00.000Z,-43.327527760000,-21.762798310000,"Rua Natalino José de Paula, 310"
412,PARQUE BURNIER.,10072363,21:20:00,2,0,0,0,2025-01-18T00:00:00.000Z,-43.327885630000,-21.762179390000,"Rua Natalino José de Paula, 288"
412,PARQUE BURNIER.,10072358,21:20:00,1,0,0,0,2025-01-18T00:00:00.000Z,-43.328687310000,-21.761675740000,"Rua Natalino José de Paula, 112 - Ponto Final do Parque Burnier"
412,PARQUE BURNIER.,10072358,21:40:00,18,0,1,2,2025-01-18T00:00:00.000Z,-43.328687310000,-21.761675740000,"Rua Natalino José de Paula, 112 - Ponto Final do Parque Burnier"
412,PARQUE BURNIER.,10072356,21:40:00,17,3,0,3,2025-01-18T00:00:00.000Z,-43.327793950000,-21.762107030000,"Rua Natalino José de Paula, 271"
412,PARQUE BURNIER.,10072375,21:40:00,16,0,0,0,2025-01-18T00:00:00.000Z,-43.327420830000,-21.762727850000,"Rua Natalino José de Paula, 319"
412,PARQUE BURNIER.,10071503,21:40:00,15,0,0,0,2025-01-18T00:00:00.000Z,-43.326207040000,-21.762717810000,"Rua Natalino José de Paula, 421"
412,PARQUE BURNIER.,10072359,21:40:00,14,0,0,0,2025-01-18T00:00:00.000Z,-43.326282500000,-21.763143540000,"Rua Adelaide Campos de Resende, 651"
412,PARQUE BURNIER.,10072328,21:40:00,13,0,2,0,2025-01-18T00:00:00.000Z,-43.326450350000,-21.763683320000,"Rua Adelaide Campos de Resende, 669"
412,PARQUE BURNIER.,10072377,21:40:00,12,0,0,2,2025-01-18T00:00:00.000Z,-43.327321890000,-21.764062650000,"Rua José Teodoro dos Santos, 25"
412,PARQUE BURNIER.,10072316,21:40:00,11,0,0,2,2025-01-18T00:00:00.000Z,-43.328204750000,-21.763332370000,"Rua José Teodoro dos Santos, 145"
412,PARQUE BURNIER.,10072313,21:40:00,10,0,2,2,2025-01-18T00:00:00.000Z,-43.328846690000,-21.762504770000,"Rua José Teodoro dos Santos, 275"
412,PARQUE BURNIER.,10072296,21:40:00,9,0,4,4,2025-01-18T00:00:00.000Z,-43.329374790000,-21.763440430000,"Rua Adelaide Campos de Resende, 975"
412,PARQUE BURNIER.,10072301,21:40:00,8,0,0,8,2025-01-18T00:00:00.000Z,-43.330138330000,-21.763252970000,"Rua Adelaide Campos de Resende, 1061"
412,PARQUE BURNIER.,10073561,21:40:00,7,0,1,8,2025-01-18T00:00:00.000Z,-43.331552510000,-21.763418910000,"Rua Olga Burnier, 480"
412,PARQUE BURNIER.,10073557,21:40:00,6,0,1,9,2025-01-18T00:00:00.000Z,-43.332479840000,-21.762640710000,"Rua Olga Burnier, 356"
412,PARQUE BURNIER.,10073560,21:40:00,5,0,0,10,2025-01-18T00:00:00.000Z,-43.333589670000,-21.761652280000,"Rua Olga Burnier, 230"
412,PARQUE BURNIER.,10073558,21:40:00,4,0,1,10,2025-01-18T00:00:00.000Z,-43.334645750000,-21.760669710000,"Rua Olga Burnier, 70"
412,PARQUE BURNIER.,10073552,21:40:00,3,0,0,11,2025-01-18T00:00:00.000Z,-43.335479020000,-21.760313550000,"Rua São Geraldo, 84"
412,PARQUE BURNIER.,10072305,21:40:00,2,0,0,11,2025-01-18T00:00:00.000Z,-43.337478970000,-21.760922950000,"Rua Djalma de Carvalho, 37"
412,PARQUE BURNIER.,10071108,21:40:00,1,11,0,11,2025-01-18T00:00:00.000Z,-43.349331860000,-21.758144610000,"Avenida Getúlio Vargas, 835"
412,PARQUE BURNIER.,10072358,22:30:00,18,0,0,0,2025-01-18T00:00:00.000Z,-43.328687310000,-21.761675740000,"Rua Natalino José de Paula, 112 - Ponto Final do Parque Burnier"
412,PARQUE BURNIER.,10072356,22:30:00,17,0,0,0,2025-01-18T00:00:00.000Z,-43.327793950000,-21.762107030000,"Rua Natalino José de Paula, 271"
412,PARQUE BURNIER.,10072375,22:30:00,16,0,0,0,2025-01-18T00:00:00.000Z,-43.327420830000,-21.762727850000,"Rua Natalino José de Paula, 319"
412,PARQUE BURNIER.,10071503,22:30:00,15,0,1,0,2025-01-18T00:00:00.000Z,-43.326207040000,-21.762717810000,"Rua Natalino José de Paula, 421"
412,PARQUE BURNIER.,10072359,22:30:00,14,0,3,1,2025-01-18T00:00:00.000Z,-43.326282500000,-21.763143540000,"Rua Adelaide Campos de Resende, 651"
412,PARQUE BURNIER.,10072328,22:30:00,13,0,3,4,2025-01-18T00:00:00.000Z,-43.326450350000,-21.763683320000,"Rua Adelaide Campos de Resende, 669"
412,PARQUE BURNIER.,10072377,22:30:00,12,0,0,7,2025-01-18T00:00:00.000Z,-43.327321890000,-21.764062650000,"Rua José Teodoro dos Santos, 25"
412,PARQUE BURNIER.,10072316,22:30:00,11,0,0,7,2025-01-18T00:00:00.000Z,-43.328204750000,-21.763332370000,"Rua José Teodoro dos Santos, 145"
412,PARQUE BURNIER.,10072313,22:30:00,10,0,1,7,2025-01-18T00:00:00.000Z,-43.328846690000,-21.762504770000,"Rua José Teodoro dos Santos, 275"
412,PARQUE BURNIER.,10072296,22:30:00,9,0,1,8,2025-01-18T00:00:00.000Z,-43.329374790000,-21.763440430000,"Rua Adelaide Campos de Resende, 975"
412,PARQUE BURNIER.,10072301,22:30:00,8,0,0,9,2025-01-18T00:00:00.000Z,-43.330138330000,-21.763252970000,"Rua Adelaide Campos de Resende, 1061"
412,PARQUE BURNIER.,10073561,22:30:00,7,0,0,9,2025-01-18T00:00:00.000Z,-43.331552510000,-21.763418910000,"Rua Olga Burnier, 480"
412,PARQUE BURNIER.,10073557,22:30:00,6,0,0,9,2025-01-18T00:00:00.000Z,-43.332479840000,-21.762640710000,"Rua Olga Burnier, 356"
412,PARQUE BURNIER.,10073560,22:30:00,5,0,0,9,2025-01-18T00:00:00.000Z,-43.333589670000,-21.761652280000,"Rua Olga Burnier, 230"
412,PARQUE BURNIER.,10073558,22:30:00,4,0,0,9,2025-01-18T00:00:00.000Z,-43.334645750000,-21.760669710000,"Rua Olga Burnier, 70"
412,PARQUE BURNIER.,10073552,22:30:00,3,0,0,9,2025-01-18T00:00:00.000Z,-43.335479020000,-21.760313550000,"Rua São Geraldo, 84"
412,PARQUE BURNIER.,10072305,22:30:00,2,0,0,9,2025-01-18T00:00:00.000Z,-43.337478970000,-21.760922950000,"Rua Djalma de Carvalho, 37"
412,PARQUE BURNIER.,10071108,22:30:00,1,9,0,9,2025-01-18T00:00:00.000Z,-43.349331860000,-21.758144610000,"Avenida Getúlio Vargas, 835"
412,PARQUE BURNIER.,10071503,07:25:00,15,0,0,0,2025-01-19T00:00:00.000Z,-43.326207040000,-21.762717810000,"Rua Natalino José de Paula, 421"
412,PARQUE BURNIER.,10073561,07:25:00,7,0,0,0,2025-01-19T00:00:00.000Z,-43.331552510000,-21.763418910000,"Rua Olga Burnier, 480"
412,PARQUE BURNIER.,10072359,07:25:00,14,0,0,0,2025-01-19T00:00:00.000Z,-43.326282500000,-21.763143540000,"Rua Adelaide Campos de Resende, 651"
412,PARQUE BURNIER.,10072328,07:25:00,13,0,0,0,2025-01-19T00:00:00.000Z,-43.326450350000,-21.763683320000,"Rua Adelaide Campos de Resende, 669"
412,PARQUE BURNIER.,10073557,07:25:00,6,0,0,0,2025-01-19T00:00:00.000Z,-43.332479840000,-21.762640710000,"Rua Olga Burnier, 356"
412,PARQUE BURNIER.,10073552,07:25:00,3,0,0,1,2025-01-19T00:00:00.000Z,-43.335479020000,-21.760313550000,"Rua São Geraldo, 84"
412,PARQUE BURNIER.,10072377,07:25:00,12,0,0,0,2025-01-19T00:00:00.000Z,-43.327321890000,-21.764062650000,"Rua José Teodoro dos Santos, 25"
412,PARQUE BURNIER.,10072316,07:25:00,11,0,0,0,2025-01-19T00:00:00.000Z,-43.328204750000,-21.763332370000,"Rua José Teodoro dos Santos, 145"
412,PARQUE BURNIER.,10073560,07:25:00,5,0,1,0,2025-01-19T00:00:00.000Z,-43.333589670000,-21.761652280000,"Rua Olga Burnier, 230"
412,PARQUE BURNIER.,10071108,07:25:00,1,1,0,1,2025-01-19T00:00:00.000Z,-43.349331860000,-21.758144610000,"Avenida Getúlio Vargas, 835"
412,PARQUE BURNIER.,10072313,07:25:00,10,0,0,0,2025-01-19T00:00:00.000Z,-43.328846690000,-21.762504770000,"Rua José Teodoro dos Santos, 275"
412,PARQUE BURNIER.,10072296,07:25:00,9,0,0,0,2025-01-19T00:00:00.000Z,-43.329374790000,-21.763440430000,"Rua Adelaide Campos de Resende, 975"
412,PARQUE BURNIER.,10073558,07:25:00,4,0,0,1,2025-01-19T00:00:00.000Z,-43.334645750000,-21.760669710000,"Rua Olga Burnier, 70"
412,PARQUE BURNIER.,10072358,07:25:00,18,4,0,5,2025-01-19T00:00:00.000Z,-43.328687310000,-21.761675740000,"Rua Natalino José de Paula, 112 - Ponto Final do Parque Burnier"
412,PARQUE BURNIER.,10072356,07:25:00,17,0,0,1,2025-01-19T00:00:00.000Z,-43.327793950000,-21.762107030000,"Rua Natalino José de Paula, 271"
412,PARQUE BURNIER.,10072301,07:25:00,8,0,0,0,2025-01-19T00:00:00.000Z,-43.330138330000,-21.763252970000,"Rua Adelaide Campos de Resende, 1061"
412,PARQUE BURNIER.,10072305,07:25:00,2,0,0,1,2025-01-19T00:00:00.000Z,-43.337478970000,-21.760922950000,"Rua Djalma de Carvalho, 37"
412,PARQUE BURNIER.,10072375,07:25:00,16,1,0,1,2025-01-19T00:00:00.000Z,-43.327420830000,-21.762727850000,"Rua Natalino José de Paula, 319"
412,PARQUE BURNIER.,10072337,08:00:00,13,0,3,5,2025-01-19T00:00:00.000Z,-43.334540130000,-21.760522960000,"Rua Olga Burnier, 67"
412,PARQUE BURNIER.,10072335,08:00:00,12,0,0,8,2025-01-19T00:00:00.000Z,-43.333453420000,-21.761562350000,"Rua Olga Burnier, 233"
412,PARQUE BURNIER.,10072382,08:00:00,11,0,0,8,2025-01-19T00:00:00.000Z,-43.332369450000,-21.762522520000,"Rua Olga Burnier, 361"
412,PARQUE BURNIER.,10072380,08:00:00,10,0,0,8,2025-01-19T00:00:00.000Z,-43.331466790000,-21.763337580000,"Rua Olga Burnier, 485"
412,PARQUE BURNIER.,10073583,08:00:00,9,0,0,8,2025-01-19T00:00:00.000Z,-43.330207820000,-21.763072230000,"Rua Adelaide Campos de Resende, 1070"
412,PARQUE BURNIER.,10073584,08:00:00,8,0,0,8,2025-01-19T00:00:00.000Z,-43.329363350000,-21.763255450000,"Rua Adelaide Campos de Resende, 984"
412,PARQUE BURNIER.,10072384,08:00:00,6,0,0,5,2025-01-19T00:00:00.000Z,-43.327999480000,-21.763301540000,"Rua José Teodoro dos Santos, 126"
412,PARQUE BURNIER.,10072386,08:00:00,7,3,0,8,2025-01-19T00:00:00.000Z,-43.328850270000,-21.762325320000,"Rua José Teodoro dos Santos, 292"
412,PARQUE BURNIER.,10072309,08:00:00,5,0,0,5,2025-01-19T00:00:00.000Z,-43.327273730000,-21.763967940000,"Rua José Teodoro dos Santos, 28"
412,PARQUE BURNIER.,10073589,08:00:00,4,1,0,5,2025-01-19T00:00:00.000Z,-43.326568960000,-21.763629600000,"Rua Adelaide Campos de Resende, 706"
412,PARQUE BURNIER.,10072362,08:00:00,3,4,0,4,2025-01-19T00:00:00.000Z,-43.327527760000,-21.762798310000,"Rua Natalino José de Paula, 310"
412,PARQUE BURNIER.,10072363,08:00:00,2,0,0,0,2025-01-19T00:00:00.000Z,-43.327885630000,-21.762179390000,"Rua Natalino José de Paula, 288"
412,PARQUE BURNIER.,10072358,08:00:00,1,0,0,0,2025-01-19T00:00:00.000Z,-43.328687310000,-21.761675740000,"Rua Natalino José de Paula, 112 - Ponto Final do Parque Burnier"
412,PARQUE BURNIER.,10072332,08:00:00,14,0,0,5,2025-01-19T00:00:00.000Z,-43.335533860000,-21.760131640000,"Rua São Geraldo, 89"
412,PARQUE BURNIER.,10071108,08:00:00,17,0,0,3,2025-01-19T00:00:00.000Z,-43.349331860000,-21.758144610000,"Avenida Getúlio Vargas, 835"
412,PARQUE BURNIER.,10074194,08:00:00,16,3,1,3,2025-01-19T00:00:00.000Z,-43.342338620000,-21.760505960000,"Rua Ângelo Falci, 55"
412,PARQUE BURNIER.,10072302,08:00:00,15,1,5,1,2025-01-19T00:00:00.000Z,-43.338029500000,-21.760323850000,"Avenida Sete de Setembro, 623"
412,PARQUE BURNIER.,10072356,08:25:00,17,0,0,11,2025-01-19T00:00:00.000Z,-43.327793950000,-21.762107030000,"Rua Natalino José de Paula, 271"
412,PARQUE BURNIER.,10072359,08:25:00,14,0,0,12,2025-01-19T00:00:00.000Z,-43.326282500000,-21.763143540000,"Rua Adelaide Campos de Resende, 651"
412,PARQUE BURNIER.,10072358,08:25:00,18,0,0,11,2025-01-19T00:00:00.000Z,-43.328687310000,-21.761675740000,"Rua Natalino José de Paula, 112 - Ponto Final do Parque Burnier"
412,PARQUE BURNIER.,10072328,08:25:00,13,0,0,12,2025-01-19T00:00:00.000Z,-43.326450350000,-21.763683320000,"Rua Adelaide Campos de Resende, 669"
412,PARQUE BURNIER.,10072375,08:25:00,16,0,1,11,2025-01-19T00:00:00.000Z,-43.327420830000,-21.762727850000,"Rua Natalino José de Paula, 319"
412,PARQUE BURNIER.,10071108,08:25:00,1,0,0,0,2025-01-19T00:00:00.000Z,-43.349331860000,-21.758144610000,"Avenida Getúlio Vargas, 835"
412,PARQUE BURNIER.,10071503,08:25:00,15,0,0,12,2025-01-19T00:00:00.000Z,-43.326207040000,-21.762717810000,"Rua Natalino José de Paula, 421"
412,PARQUE BURNIER.,10072377,08:25:00,12,0,1,12,2025-01-19T00:00:00.000Z,-43.327321890000,-21.764062650000,"Rua José Teodoro dos Santos, 25"
412,PARQUE BURNIER.,10072316,08:25:00,11,0,0,13,2025-01-19T00:00:00.000Z,-43.328204750000,-21.763332370000,"Rua José Teodoro dos Santos, 145"
412,PARQUE BURNIER.,10072313,08:25:00,10,0,0,13,2025-01-19T00:00:00.000Z,-43.328846690000,-21.762504770000,"Rua José Teodoro dos Santos, 275"
412,PARQUE BURNIER.,10072296,08:25:00,9,0,2,13,2025-01-19T00:00:00.000Z,-43.329374790000,-21.763440430000,"Rua Adelaide Campos de Resende, 975"
412,PARQUE BURNIER.,10072301,08:25:00,8,0,0,15,2025-01-19T00:00:00.000Z,-43.330138330000,-21.763252970000,"Rua Adelaide Campos de Resende, 1061"
412,PARQUE BURNIER.,10073561,08:25:00,7,0,0,15,2025-01-19T00:00:00.000Z,-43.331552510000,-21.763418910000,"Rua Olga Burnier, 480"
412,PARQUE BURNIER.,10073560,08:25:00,5,0,0,15,2025-01-19T00:00:00.000Z,-43.333589670000,-21.761652280000,"Rua Olga Burnier, 230"
412,PARQUE BURNIER.,10073557,08:25:00,6,0,0,15,2025-01-19T00:00:00.000Z,-43.332479840000,-21.762640710000,"Rua Olga Burnier, 356"
412,PARQUE BURNIER.,10073558,08:25:00,4,2,0,15,2025-01-19T00:00:00.000Z,-43.334645750000,-21.760669710000,"Rua Olga Burnier, 70"
412,PARQUE BURNIER.,10073552,08:25:00,3,5,0,13,2025-01-19T00:00:00.000Z,-43.335479020000,-21.760313550000,"Rua São Geraldo, 84"
412,PARQUE BURNIER.,10072305,08:25:00,2,8,0,8,2025-01-19T00:00:00.000Z,-43.337478970000,-21.760922950000,"Rua Djalma de Carvalho, 37"
412,PARQUE BURNIER.,10072313,13:25:00,10,0,0,6,2025-01-19T00:00:00.000Z,-43.328846690000,-21.762504770000,"Rua José Teodoro dos Santos, 275"
412,PARQUE BURNIER.,10072296,13:25:00,9,1,2,6,2025-01-19T00:00:00.000Z,-43.329374790000,-21.763440430000,"Rua Adelaide Campos de Resende, 975"
412,PARQUE BURNIER.,10072301,13:25:00,8,0,0,7,2025-01-19T00:00:00.000Z,-43.330138330000,-21.763252970000,"Rua Adelaide Campos de Resende, 1061"
412,PARQUE BURNIER.,10073561,13:25:00,7,0,0,7,2025-01-19T00:00:00.000Z,-43.331552510000,-21.763418910000,"Rua Olga Burnier, 480"
412,PARQUE BURNIER.,10073557,13:25:00,6,0,2,7,2025-01-19T00:00:00.000Z,-43.332479840000,-21.762640710000,"Rua Olga Burnier, 356"
412,PARQUE BURNIER.,10073560,13:25:00,5,0,3,9,2025-01-19T00:00:00.000Z,-43.333589670000,-21.761652280000,"Rua Olga Burnier, 230"
412,PARQUE BURNIER.,10073552,13:25:00,3,1,0,12,2025-01-19T00:00:00.000Z,-43.335479020000,-21.760313550000,"Rua São Geraldo, 84"
412,PARQUE BURNIER.,10073558,13:25:00,4,0,0,12,2025-01-19T00:00:00.000Z,-43.334645750000,-21.760669710000,"Rua Olga Burnier, 70"
412,PARQUE BURNIER.,10072305,13:25:00,2,0,0,11,2025-01-19T00:00:00.000Z,-43.337478970000,-21.760922950000,"Rua Djalma de Carvalho, 37"
412,PARQUE BURNIER.,10072377,13:25:00,12,0,0,5,2025-01-19T00:00:00.000Z,-43.327321890000,-21.764062650000,"Rua José Teodoro dos Santos, 25"
412,PARQUE BURNIER.,10072316,13:25:00,11,0,1,5,2025-01-19T00:00:00.000Z,-43.328204750000,-21.763332370000,"Rua José Teodoro dos Santos, 145"
412,PARQUE BURNIER.,10071108,13:25:00,1,11,0,11,2025-01-19T00:00:00.000Z,-43.349331860000,-21.758144610000,"Avenida Getúlio Vargas, 835"
412,PARQUE BURNIER.,10072358,13:25:00,18,11,0,11,2025-01-19T00:00:00.000Z,-43.328687310000,-21.761675740000,"Rua Natalino José de Paula, 112 - Ponto Final do Parque Burnier"
412,PARQUE BURNIER.,10072356,13:25:00,17,0,2,0,2025-01-19T00:00:00.000Z,-43.327793950000,-21.762107030000,"Rua Natalino José de Paula, 271"
412,PARQUE BURNIER.,10072375,13:25:00,16,0,0,2,2025-01-19T00:00:00.000Z,-43.327420830000,-21.762727850000,"Rua Natalino José de Paula, 319"
412,PARQUE BURNIER.,10071503,13:25:00,15,0,1,2,2025-01-19T00:00:00.000Z,-43.326207040000,-21.762717810000,"Rua Natalino José de Paula, 421"
412,PARQUE BURNIER.,10072328,13:25:00,13,0,1,4,2025-01-19T00:00:00.000Z,-43.326450350000,-21.763683320000,"Rua Adelaide Campos de Resende, 669"
412,PARQUE BURNIER.,10072359,13:25:00,14,0,1,3,2025-01-19T00:00:00.000Z,-43.326282500000,-21.763143540000,"Rua Adelaide Campos de Resende, 651"
412,PARQUE BURNIER.,10072358,14:00:00,1,0,0,0,2025-01-19T00:00:00.000Z,-43.328687310000,-21.761675740000,"Rua Natalino José de Paula, 112 - Ponto Final do Parque Burnier"
412,PARQUE BURNIER.,10071108,14:00:00,17,0,0,8,2025-01-19T00:00:00.000Z,-43.349331860000,-21.758144610000,"Avenida Getúlio Vargas, 835"
412,PARQUE BURNIER.,10073583,14:00:00,9,0,0,5,2025-01-19T00:00:00.000Z,-43.330207820000,-21.763072230000,"Rua Adelaide Campos de Resende, 1070"
412,PARQUE BURNIER.,10072363,14:00:00,2,0,0,0,2025-01-19T00:00:00.000Z,-43.327885630000,-21.762179390000,"Rua Natalino José de Paula, 288"
412,PARQUE BURNIER.,10074194,14:00:00,16,8,0,8,2025-01-19T00:00:00.000Z,-43.342338620000,-21.760505960000,"Rua Ângelo Falci, 55"
412,PARQUE BURNIER.,10072302,14:00:00,15,0,0,0,2025-01-19T00:00:00.000Z,-43.338029500000,-21.760323850000,"Avenida Sete de Setembro, 623"
412,PARQUE BURNIER.,10072332,14:00:00,14,0,0,0,2025-01-19T00:00:00.000Z,-43.335533860000,-21.760131640000,"Rua São Geraldo, 89"
412,PARQUE BURNIER.,10072337,14:00:00,13,0,5,0,2025-01-19T00:00:00.000Z,-43.334540130000,-21.760522960000,"Rua Olga Burnier, 67"
412,PARQUE BURNIER.,10072335,14:00:00,12,0,0,5,2025-01-19T00:00:00.000Z,-43.333453420000,-21.761562350000,"Rua Olga Burnier, 233"
412,PARQUE BURNIER.,10072380,14:00:00,10,0,0,5,2025-01-19T00:00:00.000Z,-43.331466790000,-21.763337580000,"Rua Olga Burnier, 485"
412,PARQUE BURNIER.,10072382,14:00:00,11,0,0,5,2025-01-19T00:00:00.000Z,-43.332369450000,-21.762522520000,"Rua Olga Burnier, 361"
412,PARQUE BURNIER.,10073584,14:00:00,8,1,0,5,2025-01-19T00:00:00.000Z,-43.329363350000,-21.763255450000,"Rua Adelaide Campos de Resende, 984"
412,PARQUE BURNIER.,10072386,14:00:00,7,0,0,4,2025-01-19T00:00:00.000Z,-43.328850270000,-21.762325320000,"Rua José Teodoro dos Santos, 292"
412,PARQUE BURNIER.,10072384,14:00:00,6,1,0,4,2025-01-19T00:00:00.000Z,-43.327999480000,-21.763301540000,"Rua José Teodoro dos Santos, 126"
412,PARQUE BURNIER.,10072309,14:00:00,5,1,0,3,2025-01-19T00:00:00.000Z,-43.327273730000,-21.763967940000,"Rua José Teodoro dos Santos, 28"
412,PARQUE BURNIER.,10073589,14:00:00,4,1,1,2,2025-01-19T00:00:00.000Z,-43.326568960000,-21.763629600000,"Rua Adelaide Campos de Resende, 706"
412,PARQUE BURNIER.,10072362,14:00:00,3,2,0,2,2025-01-19T00:00:00.000Z,-43.327527760000,-21.762798310000,"Rua Natalino José de Paula, 310"
412,PARQUE BURNIER.,10072358,16:00:00,1,0,0,0,2025-01-19T00:00:00.000Z,-43.328687310000,-21.761675740000,"Rua Natalino José de Paula, 112 - Ponto Final do Parque Burnier"
412,PARQUE BURNIER.,10073584,16:00:00,8,0,0,5,2025-01-19T00:00:00.000Z,-43.329363350000,-21.763255450000,"Rua Adelaide Campos de Resende, 984"
412,PARQUE BURNIER.,10071108,16:00:00,17,0,0,5,2025-01-19T00:00:00.000Z,-43.349331860000,-21.758144610000,"Avenida Getúlio Vargas, 835"
412,PARQUE BURNIER.,10074194,16:00:00,16,5,0,5,2025-01-19T00:00:00.000Z,-43.342338620000,-21.760505960000,"Rua Ângelo Falci, 55"
412,PARQUE BURNIER.,10073583,16:00:00,9,0,0,5,2025-01-19T00:00:00.000Z,-43.330207820000,-21.763072230000,"Rua Adelaide Campos de Resende, 1070"
412,PARQUE BURNIER.,10072302,16:00:00,15,0,2,0,2025-01-19T00:00:00.000Z,-43.338029500000,-21.760323850000,"Avenida Sete de Setembro, 623"
412,PARQUE BURNIER.,10072332,16:00:00,14,0,0,2,2025-01-19T00:00:00.000Z,-43.335533860000,-21.760131640000,"Rua São Geraldo, 89"
412,PARQUE BURNIER.,10072337,16:00:00,13,0,3,2,2025-01-19T00:00:00.000Z,-43.334540130000,-21.760522960000,"Rua Olga Burnier, 67"
412,PARQUE BURNIER.,10072335,16:00:00,12,0,0,5,2025-01-19T00:00:00.000Z,-43.333453420000,-21.761562350000,"Rua Olga Burnier, 233"
412,PARQUE BURNIER.,10072380,16:00:00,10,0,0,5,2025-01-19T00:00:00.000Z,-43.331466790000,-21.763337580000,"Rua Olga Burnier, 485"
412,PARQUE BURNIER.,10072382,16:00:00,11,0,0,5,2025-01-19T00:00:00.000Z,-43.332369450000,-21.762522520000,"Rua Olga Burnier, 361"
412,PARQUE BURNIER.,10072386,16:00:00,7,1,0,5,2025-01-19T00:00:00.000Z,-43.328850270000,-21.762325320000,"Rua José Teodoro dos Santos, 292"
412,PARQUE BURNIER.,10072384,16:00:00,6,2,0,4,2025-01-19T00:00:00.000Z,-43.327999480000,-21.763301540000,"Rua José Teodoro dos Santos, 126"
412,PARQUE BURNIER.,10072309,16:00:00,5,0,0,2,2025-01-19T00:00:00.000Z,-43.327273730000,-21.763967940000,"Rua José Teodoro dos Santos, 28"
412,PARQUE BURNIER.,10073589,16:00:00,4,0,0,2,2025-01-19T00:00:00.000Z,-43.326568960000,-21.763629600000,"Rua Adelaide Campos de Resende, 706"
412,PARQUE BURNIER.,10072362,16:00:00,3,0,0,2,2025-01-19T00:00:00.000Z,-43.327527760000,-21.762798310000,"Rua Natalino José de Paula, 310"
412,PARQUE BURNIER.,10072363,16:00:00,2,2,0,2,2025-01-19T00:00:00.000Z,-43.327885630000,-21.762179390000,"Rua Natalino José de Paula, 288"
412,PARQUE BURNIER.,10072363,17:00:00,2,0,0,0,2025-01-19T00:00:00.000Z,-43.327885630000,-21.762179390000,"Rua Natalino José de Paula, 288"
412,PARQUE BURNIER.,10072358,17:00:00,1,0,0,0,2025-01-19T00:00:00.000Z,-43.328687310000,-21.761675740000,"Rua Natalino José de Paula, 112 - Ponto Final do Parque Burnier"
412,PARQUE BURNIER.,10072386,17:00:00,7,4,0,7,2025-01-19T00:00:00.000Z,-43.328850270000,-21.762325320000,"Rua José Teodoro dos Santos, 292"
412,PARQUE BURNIER.,10071108,17:00:00,17,0,0,3,2025-01-19T00:00:00.000Z,-43.349331860000,-21.758144610000,"Avenida Getúlio Vargas, 835"
412,PARQUE BURNIER.,10074194,17:00:00,16,3,2,3,2025-01-19T00:00:00.000Z,-43.342338620000,-21.760505960000,"Rua Ângelo Falci, 55"
412,PARQUE BURNIER.,10072302,17:00:00,15,2,4,2,2025-01-19T00:00:00.000Z,-43.338029500000,-21.760323850000,"Avenida Sete de Setembro, 623"
412,PARQUE BURNIER.,10072332,17:00:00,14,4,5,4,2025-01-19T00:00:00.000Z,-43.335533860000,-21.760131640000,"Rua São Geraldo, 89"
412,PARQUE BURNIER.,10072337,17:00:00,13,0,2,5,2025-01-19T00:00:00.000Z,-43.334540130000,-21.760522960000,"Rua Olga Burnier, 67"
412,PARQUE BURNIER.,10072335,17:00:00,12,0,0,7,2025-01-19T00:00:00.000Z,-43.333453420000,-21.761562350000,"Rua Olga Burnier, 233"
412,PARQUE BURNIER.,10072382,17:00:00,11,0,0,7,2025-01-19T00:00:00.000Z,-43.332369450000,-21.762522520000,"Rua Olga Burnier, 361"
412,PARQUE BURNIER.,10072380,17:00:00,10,0,0,7,2025-01-19T00:00:00.000Z,-43.331466790000,-21.763337580000,"Rua Olga Burnier, 485"
412,PARQUE BURNIER.,10073584,17:00:00,8,0,0,7,2025-01-19T00:00:00.000Z,-43.329363350000,-21.763255450000,"Rua Adelaide Campos de Resende, 984"
412,PARQUE BURNIER.,10073583,17:00:00,9,0,0,7,2025-01-19T00:00:00.000Z,-43.330207820000,-21.763072230000,"Rua Adelaide Campos de Resende, 1070"
412,PARQUE BURNIER.,10072384,17:00:00,6,0,0,3,2025-01-19T00:00:00.000Z,-43.327999480000,-21.763301540000,"Rua José Teodoro dos Santos, 126"
412,PARQUE BURNIER.,10072309,17:00:00,5,0,0,3,2025-01-19T00:00:00.000Z,-43.327273730000,-21.763967940000,"Rua José Teodoro dos Santos, 28"
412,PARQUE BURNIER.,10073589,17:00:00,4,3,0,3,2025-01-19T00:00:00.000Z,-43.326568960000,-21.763629600000,"Rua Adelaide Campos de Resende, 706"
412,PARQUE BURNIER.,10072362,17:00:00,3,0,0,0,2025-01-19T00:00:00.000Z,-43.327527760000,-21.762798310000,"Rua Natalino José de Paula, 310"
412,PARQUE BURNIER.,10072309,18:00:00,5,0,0,7,2025-01-19T00:00:00.000Z,-43.327273730000,-21.763967940000,"Rua José Teodoro dos Santos, 28"
412,PARQUE BURNIER.,10073589,18:00:00,4,1,0,7,2025-01-19T00:00:00.000Z,-43.326568960000,-21.763629600000,"Rua Adelaide Campos de Resende, 706"
412,PARQUE BURNIER.,10072362,18:00:00,3,0,0,6,2025-01-19T00:00:00.000Z,-43.327527760000,-21.762798310000,"Rua Natalino José de Paula, 310"
412,PARQUE BURNIER.,10072363,18:00:00,2,6,0,6,2025-01-19T00:00:00.000Z,-43.327885630000,-21.762179390000,"Rua Natalino José de Paula, 288"
412,PARQUE BURNIER.,10073584,18:00:00,8,2,1,9,2025-01-19T00:00:00.000Z,-43.329363350000,-21.763255450000,"Rua Adelaide Campos de Resende, 984"
412,PARQUE BURNIER.,10072386,18:00:00,7,0,0,8,2025-01-19T00:00:00.000Z,-43.328850270000,-21.762325320000,"Rua José Teodoro dos Santos, 292"
412,PARQUE BURNIER.,10072332,18:00:00,14,0,1,13,2025-01-19T00:00:00.000Z,-43.335533860000,-21.760131640000,"Rua São Geraldo, 89"
412,PARQUE BURNIER.,10072384,18:00:00,6,1,0,8,2025-01-19T00:00:00.000Z,-43.327999480000,-21.763301540000,"Rua José Teodoro dos Santos, 126"
412,PARQUE BURNIER.,10071108,18:00:00,17,0,11,12,2025-01-19T00:00:00.000Z,-43.349331860000,-21.758144610000,"Avenida Getúlio Vargas, 835"
412,PARQUE BURNIER.,10074194,18:00:00,16,10,0,23,2025-01-19T00:00:00.000Z,-43.342338620000,-21.760505960000,"Rua Ângelo Falci, 55"
412,PARQUE BURNIER.,10072358,18:00:00,1,0,0,0,2025-01-19T00:00:00.000Z,-43.328687310000,-21.761675740000,"Rua Natalino José de Paula, 112 - Ponto Final do Parque Burnier"
412,PARQUE BURNIER.,10072302,18:00:00,15,0,0,13,2025-01-19T00:00:00.000Z,-43.338029500000,-21.760323850000,"Avenida Sete de Setembro, 623"
412,PARQUE BURNIER.,10072337,18:00:00,13,0,0,14,2025-01-19T00:00:00.000Z,-43.334540130000,-21.760522960000,"Rua Olga Burnier, 67"
412,PARQUE BURNIER.,10072335,18:00:00,12,3,0,14,2025-01-19T00:00:00.000Z,-43.333453420000,-21.761562350000,"Rua Olga Burnier, 233"
412,PARQUE BURNIER.,10072382,18:00:00,11,2,0,11,2025-01-19T00:00:00.000Z,-43.332369450000,-21.762522520000,"Rua Olga Burnier, 361"
412,PARQUE BURNIER.,10072380,18:00:00,10,0,0,9,2025-01-19T00:00:00.000Z,-43.331466790000,-21.763337580000,"Rua Olga Burnier, 485"
412,PARQUE BURNIER.,10073583,18:00:00,9,0,0,9,2025-01-19T00:00:00.000Z,-43.330207820000,-21.763072230000,"Rua Adelaide Campos de Resende, 1070"
412,PARQUE BURNIER.,10072356,18:25:00,17,0,0,7,2025-01-19T00:00:00.000Z,-43.327793950000,-21.762107030000,"Rua Natalino José de Paula, 271"
412,PARQUE BURNIER.,10072328,18:25:00,13,0,0,8,2025-01-19T00:00:00.000Z,-43.326450350000,-21.763683320000,"Rua Adelaide Campos de Resende, 669"
412,PARQUE BURNIER.,10072358,18:25:00,18,0,0,7,2025-01-19T00:00:00.000Z,-43.328687310000,-21.761675740000,"Rua Natalino José de Paula, 112 - Ponto Final do Parque Burnier"
412,PARQUE BURNIER.,10073560,18:25:00,5,0,0,3,2025-01-19T00:00:00.000Z,-43.333589670000,-21.761652280000,"Rua Olga Burnier, 230"
412,PARQUE BURNIER.,10072375,18:25:00,16,0,1,7,2025-01-19T00:00:00.000Z,-43.327420830000,-21.762727850000,"Rua Natalino José de Paula, 319"
412,PARQUE BURNIER.,10071503,18:25:00,15,0,0,8,2025-01-19T00:00:00.000Z,-43.326207040000,-21.762717810000,"Rua Natalino José de Paula, 421"
412,PARQUE BURNIER.,10073552,18:25:00,3,0,0,3,2025-01-19T00:00:00.000Z,-43.335479020000,-21.760313550000,"Rua São Geraldo, 84"
412,PARQUE BURNIER.,10072359,18:25:00,14,0,0,8,2025-01-19T00:00:00.000Z,-43.326282500000,-21.763143540000,"Rua Adelaide Campos de Resende, 651"
412,PARQUE BURNIER.,10072377,18:25:00,12,0,0,8,2025-01-19T00:00:00.000Z,-43.327321890000,-21.764062650000,"Rua José Teodoro dos Santos, 25"
412,PARQUE BURNIER.,10072316,18:25:00,11,0,0,8,2025-01-19T00:00:00.000Z,-43.328204750000,-21.763332370000,"Rua José Teodoro dos Santos, 145"
412,PARQUE BURNIER.,10072313,18:25:00,10,1,0,8,2025-01-19T00:00:00.000Z,-43.328846690000,-21.762504770000,"Rua José Teodoro dos Santos, 275"
412,PARQUE BURNIER.,10072296,18:25:00,9,4,0,7,2025-01-19T00:00:00.000Z,-43.329374790000,-21.763440430000,"Rua Adelaide Campos de Resende, 975"
412,PARQUE BURNIER.,10072301,18:25:00,8,0,0,3,2025-01-19T00:00:00.000Z,-43.330138330000,-21.763252970000,"Rua Adelaide Campos de Resende, 1061"
412,PARQUE BURNIER.,10073557,18:25:00,6,0,0,3,2025-01-19T00:00:00.000Z,-43.332479840000,-21.762640710000,"Rua Olga Burnier, 356"
412,PARQUE BURNIER.,10072305,18:25:00,2,3,0,3,2025-01-19T00:00:00.000Z,-43.337478970000,-21.760922950000,"Rua Djalma de Carvalho, 37"
412,PARQUE BURNIER.,10073561,18:25:00,7,0,0,3,2025-01-19T00:00:00.000Z,-43.331552510000,-21.763418910000,"Rua Olga Burnier, 480"
412,PARQUE BURNIER.,10073558,18:25:00,4,0,0,3,2025-01-19T00:00:00.000Z,-43.334645750000,-21.760669710000,"Rua Olga Burnier, 70"
412,PARQUE BURNIER.,10071108,18:25:00,1,0,0,0,2025-01-19T00:00:00.000Z,-43.349331860000,-21.758144610000,"Avenida Getúlio Vargas, 835"
412,PARQUE BURNIER.,10072363,19:00:00,2,0,0,0,2025-01-19T00:00:00.000Z,-43.327885630000,-21.762179390000,"Rua Natalino José de Paula, 288"
412,PARQUE BURNIER.,10072358,19:00:00,1,0,0,0,2025-01-19T00:00:00.000Z,-43.328687310000,-21.761675740000,"Rua Natalino José de Paula, 112 - Ponto Final do Parque Burnier"
412,PARQUE BURNIER.,10071108,19:00:00,17,0,0,5,2025-01-19T00:00:00.000Z,-43.349331860000,-21.758144610000,"Avenida Getúlio Vargas, 835"
412,PARQUE BURNIER.,10072302,19:00:00,15,0,0,0,2025-01-19T00:00:00.000Z,-43.338029500000,-21.760323850000,"Avenida Sete de Setembro, 623"
412,PARQUE BURNIER.,10074194,19:00:00,16,5,0,5,2025-01-19T00:00:00.000Z,-43.342338620000,-21.760505960000,"Rua Ângelo Falci, 55"
412,PARQUE BURNIER.,10072382,19:00:00,11,0,1,5,2025-01-19T00:00:00.000Z,-43.332369450000,-21.762522520000,"Rua Olga Burnier, 361"
412,PARQUE BURNIER.,10072332,19:00:00,14,0,0,0,2025-01-19T00:00:00.000Z,-43.335533860000,-21.760131640000,"Rua São Geraldo, 89"
412,PARQUE BURNIER.,10072337,19:00:00,13,0,4,0,2025-01-19T00:00:00.000Z,-43.334540130000,-21.760522960000,"Rua Olga Burnier, 67"
412,PARQUE BURNIER.,10073589,19:00:00,4,2,0,4,2025-01-19T00:00:00.000Z,-43.326568960000,-21.763629600000,"Rua Adelaide Campos de Resende, 706"
412,PARQUE BURNIER.,10072335,19:00:00,12,0,1,4,2025-01-19T00:00:00.000Z,-43.333453420000,-21.761562350000,"Rua Olga Burnier, 233"
412,PARQUE BURNIER.,10072380,19:00:00,10,2,0,6,2025-01-19T00:00:00.000Z,-43.331466790000,-21.763337580000,"Rua Olga Burnier, 485"
412,PARQUE BURNIER.,10073583,19:00:00,9,0,0,4,2025-01-19T00:00:00.000Z,-43.330207820000,-21.763072230000,"Rua Adelaide Campos de Resende, 1070"
412,PARQUE BURNIER.,10073584,19:00:00,8,0,0,4,2025-01-19T00:00:00.000Z,-43.329363350000,-21.763255450000,"Rua Adelaide Campos de Resende, 984"
412,PARQUE BURNIER.,10072386,19:00:00,7,0,0,4,2025-01-19T00:00:00.000Z,-43.328850270000,-21.762325320000,"Rua José Teodoro dos Santos, 292"
412,PARQUE BURNIER.,10072309,19:00:00,5,0,0,4,2025-01-19T00:00:00.000Z,-43.327273730000,-21.763967940000,"Rua José Teodoro dos Santos, 28"
412,PARQUE BURNIER.,10072362,19:00:00,3,2,0,2,2025-01-19T00:00:00.000Z,-43.327527760000,-21.762798310000,"Rua Natalino José de Paula, 310"
412,PARQUE BURNIER.,10072384,19:00:00,6,0,0,4,2025-01-19T00:00:00.000Z,-43.327999480000,-21.763301540000,"Rua José Teodoro dos Santos, 126"
412,PARQUE BURNIER.,10072358,20:00:00,1,0,0,0,2025-01-19T00:00:00.000Z,-43.328687310000,-21.761675740000,"Rua Natalino José de Paula, 112 - Ponto Final do Parque Burnier"
412,PARQUE BURNIER.,10071108,20:00:00,17,0,0,8,2025-01-19T00:00:00.000Z,-43.349331860000,-21.758144610000,"Avenida Getúlio Vargas, 835"
412,PARQUE BURNIER.,10074194,20:00:00,16,8,4,8,2025-01-19T00:00:00.000Z,-43.342338620000,-21.760505960000,"Rua Ângelo Falci, 55"
412,PARQUE BURNIER.,10072302,20:00:00,15,4,0,4,2025-01-19T00:00:00.000Z,-43.338029500000,-21.760323850000,"Avenida Sete de Setembro, 623"
412,PARQUE BURNIER.,10072332,20:00:00,14,0,2,0,2025-01-19T00:00:00.000Z,-43.335533860000,-21.760131640000,"Rua São Geraldo, 89"
412,PARQUE BURNIER.,10072337,20:00:00,13,0,2,2,2025-01-19T00:00:00.000Z,-43.334540130000,-21.760522960000,"Rua Olga Burnier, 67"
412,PARQUE BURNIER.,10072335,20:00:00,12,0,0,4,2025-01-19T00:00:00.000Z,-43.333453420000,-21.761562350000,"Rua Olga Burnier, 233"
412,PARQUE BURNIER.,10072380,20:00:00,10,0,0,4,2025-01-19T00:00:00.000Z,-43.331466790000,-21.763337580000,"Rua Olga Burnier, 485"
412,PARQUE BURNIER.,10072382,20:00:00,11,0,0,4,2025-01-19T00:00:00.000Z,-43.332369450000,-21.762522520000,"Rua Olga Burnier, 361"
412,PARQUE BURNIER.,10073583,20:00:00,9,0,0,4,2025-01-19T00:00:00.000Z,-43.330207820000,-21.763072230000,"Rua Adelaide Campos de Resende, 1070"
412,PARQUE BURNIER.,10073584,20:00:00,8,2,0,4,2025-01-19T00:00:00.000Z,-43.329363350000,-21.763255450000,"Rua Adelaide Campos de Resende, 984"
412,PARQUE BURNIER.,10072386,20:00:00,7,0,0,2,2025-01-19T00:00:00.000Z,-43.328850270000,-21.762325320000,"Rua José Teodoro dos Santos, 292"
412,PARQUE BURNIER.,10072384,20:00:00,6,0,0,2,2025-01-19T00:00:00.000Z,-43.327999480000,-21.763301540000,"Rua José Teodoro dos Santos, 126"
412,PARQUE BURNIER.,10072309,20:00:00,5,1,0,2,2025-01-19T00:00:00.000Z,-43.327273730000,-21.763967940000,"Rua José Teodoro dos Santos, 28"
412,PARQUE BURNIER.,10073589,20:00:00,4,0,0,1,2025-01-19T00:00:00.000Z,-43.326568960000,-21.763629600000,"Rua Adelaide Campos de Resende, 706"
412,PARQUE BURNIER.,10072362,20:00:00,3,1,0,1,2025-01-19T00:00:00.000Z,-43.327527760000,-21.762798310000,"Rua Natalino José de Paula, 310"
412,PARQUE BURNIER.,10072363,20:00:00,2,0,0,0,2025-01-19T00:00:00.000Z,-43.327885630000,-21.762179390000,"Rua Natalino José de Paula, 288"
412,PARQUE BURNIER.,10072305,20:25:00,2,7,0,7,2025-01-19T00:00:00.000Z,-43.337478970000,-21.760922950000,"Rua Djalma de Carvalho, 37"
412,PARQUE BURNIER.,10071108,20:25:00,1,0,0,0,2025-01-19T00:00:00.000Z,-43.349331860000,-21.758144610000,"Avenida Getúlio Vargas, 835"
412,PARQUE BURNIER.,10073552,20:25:00,3,0,0,7,2025-01-19T00:00:00.000Z,-43.335479020000,-21.760313550000,"Rua São Geraldo, 84"
412,PARQUE BURNIER.,10072358,20:25:00,18,0,0,5,2025-01-19T00:00:00.000Z,-43.328687310000,-21.761675740000,"Rua Natalino José de Paula, 112 - Ponto Final do Parque Burnier"
412,PARQUE BURNIER.,10072356,20:25:00,17,0,2,5,2025-01-19T00:00:00.000Z,-43.327793950000,-21.762107030000,"Rua Natalino José de Paula, 271"
412,PARQUE BURNIER.,10072375,20:25:00,16,0,0,7,2025-01-19T00:00:00.000Z,-43.327420830000,-21.762727850000,"Rua Natalino José de Paula, 319"
412,PARQUE BURNIER.,10071503,20:25:00,15,0,0,7,2025-01-19T00:00:00.000Z,-43.326207040000,-21.762717810000,"Rua Natalino José de Paula, 421"
412,PARQUE BURNIER.,10072359,20:25:00,14,0,0,7,2025-01-19T00:00:00.000Z,-43.326282500000,-21.763143540000,"Rua Adelaide Campos de Resende, 651"
412,PARQUE BURNIER.,10072328,20:25:00,13,0,0,7,2025-01-19T00:00:00.000Z,-43.326450350000,-21.763683320000,"Rua Adelaide Campos de Resende, 669"
412,PARQUE BURNIER.,10072377,20:25:00,12,0,0,7,2025-01-19T00:00:00.000Z,-43.327321890000,-21.764062650000,"Rua José Teodoro dos Santos, 25"
412,PARQUE BURNIER.,10072316,20:25:00,11,0,2,7,2025-01-19T00:00:00.000Z,-43.328204750000,-21.763332370000,"Rua José Teodoro dos Santos, 145"
412,PARQUE BURNIER.,10072296,20:25:00,9,0,0,10,2025-01-19T00:00:00.000Z,-43.329374790000,-21.763440430000,"Rua Adelaide Campos de Resende, 975"
412,PARQUE BURNIER.,10072313,20:25:00,10,0,1,9,2025-01-19T00:00:00.000Z,-43.328846690000,-21.762504770000,"Rua José Teodoro dos Santos, 275"
412,PARQUE BURNIER.,10072301,20:25:00,8,0,0,10,2025-01-19T00:00:00.000Z,-43.330138330000,-21.763252970000,"Rua Adelaide Campos de Resende, 1061"
412,PARQUE BURNIER.,10073561,20:25:00,7,0,0,10,2025-01-19T00:00:00.000Z,-43.331552510000,-21.763418910000,"Rua Olga Burnier, 480"
412,PARQUE BURNIER.,10073557,20:25:00,6,0,0,10,2025-01-19T00:00:00.000Z,-43.332479840000,-21.762640710000,"Rua Olga Burnier, 356"
412,PARQUE BURNIER.,10073560,20:25:00,5,0,0,10,2025-01-19T00:00:00.000Z,-43.333589670000,-21.761652280000,"Rua Olga Burnier, 230"
412,PARQUE BURNIER.,10073558,20:25:00,4,3,0,10,2025-01-19T00:00:00.000Z,-43.334645750000,-21.760669710000,"Rua Olga Burnier, 70"
412,PARQUE BURNIER.,10071108,05:30:00,17,0,8,0,2025-01-20T00:00:00.000Z,-43.349331860000,-21.758144610000,"Avenida Getúlio Vargas, 835"
412,PARQUE BURNIER.,10074194,05:30:00,16,0,10,8,2025-01-20T00:00:00.000Z,-43.342338620000,-21.760505960000,"Rua Ângelo Falci, 55"
412,PARQUE BURNIER.,10072302,05:30:00,15,1,1,18,2025-01-20T00:00:00.000Z,-43.338029500000,-21.760323850000,"Avenida Sete de Setembro, 623"
412,PARQUE BURNIER.,10072332,05:30:00,14,0,2,18,2025-01-20T00:00:00.000Z,-43.335533860000,-21.760131640000,"Rua São Geraldo, 89"
412,PARQUE BURNIER.,10072337,05:30:00,13,0,0,20,2025-01-20T00:00:00.000Z,-43.334540130000,-21.760522960000,"Rua Olga Burnier, 67"
412,PARQUE BURNIER.,10072335,05:30:00,12,0,0,20,2025-01-20T00:00:00.000Z,-43.333453420000,-21.761562350000,"Rua Olga Burnier, 233"
412,PARQUE BURNIER.,10072382,05:30:00,11,0,0,20,2025-01-20T00:00:00.000Z,-43.332369450000,-21.762522520000,"Rua Olga Burnier, 361"
412,PARQUE BURNIER.,10072380,05:30:00,10,1,0,20,2025-01-20T00:00:00.000Z,-43.331466790000,-21.763337580000,"Rua Olga Burnier, 485"
412,PARQUE BURNIER.,10073583,05:30:00,9,0,0,19,2025-01-20T00:00:00.000Z,-43.330207820000,-21.763072230000,"Rua Adelaide Campos de Resende, 1070"
412,PARQUE BURNIER.,10073584,05:30:00,8,4,0,19,2025-01-20T00:00:00.000Z,-43.329363350000,-21.763255450000,"Rua Adelaide Campos de Resende, 984"
412,PARQUE BURNIER.,10072386,05:30:00,7,1,0,15,2025-01-20T00:00:00.000Z,-43.328850270000,-21.762325320000,"Rua José Teodoro dos Santos, 292"
412,PARQUE BURNIER.,10072384,05:30:00,6,1,0,14,2025-01-20T00:00:00.000Z,-43.327999480000,-21.763301540000,"Rua José Teodoro dos Santos, 126"
412,PARQUE BURNIER.,10072309,05:30:00,5,1,0,13,2025-01-20T00:00:00.000Z,-43.327273730000,-21.763967940000,"Rua José Teodoro dos Santos, 28"
412,PARQUE BURNIER.,10073589,05:30:00,4,7,0,12,2025-01-20T00:00:00.000Z,-43.326568960000,-21.763629600000,"Rua Adelaide Campos de Resende, 706"
412,PARQUE BURNIER.,10072362,05:30:00,3,0,0,5,2025-01-20T00:00:00.000Z,-43.327527760000,-21.762798310000,"Rua Natalino José de Paula, 310"
412,PARQUE BURNIER.,10072363,05:30:00,2,0,0,5,2025-01-20T00:00:00.000Z,-43.327885630000,-21.762179390000,"Rua Natalino José de Paula, 288"
412,PARQUE BURNIER.,10072358,05:30:00,1,5,0,5,2025-01-20T00:00:00.000Z,-43.328687310000,-21.761675740000,"Rua Natalino José de Paula, 112 - Ponto Final do Parque Burnier"
412,PARQUE BURNIER.,10072358,05:51:00,18,13,0,20,2025-01-20T00:00:00.000Z,-43.328687310000,-21.761675740000,"Rua Natalino José de Paula, 112 - Ponto Final do Parque Burnier"
412,PARQUE BURNIER.,10072356,05:51:00,17,0,1,7,2025-01-20T00:00:00.000Z,-43.327793950000,-21.762107030000,"Rua Natalino José de Paula, 271"
412,PARQUE BURNIER.,10072375,05:51:00,16,0,0,8,2025-01-20T00:00:00.000Z,-43.327420830000,-21.762727850000,"Rua Natalino José de Paula, 319"
412,PARQUE BURNIER.,10071503,05:51:00,15,0,0,8,2025-01-20T00:00:00.000Z,-43.326207040000,-21.762717810000,"Rua Natalino José de Paula, 421"
412,PARQUE BURNIER.,10072359,05:51:00,14,0,0,8,2025-01-20T00:00:00.000Z,-43.326282500000,-21.763143540000,"Rua Adelaide Campos de Resende, 651"
412,PARQUE BURNIER.,10072328,05:51:00,13,0,0,8,2025-01-20T00:00:00.000Z,-43.326450350000,-21.763683320000,"Rua Adelaide Campos de Resende, 669"
412,PARQUE BURNIER.,10072377,05:51:00,12,0,0,8,2025-01-20T00:00:00.000Z,-43.327321890000,-21.764062650000,"Rua José Teodoro dos Santos, 25"
412,PARQUE BURNIER.,10072316,05:51:00,11,0,1,8,2025-01-20T00:00:00.000Z,-43.328204750000,-21.763332370000,"Rua José Teodoro dos Santos, 145"
412,PARQUE BURNIER.,10072313,05:51:00,10,0,0,9,2025-01-20T00:00:00.000Z,-43.328846690000,-21.762504770000,"Rua José Teodoro dos Santos, 275"
412,PARQUE BURNIER.,10072296,05:51:00,9,0,0,9,2025-01-20T00:00:00.000Z,-43.329374790000,-21.763440430000,"Rua Adelaide Campos de Resende, 975"
412,PARQUE BURNIER.,10072301,05:51:00,8,0,0,9,2025-01-20T00:00:00.000Z,-43.330138330000,-21.763252970000,"Rua Adelaide Campos de Resende, 1061"
412,PARQUE BURNIER.,10073561,05:51:00,7,0,0,9,2025-01-20T00:00:00.000Z,-43.331552510000,-21.763418910000,"Rua Olga Burnier, 480"
412,PARQUE BURNIER.,10073557,05:51:00,6,0,0,9,2025-01-20T00:00:00.000Z,-43.332479840000,-21.762640710000,"Rua Olga Burnier, 356"
412,PARQUE BURNIER.,10073560,05:51:00,5,0,0,9,2025-01-20T00:00:00.000Z,-43.333589670000,-21.761652280000,"Rua Olga Burnier, 230"
412,PARQUE BURNIER.,10073558,05:51:00,4,0,0,9,2025-01-20T00:00:00.000Z,-43.334645750000,-21.760669710000,"Rua Olga Burnier, 70"
412,PARQUE BURNIER.,10073552,05:51:00,3,0,1,9,2025-01-20T00:00:00.000Z,-43.335479020000,-21.760313550000,"Rua São Geraldo, 84"
412,PARQUE BURNIER.,10072305,05:51:00,2,1,0,10,2025-01-20T00:00:00.000Z,-43.337478970000,-21.760922950000,"Rua Djalma de Carvalho, 37"
412,PARQUE BURNIER.,10071108,05:51:00,1,9,0,9,2025-01-20T00:00:00.000Z,-43.349331860000,-21.758144610000,"Avenida Getúlio Vargas, 835"
412,PARQUE BURNIER.,10071108,06:17:00,17,0,8,16,2025-01-20T00:00:00.000Z,-43.349331860000,-21.758144610000,"Avenida Getúlio Vargas, 835"
412,PARQUE BURNIER.,10074194,06:17:00,16,1,11,24,2025-01-20T00:00:00.000Z,-43.342338620000,-21.760505960000,"Rua Ângelo Falci, 55"
412,PARQUE BURNIER.,10072302,06:17:00,15,1,3,34,2025-01-20T00:00:00.000Z,-43.338029500000,-21.760323850000,"Avenida Sete de Setembro, 623"
412,PARQUE BURNIER.,10072332,06:17:00,14,0,0,36,2025-01-20T00:00:00.000Z,-43.335533860000,-21.760131640000,"Rua São Geraldo, 89"
412,PARQUE BURNIER.,10072337,06:17:00,13,2,0,36,2025-01-20T00:00:00.000Z,-43.334540130000,-21.760522960000,"Rua Olga Burnier, 67"
412,PARQUE BURNIER.,10072335,06:17:00,12,1,0,34,2025-01-20T00:00:00.000Z,-43.333453420000,-21.761562350000,"Rua Olga Burnier, 233"
412,PARQUE BURNIER.,10072382,06:17:00,11,1,0,33,2025-01-20T00:00:00.000Z,-43.332369450000,-21.762522520000,"Rua Olga Burnier, 361"
412,PARQUE BURNIER.,10072380,06:17:00,10,1,0,32,2025-01-20T00:00:00.000Z,-43.331466790000,-21.763337580000,"Rua Olga Burnier, 485"
412,PARQUE BURNIER.,10073583,06:17:00,9,2,0,31,2025-01-20T00:00:00.000Z,-43.330207820000,-21.763072230000,"Rua Adelaide Campos de Resende, 1070"
412,PARQUE BURNIER.,10073584,06:17:00,8,3,0,29,2025-01-20T00:00:00.000Z,-43.329363350000,-21.763255450000,"Rua Adelaide Campos de Resende, 984"
412,PARQUE BURNIER.,10072386,06:17:00,7,4,0,26,2025-01-20T00:00:00.000Z,-43.328850270000,-21.762325320000,"Rua José Teodoro dos Santos, 292"
412,PARQUE BURNIER.,10072384,06:17:00,6,1,0,22,2025-01-20T00:00:00.000Z,-43.327999480000,-21.763301540000,"Rua José Teodoro dos Santos, 126"
412,PARQUE BURNIER.,10072309,06:17:00,5,3,0,21,2025-01-20T00:00:00.000Z,-43.327273730000,-21.763967940000,"Rua José Teodoro dos Santos, 28"
412,PARQUE BURNIER.,10073589,06:17:00,4,13,0,18,2025-01-20T00:00:00.000Z,-43.326568960000,-21.763629600000,"Rua Adelaide Campos de Resende, 706"
412,PARQUE BURNIER.,10072362,06:17:00,3,0,0,5,2025-01-20T00:00:00.000Z,-43.327527760000,-21.762798310000,"Rua Natalino José de Paula, 310"
412,PARQUE BURNIER.,10072363,06:17:00,2,5,0,5,2025-01-20T00:00:00.000Z,-43.327885630000,-21.762179390000,"Rua Natalino José de Paula, 288"
412,PARQUE BURNIER.,10072358,06:17:00,1,0,0,0,2025-01-20T00:00:00.000Z,-43.328687310000,-21.761675740000,"Rua Natalino José de Paula, 112 - Ponto Final do Parque Burnier"
412,PARQUE BURNIER.,10072358,06:38:00,18,15,0,15,2025-01-20T00:00:00.000Z,-43.328687310000,-21.761675740000,"Rua Natalino José de Paula, 112 - Ponto Final do Parque Burnier"
412,PARQUE BURNIER.,10072356,06:38:00,17,0,0,0,2025-01-20T00:00:00.000Z,-43.327793950000,-21.762107030000,"Rua Natalino José de Paula, 271"
412,PARQUE BURNIER.,10072375,06:38:00,16,0,0,0,2025-01-20T00:00:00.000Z,-43.327420830000,-21.762727850000,"Rua Natalino José de Paula, 319"
412,PARQUE BURNIER.,10071503,06:38:00,15,0,0,0,2025-01-20T00:00:00.000Z,-43.326207040000,-21.762717810000,"Rua Natalino José de Paula, 421"
412,PARQUE BURNIER.,10072359,06:38:00,14,0,0,0,2025-01-20T00:00:00.000Z,-43.326282500000,-21.763143540000,"Rua Adelaide Campos de Resende, 651"
412,PARQUE BURNIER.,10072328,06:38:00,13,0,0,0,2025-01-20T00:00:00.000Z,-43.326450350000,-21.763683320000,"Rua Adelaide Campos de Resende, 669"
412,PARQUE BURNIER.,10072377,06:38:00,12,0,0,0,2025-01-20T00:00:00.000Z,-43.327321890000,-21.764062650000,"Rua José Teodoro dos Santos, 25"
412,PARQUE BURNIER.,10072316,06:38:00,11,0,1,0,2025-01-20T00:00:00.000Z,-43.328204750000,-21.763332370000,"Rua José Teodoro dos Santos, 145"
412,PARQUE BURNIER.,10072313,06:38:00,10,0,0,1,2025-01-20T00:00:00.000Z,-43.328846690000,-21.762504770000,"Rua José Teodoro dos Santos, 275"
412,PARQUE BURNIER.,10072296,06:38:00,9,1,0,1,2025-01-20T00:00:00.000Z,-43.329374790000,-21.763440430000,"Rua Adelaide Campos de Resende, 975"
412,PARQUE BURNIER.,10072301,06:38:00,8,0,0,0,2025-01-20T00:00:00.000Z,-43.330138330000,-21.763252970000,"Rua Adelaide Campos de Resende, 1061"
412,PARQUE BURNIER.,10073561,06:38:00,7,0,1,0,2025-01-20T00:00:00.000Z,-43.331552510000,-21.763418910000,"Rua Olga Burnier, 480"
412,PARQUE BURNIER.,10073557,06:38:00,6,0,0,1,2025-01-20T00:00:00.000Z,-43.332479840000,-21.762640710000,"Rua Olga Burnier, 356"
412,PARQUE BURNIER.,10073560,06:38:00,5,0,1,1,2025-01-20T00:00:00.000Z,-43.333589670000,-21.761652280000,"Rua Olga Burnier, 230"
412,PARQUE BURNIER.,10073558,06:38:00,4,0,0,2,2025-01-20T00:00:00.000Z,-43.334645750000,-21.760669710000,"Rua Olga Burnier, 70"
412,PARQUE BURNIER.,10073552,06:38:00,3,0,1,2,2025-01-20T00:00:00.000Z,-43.335479020000,-21.760313550000,"Rua São Geraldo, 84"
412,PARQUE BURNIER.,10072305,06:38:00,2,2,5,3,2025-01-20T00:00:00.000Z,-43.337478970000,-21.760922950000,"Rua Djalma de Carvalho, 37"
412,PARQUE BURNIER.,10071108,06:38:00,1,6,0,6,2025-01-20T00:00:00.000Z,-43.349331860000,-21.758144610000,"Avenida Getúlio Vargas, 835"
412,PARQUE BURNIER.,10071108,07:04:00,17,0,4,20,2025-01-20T00:00:00.000Z,-43.349331860000,-21.758144610000,"Avenida Getúlio Vargas, 835"
412,PARQUE BURNIER.,10074194,07:04:00,16,3,3,24,2025-01-20T00:00:00.000Z,-43.342338620000,-21.760505960000,"Rua Ângelo Falci, 55"
412,PARQUE BURNIER.,10072302,07:04:00,15,1,1,24,2025-01-20T00:00:00.000Z,-43.338029500000,-21.760323850000,"Avenida Sete de Setembro, 623"
412,PARQUE BURNIER.,10072332,07:04:00,14,0,0,24,2025-01-20T00:00:00.000Z,-43.335533860000,-21.760131640000,"Rua São Geraldo, 89"
412,PARQUE BURNIER.,10072337,07:04:00,13,0,0,24,2025-01-20T00:00:00.000Z,-43.334540130000,-21.760522960000,"Rua Olga Burnier, 67"
412,PARQUE BURNIER.,10072335,07:04:00,12,0,0,24,2025-01-20T00:00:00.000Z,-43.333453420000,-21.761562350000,"Rua Olga Burnier, 233"
412,PARQUE BURNIER.,10072382,07:04:00,11,0,0,24,2025-01-20T00:00:00.000Z,-43.332369450000,-21.762522520000,"Rua Olga Burnier, 361"
412,PARQUE BURNIER.,10072380,07:04:00,10,0,0,24,2025-01-20T00:00:00.000Z,-43.331466790000,-21.763337580000,"Rua Olga Burnier, 485"
412,PARQUE BURNIER.,10073583,07:04:00,9,0,0,24,2025-01-20T00:00:00.000Z,-43.330207820000,-21.763072230000,"Rua Adelaide Campos de Resende, 1070"
412,PARQUE BURNIER.,10073584,07:04:00,8,1,0,24,2025-01-20T00:00:00.000Z,-43.329363350000,-21.763255450000,"Rua Adelaide Campos de Resende, 984"
412,PARQUE BURNIER.,10072386,07:04:00,7,5,0,23,2025-01-20T00:00:00.000Z,-43.328850270000,-21.762325320000,"Rua José Teodoro dos Santos, 292"
412,PARQUE BURNIER.,10072384,07:04:00,6,0,0,18,2025-01-20T00:00:00.000Z,-43.327999480000,-21.763301540000,"Rua José Teodoro dos Santos, 126"
412,PARQUE BURNIER.,10072309,07:04:00,5,1,1,18,2025-01-20T00:00:00.000Z,-43.327273730000,-21.763967940000,"Rua José Teodoro dos Santos, 28"
412,PARQUE BURNIER.,10073589,07:04:00,4,12,1,18,2025-01-20T00:00:00.000Z,-43.326568960000,-21.763629600000,"Rua Adelaide Campos de Resende, 706"
412,PARQUE BURNIER.,10072362,07:04:00,3,3,0,7,2025-01-20T00:00:00.000Z,-43.327527760000,-21.762798310000,"Rua Natalino José de Paula, 310"
412,PARQUE BURNIER.,10072363,07:04:00,2,4,0,4,2025-01-20T00:00:00.000Z,-43.327885630000,-21.762179390000,"Rua Natalino José de Paula, 288"
412,PARQUE BURNIER.,10072358,07:04:00,1,0,0,0,2025-01-20T00:00:00.000Z,-43.328687310000,-21.761675740000,"Rua Natalino José de Paula, 112 - Ponto Final do Parque Burnier"
412,PARQUE BURNIER.,10072358,07:25:00,18,3,2,3,2025-01-20T00:00:00.000Z,-43.328687310000,-21.761675740000,"Rua Natalino José de Paula, 112 - Ponto Final do Parque Burnier"
412,PARQUE BURNIER.,10072356,07:25:00,17,0,0,2,2025-01-20T00:00:00.000Z,-43.327793950000,-21.762107030000,"Rua Natalino José de Paula, 271"
412,PARQUE BURNIER.,10072375,07:25:00,16,0,0,2,2025-01-20T00:00:00.000Z,-43.327420830000,-21.762727850000,"Rua Natalino José de Paula, 319"
412,PARQUE BURNIER.,10071503,07:25:00,15,0,0,2,2025-01-20T00:00:00.000Z,-43.326207040000,-21.762717810000,"Rua Natalino José de Paula, 421"
412,PARQUE BURNIER.,10072359,07:25:00,14,0,0,2,2025-01-20T00:00:00.000Z,-43.326282500000,-21.763143540000,"Rua Adelaide Campos de Resende, 651"
412,PARQUE BURNIER.,10072328,07:25:00,13,0,0,2,2025-01-20T00:00:00.000Z,-43.326450350000,-21.763683320000,"Rua Adelaide Campos de Resende, 669"
412,PARQUE BURNIER.,10072377,07:25:00,12,0,0,2,2025-01-20T00:00:00.000Z,-43.327321890000,-21.764062650000,"Rua José Teodoro dos Santos, 25"
412,PARQUE BURNIER.,10072316,07:25:00,11,0,0,2,2025-01-20T00:00:00.000Z,-43.328204750000,-21.763332370000,"Rua José Teodoro dos Santos, 145"
412,PARQUE BURNIER.,10072313,07:25:00,10,0,0,2,2025-01-20T00:00:00.000Z,-43.328846690000,-21.762504770000,"Rua José Teodoro dos Santos, 275"
412,PARQUE BURNIER.,10072296,07:25:00,9,0,0,2,2025-01-20T00:00:00.000Z,-43.329374790000,-21.763440430000,"Rua Adelaide Campos de Resende, 975"
412,PARQUE BURNIER.,10072301,07:25:00,8,0,0,2,2025-01-20T00:00:00.000Z,-43.330138330000,-21.763252970000,"Rua Adelaide Campos de Resende, 1061"
412,PARQUE BURNIER.,10073561,07:25:00,7,0,1,2,2025-01-20T00:00:00.000Z,-43.331552510000,-21.763418910000,"Rua Olga Burnier, 480"
412,PARQUE BURNIER.,10073557,07:25:00,6,0,0,3,2025-01-20T00:00:00.000Z,-43.332479840000,-21.762640710000,"Rua Olga Burnier, 356"
412,PARQUE BURNIER.,10073560,07:25:00,5,0,0,3,2025-01-20T00:00:00.000Z,-43.333589670000,-21.761652280000,"Rua Olga Burnier, 230"
412,PARQUE BURNIER.,10073558,07:25:00,4,0,0,3,2025-01-20T00:00:00.000Z,-43.334645750000,-21.760669710000,"Rua Olga Burnier, 70"
412,PARQUE BURNIER.,10073552,07:25:00,3,0,0,3,2025-01-20T00:00:00.000Z,-43.335479020000,-21.760313550000,"Rua São Geraldo, 84"
412,PARQUE BURNIER.,10072305,07:25:00,2,0,0,3,2025-01-20T00:00:00.000Z,-43.337478970000,-21.760922950000,"Rua Djalma de Carvalho, 37"
412,PARQUE BURNIER.,10071108,07:25:00,1,3,0,3,2025-01-20T00:00:00.000Z,-43.349331860000,-21.758144610000,"Avenida Getúlio Vargas, 835"
412,PARQUE BURNIER.,10071108,07:51:00,17,0,9,19,2025-01-20T00:00:00.000Z,-43.349331860000,-21.758144610000,"Avenida Getúlio Vargas, 835"
412,PARQUE BURNIER.,10074194,07:51:00,16,3,6,28,2025-01-20T00:00:00.000Z,-43.342338620000,-21.760505960000,"Rua Ângelo Falci, 55"
412,PARQUE BURNIER.,10072302,07:51:00,15,0,4,31,2025-01-20T00:00:00.000Z,-43.338029500000,-21.760323850000,"Avenida Sete de Setembro, 623"
412,PARQUE BURNIER.,10072332,07:51:00,14,1,0,35,2025-01-20T00:00:00.000Z,-43.335533860000,-21.760131640000,"Rua São Geraldo, 89"
412,PARQUE BURNIER.,10072337,07:51:00,13,1,0,34,2025-01-20T00:00:00.000Z,-43.334540130000,-21.760522960000,"Rua Olga Burnier, 67"
412,PARQUE BURNIER.,10072335,07:51:00,12,1,1,33,2025-01-20T00:00:00.000Z,-43.333453420000,-21.761562350000,"Rua Olga Burnier, 233"
412,PARQUE BURNIER.,10072382,07:51:00,11,1,0,33,2025-01-20T00:00:00.000Z,-43.332369450000,-21.762522520000,"Rua Olga Burnier, 361"
412,PARQUE BURNIER.,10072380,07:51:00,10,2,0,32,2025-01-20T00:00:00.000Z,-43.331466790000,-21.763337580000,"Rua Olga Burnier, 485"
412,PARQUE BURNIER.,10073583,07:51:00,9,2,0,30,2025-01-20T00:00:00.000Z,-43.330207820000,-21.763072230000,"Rua Adelaide Campos de Resende, 1070"
412,PARQUE BURNIER.,10073584,07:51:00,8,8,0,28,2025-01-20T00:00:00.000Z,-43.329363350000,-21.763255450000,"Rua Adelaide Campos de Resende, 984"
412,PARQUE BURNIER.,10072386,07:51:00,7,5,0,20,2025-01-20T00:00:00.000Z,-43.328850270000,-21.762325320000,"Rua José Teodoro dos Santos, 292"
412,PARQUE BURNIER.,10072384,07:51:00,6,1,0,15,2025-01-20T00:00:00.000Z,-43.327999480000,-21.763301540000,"Rua José Teodoro dos Santos, 126"
412,PARQUE BURNIER.,10072309,07:51:00,5,5,0,14,2025-01-20T00:00:00.000Z,-43.327273730000,-21.763967940000,"Rua José Teodoro dos Santos, 28"
412,PARQUE BURNIER.,10073589,07:51:00,4,5,0,9,2025-01-20T00:00:00.000Z,-43.326568960000,-21.763629600000,"Rua Adelaide Campos de Resende, 706"
412,PARQUE BURNIER.,10072362,07:51:00,3,1,0,4,2025-01-20T00:00:00.000Z,-43.327527760000,-21.762798310000,"Rua Natalino José de Paula, 310"
412,PARQUE BURNIER.,10072363,07:51:00,2,3,0,3,2025-01-20T00:00:00.000Z,-43.327885630000,-21.762179390000,"Rua Natalino José de Paula, 288"
412,PARQUE BURNIER.,10072358,07:51:00,1,0,0,0,2025-01-20T00:00:00.000Z,-43.328687310000,-21.761675740000,"Rua Natalino José de Paula, 112 - Ponto Final do Parque Burnier"
412,PARQUE BURNIER.,10072358,08:12:00,18,6,0,6,2025-01-20T00:00:00.000Z,-43.328687310000,-21.761675740000,"Rua Natalino José de Paula, 112 - Ponto Final do Parque Burnier"
412,PARQUE BURNIER.,10072356,08:12:00,17,0,0,0,2025-01-20T00:00:00.000Z,-43.327793950000,-21.762107030000,"Rua Natalino José de Paula, 271"
412,PARQUE BURNIER.,10072375,08:12:00,16,0,0,0,2025-01-20T00:00:00.000Z,-43.327420830000,-21.762727850000,"Rua Natalino José de Paula, 319"
412,PARQUE BURNIER.,10071503,08:12:00,15,0,1,0,2025-01-20T00:00:00.000Z,-43.326207040000,-21.762717810000,"Rua Natalino José de Paula, 421"
412,PARQUE BURNIER.,10072359,08:12:00,14,0,0,1,2025-01-20T00:00:00.000Z,-43.326282500000,-21.763143540000,"Rua Adelaide Campos de Resende, 651"
412,PARQUE BURNIER.,10072328,08:12:00,13,0,0,1,2025-01-20T00:00:00.000Z,-43.326450350000,-21.763683320000,"Rua Adelaide Campos de Resende, 669"
412,PARQUE BURNIER.,10072377,08:12:00,12,0,0,1,2025-01-20T00:00:00.000Z,-43.327321890000,-21.764062650000,"Rua José Teodoro dos Santos, 25"
412,PARQUE BURNIER.,10072316,08:12:00,11,0,0,1,2025-01-20T00:00:00.000Z,-43.328204750000,-21.763332370000,"Rua José Teodoro dos Santos, 145"
412,PARQUE BURNIER.,10072313,08:12:00,10,0,0,1,2025-01-20T00:00:00.000Z,-43.328846690000,-21.762504770000,"Rua José Teodoro dos Santos, 275"
412,PARQUE BURNIER.,10072296,08:12:00,9,0,0,1,2025-01-20T00:00:00.000Z,-43.329374790000,-21.763440430000,"Rua Adelaide Campos de Resende, 975"
412,PARQUE BURNIER.,10072301,08:12:00,8,0,0,1,2025-01-20T00:00:00.000Z,-43.330138330000,-21.763252970000,"Rua Adelaide Campos de Resende, 1061"
412,PARQUE BURNIER.,10073561,08:12:00,7,0,0,1,2025-01-20T00:00:00.000Z,-43.331552510000,-21.763418910000,"Rua Olga Burnier, 480"
412,PARQUE BURNIER.,10073557,08:12:00,6,0,0,1,2025-01-20T00:00:00.000Z,-43.332479840000,-21.762640710000,"Rua Olga Burnier, 356"
412,PARQUE BURNIER.,10073560,08:12:00,5,0,1,1,2025-01-20T00:00:00.000Z,-43.333589670000,-21.761652280000,"Rua Olga Burnier, 230"
412,PARQUE BURNIER.,10073558,08:12:00,4,0,0,2,2025-01-20T00:00:00.000Z,-43.334645750000,-21.760669710000,"Rua Olga Burnier, 70"
412,PARQUE BURNIER.,10073552,08:12:00,3,0,0,2,2025-01-20T00:00:00.000Z,-43.335479020000,-21.760313550000,"Rua São Geraldo, 84"
412,PARQUE BURNIER.,10072305,08:12:00,2,1,0,2,2025-01-20T00:00:00.000Z,-43.337478970000,-21.760922950000,"Rua Djalma de Carvalho, 37"
412,PARQUE BURNIER.,10071108,08:12:00,1,1,0,1,2025-01-20T00:00:00.000Z,-43.349331860000,-21.758144610000,"Avenida Getúlio Vargas, 835"
412,PARQUE BURNIER.,10071108,08:38:00,17,0,26,19,2025-01-20T00:00:00.000Z,-43.349331860000,-21.758144610000,"Avenida Getúlio Vargas, 835"
412,PARQUE BURNIER.,10074194,08:38:00,16,13,5,45,2025-01-20T00:00:00.000Z,-43.342338620000,-21.760505960000,"Rua Ângelo Falci, 55"
412,PARQUE BURNIER.,10072302,08:38:00,15,2,1,37,2025-01-20T00:00:00.000Z,-43.338029500000,-21.760323850000,"Avenida Sete de Setembro, 623"
412,PARQUE BURNIER.,10072332,08:38:00,14,5,0,36,2025-01-20T00:00:00.000Z,-43.335533860000,-21.760131640000,"Rua São Geraldo, 89"
412,PARQUE BURNIER.,10072337,08:38:00,13,0,0,31,2025-01-20T00:00:00.000Z,-43.334540130000,-21.760522960000,"Rua Olga Burnier, 67"
412,PARQUE BURNIER.,10072335,08:38:00,12,1,0,31,2025-01-20T00:00:00.000Z,-43.333453420000,-21.761562350000,"Rua Olga Burnier, 233"
412,PARQUE BURNIER.,10072382,08:38:00,11,2,0,30,2025-01-20T00:00:00.000Z,-43.332369450000,-21.762522520000,"Rua Olga Burnier, 361"
412,PARQUE BURNIER.,10072380,08:38:00,10,3,0,28,2025-01-20T00:00:00.000Z,-43.331466790000,-21.763337580000,"Rua Olga Burnier, 485"
412,PARQUE BURNIER.,10073583,08:38:00,9,3,0,25,2025-01-20T00:00:00.000Z,-43.330207820000,-21.763072230000,"Rua Adelaide Campos de Resende, 1070"
412,PARQUE BURNIER.,10073584,08:38:00,8,5,0,22,2025-01-20T00:00:00.000Z,-43.329363350000,-21.763255450000,"Rua Adelaide Campos de Resende, 984"
412,PARQUE BURNIER.,10072386,08:38:00,7,4,0,17,2025-01-20T00:00:00.000Z,-43.328850270000,-21.762325320000,"Rua José Teodoro dos Santos, 292"
412,PARQUE BURNIER.,10072384,08:38:00,6,1,0,13,2025-01-20T00:00:00.000Z,-43.327999480000,-21.763301540000,"Rua José Teodoro dos Santos, 126"
412,PARQUE BURNIER.,10072309,08:38:00,5,1,0,12,2025-01-20T00:00:00.000Z,-43.327273730000,-21.763967940000,"Rua José Teodoro dos Santos, 28"
412,PARQUE BURNIER.,10073589,08:38:00,4,5,1,11,2025-01-20T00:00:00.000Z,-43.326568960000,-21.763629600000,"Rua Adelaide Campos de Resende, 706"
412,PARQUE BURNIER.,10072362,08:38:00,3,3,0,7,2025-01-20T00:00:00.000Z,-43.327527760000,-21.762798310000,"Rua Natalino José de Paula, 310"
412,PARQUE BURNIER.,10072363,08:38:00,2,4,0,4,2025-01-20T00:00:00.000Z,-43.327885630000,-21.762179390000,"Rua Natalino José de Paula, 288"
412,PARQUE BURNIER.,10072358,08:38:00,1,0,0,0,2025-01-20T00:00:00.000Z,-43.328687310000,-21.761675740000,"Rua Natalino José de Paula, 112 - Ponto Final do Parque Burnier"
412,PARQUE BURNIER.,10072358,08:59:00,18,5,0,35,2025-01-20T00:00:00.000Z,-43.328687310000,-21.761675740000,"Rua Natalino José de Paula, 112 - Ponto Final do Parque Burnier"
412,PARQUE BURNIER.,10072356,08:59:00,17,1,0,30,2025-01-20T00:00:00.000Z,-43.327793950000,-21.762107030000,"Rua Natalino José de Paula, 271"
412,PARQUE BURNIER.,10072375,08:59:00,16,1,0,29,2025-01-20T00:00:00.000Z,-43.327420830000,-21.762727850000,"Rua Natalino José de Paula, 319"
412,PARQUE BURNIER.,10071503,08:59:00,15,3,9,28,2025-01-20T00:00:00.000Z,-43.326207040000,-21.762717810000,"Rua Natalino José de Paula, 421"
412,PARQUE BURNIER.,10072359,08:59:00,14,0,0,34,2025-01-20T00:00:00.000Z,-43.326282500000,-21.763143540000,"Rua Adelaide Campos de Resende, 651"
412,PARQUE BURNIER.,10072328,08:59:00,13,1,0,34,2025-01-20T00:00:00.000Z,-43.326450350000,-21.763683320000,"Rua Adelaide Campos de Resende, 669"
412,PARQUE BURNIER.,10072377,08:59:00,12,0,1,33,2025-01-20T00:00:00.000Z,-43.327321890000,-21.764062650000,"Rua José Teodoro dos Santos, 25"
412,PARQUE BURNIER.,10072316,08:59:00,11,2,0,34,2025-01-20T00:00:00.000Z,-43.328204750000,-21.763332370000,"Rua José Teodoro dos Santos, 145"
412,PARQUE BURNIER.,10072313,08:59:00,10,1,0,32,2025-01-20T00:00:00.000Z,-43.328846690000,-21.762504770000,"Rua José Teodoro dos Santos, 275"
412,PARQUE BURNIER.,10072296,08:59:00,9,5,0,31,2025-01-20T00:00:00.000Z,-43.329374790000,-21.763440430000,"Rua Adelaide Campos de Resende, 975"
412,PARQUE BURNIER.,10072301,08:59:00,8,0,1,26,2025-01-20T00:00:00.000Z,-43.330138330000,-21.763252970000,"Rua Adelaide Campos de Resende, 1061"
412,PARQUE BURNIER.,10073561,08:59:00,7,1,1,27,2025-01-20T00:00:00.000Z,-43.331552510000,-21.763418910000,"Rua Olga Burnier, 480"
412,PARQUE BURNIER.,10073557,08:59:00,6,0,0,27,2025-01-20T00:00:00.000Z,-43.332479840000,-21.762640710000,"Rua Olga Burnier, 356"
412,PARQUE BURNIER.,10073560,08:59:00,5,0,2,27,2025-01-20T00:00:00.000Z,-43.333589670000,-21.761652280000,"Rua Olga Burnier, 230"
412,PARQUE BURNIER.,10073558,08:59:00,4,0,1,29,2025-01-20T00:00:00.000Z,-43.334645750000,-21.760669710000,"Rua Olga Burnier, 70"
412,PARQUE BURNIER.,10073552,08:59:00,3,0,1,30,2025-01-20T00:00:00.000Z,-43.335479020000,-21.760313550000,"Rua São Geraldo, 84"
412,PARQUE BURNIER.,10072305,08:59:00,2,16,1,31,2025-01-20T00:00:00.000Z,-43.337478970000,-21.760922950000,"Rua Djalma de Carvalho, 37"
412,PARQUE BURNIER.,10071108,08:59:00,1,16,0,16,2025-01-20T00:00:00.000Z,-43.349331860000,-21.758144610000,"Avenida Getúlio Vargas, 835"
412,PARQUE BURNIER.,10072358,09:45:00,18,4,0,24,2025-01-20T00:00:00.000Z,-43.328687310000,-21.761675740000,"Rua Natalino José de Paula, 112 - Ponto Final do Parque Burnier"
412,PARQUE BURNIER.,10072356,09:45:00,17,0,2,20,2025-01-20T00:00:00.000Z,-43.327793950000,-21.762107030000,"Rua Natalino José de Paula, 271"
412,PARQUE BURNIER.,10072375,09:45:00,16,0,1,22,2025-01-20T00:00:00.000Z,-43.327420830000,-21.762727850000,"Rua Natalino José de Paula, 319"
412,PARQUE BURNIER.,10071503,09:45:00,15,1,0,23,2025-01-20T00:00:00.000Z,-43.326207040000,-21.762717810000,"Rua Natalino José de Paula, 421"
412,PARQUE BURNIER.,10072359,09:45:00,14,0,0,22,2025-01-20T00:00:00.000Z,-43.326282500000,-21.763143540000,"Rua Adelaide Campos de Resende, 651"
412,PARQUE BURNIER.,10072328,09:45:00,13,0,0,22,2025-01-20T00:00:00.000Z,-43.326450350000,-21.763683320000,"Rua Adelaide Campos de Resende, 669"
412,PARQUE BURNIER.,10072377,09:45:00,12,0,0,22,2025-01-20T00:00:00.000Z,-43.327321890000,-21.764062650000,"Rua José Teodoro dos Santos, 25"
412,PARQUE BURNIER.,10072316,09:45:00,11,0,0,22,2025-01-20T00:00:00.000Z,-43.328204750000,-21.763332370000,"Rua José Teodoro dos Santos, 145"
412,PARQUE BURNIER.,10072313,09:45:00,10,0,1,22,2025-01-20T00:00:00.000Z,-43.328846690000,-21.762504770000,"Rua José Teodoro dos Santos, 275"
412,PARQUE BURNIER.,10072296,09:45:00,9,0,2,23,2025-01-20T00:00:00.000Z,-43.329374790000,-21.763440430000,"Rua Adelaide Campos de Resende, 975"
412,PARQUE BURNIER.,10072301,09:45:00,8,0,0,25,2025-01-20T00:00:00.000Z,-43.330138330000,-21.763252970000,"Rua Adelaide Campos de Resende, 1061"
412,PARQUE BURNIER.,10073561,09:45:00,7,0,0,25,2025-01-20T00:00:00.000Z,-43.331552510000,-21.763418910000,"Rua Olga Burnier, 480"
412,PARQUE BURNIER.,10073557,09:45:00,6,0,0,25,2025-01-20T00:00:00.000Z,-43.332479840000,-21.762640710000,"Rua Olga Burnier, 356"
412,PARQUE BURNIER.,10073560,09:45:00,5,0,0,25,2025-01-20T00:00:00.000Z,-43.333589670000,-21.761652280000,"Rua Olga Burnier, 230"
412,PARQUE BURNIER.,10073558,09:45:00,4,0,0,25,2025-01-20T00:00:00.000Z,-43.334645750000,-21.760669710000,"Rua Olga Burnier, 70"
412,PARQUE BURNIER.,10073552,09:45:00,3,0,1,25,2025-01-20T00:00:00.000Z,-43.335479020000,-21.760313550000,"Rua São Geraldo, 84"
412,PARQUE BURNIER.,10072305,09:45:00,2,0,0,26,2025-01-20T00:00:00.000Z,-43.337478970000,-21.760922950000,"Rua Djalma de Carvalho, 37"
412,PARQUE BURNIER.,10071108,09:45:00,1,26,0,26,2025-01-20T00:00:00.000Z,-43.349331860000,-21.758144610000,"Avenida Getúlio Vargas, 835"
412,PARQUE BURNIER.,10071108,10:20:00,17,0,9,2,2025-01-20T00:00:00.000Z,-43.349331860000,-21.758144610000,"Avenida Getúlio Vargas, 835"
412,PARQUE BURNIER.,10074194,10:20:00,16,4,3,11,2025-01-20T00:00:00.000Z,-43.342338620000,-21.760505960000,"Rua Ângelo Falci, 55"
412,PARQUE BURNIER.,10072302,10:20:00,15,0,0,10,2025-01-20T00:00:00.000Z,-43.338029500000,-21.760323850000,"Avenida Sete de Setembro, 623"
412,PARQUE BURNIER.,10072332,10:20:00,14,0,2,10,2025-01-20T00:00:00.000Z,-43.335533860000,-21.760131640000,"Rua São Geraldo, 89"
412,PARQUE BURNIER.,10072337,10:20:00,13,1,0,12,2025-01-20T00:00:00.000Z,-43.334540130000,-21.760522960000,"Rua Olga Burnier, 67"
412,PARQUE BURNIER.,10072335,10:20:00,12,0,0,11,2025-01-20T00:00:00.000Z,-43.333453420000,-21.761562350000,"Rua Olga Burnier, 233"
412,PARQUE BURNIER.,10072382,10:20:00,11,0,0,11,2025-01-20T00:00:00.000Z,-43.332369450000,-21.762522520000,"Rua Olga Burnier, 361"
412,PARQUE BURNIER.,10072380,10:20:00,10,1,0,11,2025-01-20T00:00:00.000Z,-43.331466790000,-21.763337580000,"Rua Olga Burnier, 485"
412,PARQUE BURNIER.,10073583,10:20:00,9,1,0,10,2025-01-20T00:00:00.000Z,-43.330207820000,-21.763072230000,"Rua Adelaide Campos de Resende, 1070"
412,PARQUE BURNIER.,10073584,10:20:00,8,2,0,9,2025-01-20T00:00:00.000Z,-43.329363350000,-21.763255450000,"Rua Adelaide Campos de Resende, 984"
412,PARQUE BURNIER.,10072386,10:20:00,7,2,0,7,2025-01-20T00:00:00.000Z,-43.328850270000,-21.762325320000,"Rua José Teodoro dos Santos, 292"
412,PARQUE BURNIER.,10072384,10:20:00,6,0,0,5,2025-01-20T00:00:00.000Z,-43.327999480000,-21.763301540000,"Rua José Teodoro dos Santos, 126"
412,PARQUE BURNIER.,10072309,10:20:00,5,2,0,5,2025-01-20T00:00:00.000Z,-43.327273730000,-21.763967940000,"Rua José Teodoro dos Santos, 28"
412,PARQUE BURNIER.,10073589,10:20:00,4,0,0,3,2025-01-20T00:00:00.000Z,-43.326568960000,-21.763629600000,"Rua Adelaide Campos de Resende, 706"
412,PARQUE BURNIER.,10072362,10:20:00,3,2,0,3,2025-01-20T00:00:00.000Z,-43.327527760000,-21.762798310000,"Rua Natalino José de Paula, 310"
412,PARQUE BURNIER.,10072363,10:20:00,2,1,0,1,2025-01-20T00:00:00.000Z,-43.327885630000,-21.762179390000,"Rua Natalino José de Paula, 288"
412,PARQUE BURNIER.,10072358,10:20:00,1,0,0,0,2025-01-20T00:00:00.000Z,-43.328687310000,-21.761675740000,"Rua Natalino José de Paula, 112 - Ponto Final do Parque Burnier"
412,PARQUE BURNIER.,10071108,11:15:00,17,0,11,10,2025-01-20T00:00:00.000Z,-43.349331860000,-21.758144610000,"Avenida Getúlio Vargas, 835"
412,PARQUE BURNIER.,10074194,11:15:00,16,10,1,21,2025-01-20T00:00:00.000Z,-43.342338620000,-21.760505960000,"Rua Ângelo Falci, 55"
412,PARQUE BURNIER.,10072302,11:15:00,15,0,0,12,2025-01-20T00:00:00.000Z,-43.338029500000,-21.760323850000,"Avenida Sete de Setembro, 623"
412,PARQUE BURNIER.,10072332,11:15:00,14,0,0,12,2025-01-20T00:00:00.000Z,-43.335533860000,-21.760131640000,"Rua São Geraldo, 89"
412,PARQUE BURNIER.,10072337,11:15:00,13,1,0,12,2025-01-20T00:00:00.000Z,-43.334540130000,-21.760522960000,"Rua Olga Burnier, 67"
412,PARQUE BURNIER.,10072335,11:15:00,12,0,0,11,2025-01-20T00:00:00.000Z,-43.333453420000,-21.761562350000,"Rua Olga Burnier, 233"
412,PARQUE BURNIER.,10072382,11:15:00,11,0,0,11,2025-01-20T00:00:00.000Z,-43.332369450000,-21.762522520000,"Rua Olga Burnier, 361"
412,PARQUE BURNIER.,10072380,11:15:00,10,0,0,11,2025-01-20T00:00:00.000Z,-43.331466790000,-21.763337580000,"Rua Olga Burnier, 485"
412,PARQUE BURNIER.,10073583,11:15:00,9,0,0,11,2025-01-20T00:00:00.000Z,-43.330207820000,-21.763072230000,"Rua Adelaide Campos de Resende, 1070"
412,PARQUE BURNIER.,10073584,11:15:00,8,3,0,11,2025-01-20T00:00:00.000Z,-43.329363350000,-21.763255450000,"Rua Adelaide Campos de Resende, 984"
412,PARQUE BURNIER.,10072386,11:15:00,7,0,0,8,2025-01-20T00:00:00.000Z,-43.328850270000,-21.762325320000,"Rua José Teodoro dos Santos, 292"
412,PARQUE BURNIER.,10072384,11:15:00,6,0,0,8,2025-01-20T00:00:00.000Z,-43.327999480000,-21.763301540000,"Rua José Teodoro dos Santos, 126"
412,PARQUE BURNIER.,10072309,11:15:00,5,1,1,8,2025-01-20T00:00:00.000Z,-43.327273730000,-21.763967940000,"Rua José Teodoro dos Santos, 28"
412,PARQUE BURNIER.,10073589,11:15:00,4,5,1,8,2025-01-20T00:00:00.000Z,-43.326568960000,-21.763629600000,"Rua Adelaide Campos de Resende, 706"
412,PARQUE BURNIER.,10072362,11:15:00,3,1,0,4,2025-01-20T00:00:00.000Z,-43.327527760000,-21.762798310000,"Rua Natalino José de Paula, 310"
412,PARQUE BURNIER.,10072363,11:15:00,2,3,0,3,2025-01-20T00:00:00.000Z,-43.327885630000,-21.762179390000,"Rua Natalino José de Paula, 288"
412,PARQUE BURNIER.,10072358,11:15:00,1,0,0,0,2025-01-20T00:00:00.000Z,-43.328687310000,-21.761675740000,"Rua Natalino José de Paula, 112 - Ponto Final do Parque Burnier"
412,PARQUE BURNIER.,10072358,11:35:00,18,0,2,2,2025-01-20T00:00:00.000Z,-43.328687310000,-21.761675740000,"Rua Natalino José de Paula, 112 - Ponto Final do Parque Burnier"
412,PARQUE BURNIER.,10072356,11:35:00,17,2,0,4,2025-01-20T00:00:00.000Z,-43.327793950000,-21.762107030000,"Rua Natalino José de Paula, 271"
412,PARQUE BURNIER.,10072375,11:35:00,16,0,0,2,2025-01-20T00:00:00.000Z,-43.327420830000,-21.762727850000,"Rua Natalino José de Paula, 319"
412,PARQUE BURNIER.,10071503,11:35:00,15,0,0,2,2025-01-20T00:00:00.000Z,-43.326207040000,-21.762717810000,"Rua Natalino José de Paula, 421"
412,PARQUE BURNIER.,10072359,11:35:00,14,0,0,2,2025-01-20T00:00:00.000Z,-43.326282500000,-21.763143540000,"Rua Adelaide Campos de Resende, 651"
412,PARQUE BURNIER.,10072328,11:35:00,13,0,0,2,2025-01-20T00:00:00.000Z,-43.326450350000,-21.763683320000,"Rua Adelaide Campos de Resende, 669"
412,PARQUE BURNIER.,10072377,11:35:00,12,0,0,2,2025-01-20T00:00:00.000Z,-43.327321890000,-21.764062650000,"Rua José Teodoro dos Santos, 25"
412,PARQUE BURNIER.,10072316,11:35:00,11,0,0,2,2025-01-20T00:00:00.000Z,-43.328204750000,-21.763332370000,"Rua José Teodoro dos Santos, 145"
412,PARQUE BURNIER.,10072313,11:35:00,10,0,0,2,2025-01-20T00:00:00.000Z,-43.328846690000,-21.762504770000,"Rua José Teodoro dos Santos, 275"
412,PARQUE BURNIER.,10072296,11:35:00,9,0,0,2,2025-01-20T00:00:00.000Z,-43.329374790000,-21.763440430000,"Rua Adelaide Campos de Resende, 975"
412,PARQUE BURNIER.,10072301,11:35:00,8,0,1,2,2025-01-20T00:00:00.000Z,-43.330138330000,-21.763252970000,"Rua Adelaide Campos de Resende, 1061"
412,PARQUE BURNIER.,10073561,11:35:00,7,0,0,3,2025-01-20T00:00:00.000Z,-43.331552510000,-21.763418910000,"Rua Olga Burnier, 480"
412,PARQUE BURNIER.,10073557,11:35:00,6,0,0,3,2025-01-20T00:00:00.000Z,-43.332479840000,-21.762640710000,"Rua Olga Burnier, 356"
412,PARQUE BURNIER.,10073560,11:35:00,5,1,0,3,2025-01-20T00:00:00.000Z,-43.333589670000,-21.761652280000,"Rua Olga Burnier, 230"
412,PARQUE BURNIER.,10073558,11:35:00,4,0,3,2,2025-01-20T00:00:00.000Z,-43.334645750000,-21.760669710000,"Rua Olga Burnier, 70"
412,PARQUE BURNIER.,10073552,11:35:00,3,0,0,5,2025-01-20T00:00:00.000Z,-43.335479020000,-21.760313550000,"Rua São Geraldo, 84"
412,PARQUE BURNIER.,10072305,11:35:00,2,0,5,5,2025-01-20T00:00:00.000Z,-43.337478970000,-21.760922950000,"Rua Djalma de Carvalho, 37"
412,PARQUE BURNIER.,10071108,11:35:00,1,10,0,10,2025-01-20T00:00:00.000Z,-43.349331860000,-21.758144610000,"Avenida Getúlio Vargas, 835"
412,PARQUE BURNIER.,10071108,12:10:00,17,0,26,0,2025-01-20T00:00:00.000Z,-43.349331860000,-21.758144610000,"Avenida Getúlio Vargas, 835"
412,PARQUE BURNIER.,10074194,12:10:00,16,10,2,26,2025-01-20T00:00:00.000Z,-43.342338620000,-21.760505960000,"Rua Ângelo Falci, 55"
412,PARQUE BURNIER.,10072302,12:10:00,15,5,0,18,2025-01-20T00:00:00.000Z,-43.338029500000,-21.760323850000,"Avenida Sete de Setembro, 623"
412,PARQUE BURNIER.,10072332,12:10:00,14,1,0,13,2025-01-20T00:00:00.000Z,-43.335533860000,-21.760131640000,"Rua São Geraldo, 89"
412,PARQUE BURNIER.,10072337,12:10:00,13,0,0,12,2025-01-20T00:00:00.000Z,-43.334540130000,-21.760522960000,"Rua Olga Burnier, 67"
412,PARQUE BURNIER.,10072335,12:10:00,12,1,0,12,2025-01-20T00:00:00.000Z,-43.333453420000,-21.761562350000,"Rua Olga Burnier, 233"
412,PARQUE BURNIER.,10072382,12:10:00,11,0,0,11,2025-01-20T00:00:00.000Z,-43.332369450000,-21.762522520000,"Rua Olga Burnier, 361"
412,PARQUE BURNIER.,10072380,12:10:00,10,3,1,11,2025-01-20T00:00:00.000Z,-43.331466790000,-21.763337580000,"Rua Olga Burnier, 485"
412,PARQUE BURNIER.,10073583,12:10:00,9,3,0,9,2025-01-20T00:00:00.000Z,-43.330207820000,-21.763072230000,"Rua Adelaide Campos de Resende, 1070"
412,PARQUE BURNIER.,10073584,12:10:00,8,0,0,6,2025-01-20T00:00:00.000Z,-43.329363350000,-21.763255450000,"Rua Adelaide Campos de Resende, 984"
412,PARQUE BURNIER.,10072386,12:10:00,7,0,0,6,2025-01-20T00:00:00.000Z,-43.328850270000,-21.762325320000,"Rua José Teodoro dos Santos, 292"
412,PARQUE BURNIER.,10072384,12:10:00,6,1,0,6,2025-01-20T00:00:00.000Z,-43.327999480000,-21.763301540000,"Rua José Teodoro dos Santos, 126"
412,PARQUE BURNIER.,10072309,12:10:00,5,0,0,5,2025-01-20T00:00:00.000Z,-43.327273730000,-21.763967940000,"Rua José Teodoro dos Santos, 28"
412,PARQUE BURNIER.,10073589,12:10:00,4,0,0,5,2025-01-20T00:00:00.000Z,-43.326568960000,-21.763629600000,"Rua Adelaide Campos de Resende, 706"
412,PARQUE BURNIER.,10072362,12:10:00,3,5,0,5,2025-01-20T00:00:00.000Z,-43.327527760000,-21.762798310000,"Rua Natalino José de Paula, 310"
412,PARQUE BURNIER.,10072363,12:10:00,2,0,0,0,2025-01-20T00:00:00.000Z,-43.327885630000,-21.762179390000,"Rua Natalino José de Paula, 288"
412,PARQUE BURNIER.,10072358,12:10:00,1,0,0,0,2025-01-20T00:00:00.000Z,-43.328687310000,-21.761675740000,"Rua Natalino José de Paula, 112 - Ponto Final do Parque Burnier"
412,PARQUE BURNIER.,10072358,12:30:00,18,11,0,11,2025-01-20T00:00:00.000Z,-43.328687310000,-21.761675740000,"Rua Natalino José de Paula, 112 - Ponto Final do Parque Burnier"
412,PARQUE BURNIER.,10072356,12:30:00,17,0,0,0,2025-01-20T00:00:00.000Z,-43.327793950000,-21.762107030000,"Rua Natalino José de Paula, 271"
412,PARQUE BURNIER.,10072375,12:30:00,16,0,1,0,2025-01-20T00:00:00.000Z,-43.327420830000,-21.762727850000,"Rua Natalino José de Paula, 319"
412,PARQUE BURNIER.,10071503,12:30:00,15,1,0,1,2025-01-20T00:00:00.000Z,-43.326207040000,-21.762717810000,"Rua Natalino José de Paula, 421"
412,PARQUE BURNIER.,10072359,12:30:00,14,0,1,0,2025-01-20T00:00:00.000Z,-43.326282500000,-21.763143540000,"Rua Adelaide Campos de Resende, 651"
412,PARQUE BURNIER.,10072328,12:30:00,13,1,7,1,2025-01-20T00:00:00.000Z,-43.326450350000,-21.763683320000,"Rua Adelaide Campos de Resende, 669"
412,PARQUE BURNIER.,10072377,12:30:00,12,0,1,7,2025-01-20T00:00:00.000Z,-43.327321890000,-21.764062650000,"Rua José Teodoro dos Santos, 25"
412,PARQUE BURNIER.,10072316,12:30:00,11,0,0,8,2025-01-20T00:00:00.000Z,-43.328204750000,-21.763332370000,"Rua José Teodoro dos Santos, 145"
412,PARQUE BURNIER.,10072313,12:30:00,10,0,5,8,2025-01-20T00:00:00.000Z,-43.328846690000,-21.762504770000,"Rua José Teodoro dos Santos, 275"
412,PARQUE BURNIER.,10072296,12:30:00,9,0,1,13,2025-01-20T00:00:00.000Z,-43.329374790000,-21.763440430000,"Rua Adelaide Campos de Resende, 975"
412,PARQUE BURNIER.,10072301,12:30:00,8,0,0,14,2025-01-20T00:00:00.000Z,-43.330138330000,-21.763252970000,"Rua Adelaide Campos de Resende, 1061"
412,PARQUE BURNIER.,10073561,12:30:00,7,0,0,14,2025-01-20T00:00:00.000Z,-43.331552510000,-21.763418910000,"Rua Olga Burnier, 480"
412,PARQUE BURNIER.,10073557,12:30:00,6,0,0,14,2025-01-20T00:00:00.000Z,-43.332479840000,-21.762640710000,"Rua Olga Burnier, 356"
412,PARQUE BURNIER.,10073560,12:30:00,5,0,0,14,2025-01-20T00:00:00.000Z,-43.333589670000,-21.761652280000,"Rua Olga Burnier, 230"
412,PARQUE BURNIER.,10073558,12:30:00,4,0,0,14,2025-01-20T00:00:00.000Z,-43.334645750000,-21.760669710000,"Rua Olga Burnier, 70"
412,PARQUE BURNIER.,10073552,12:30:00,3,0,0,14,2025-01-20T00:00:00.000Z,-43.335479020000,-21.760313550000,"Rua São Geraldo, 84"
412,PARQUE BURNIER.,10072305,12:30:00,2,0,1,14,2025-01-20T00:00:00.000Z,-43.337478970000,-21.760922950000,"Rua Djalma de Carvalho, 37"
412,PARQUE BURNIER.,10071108,12:30:00,1,15,0,15,2025-01-20T00:00:00.000Z,-43.349331860000,-21.758144610000,"Avenida Getúlio Vargas, 835"
412,PARQUE BURNIER.,10071108,13:05:00,17,0,24,1,2025-01-20T00:00:00.000Z,-43.349331860000,-21.758144610000,"Avenida Getúlio Vargas, 835"
412,PARQUE BURNIER.,10074194,13:05:00,16,14,2,25,2025-01-20T00:00:00.000Z,-43.342338620000,-21.760505960000,"Rua Ângelo Falci, 55"
412,PARQUE BURNIER.,10072302,13:05:00,15,2,2,13,2025-01-20T00:00:00.000Z,-43.338029500000,-21.760323850000,"Avenida Sete de Setembro, 623"
412,PARQUE BURNIER.,10072332,13:05:00,14,0,0,13,2025-01-20T00:00:00.000Z,-43.335533860000,-21.760131640000,"Rua São Geraldo, 89"
412,PARQUE BURNIER.,10072337,13:05:00,13,1,0,13,2025-01-20T00:00:00.000Z,-43.334540130000,-21.760522960000,"Rua Olga Burnier, 67"
412,PARQUE BURNIER.,10072335,13:05:00,12,2,0,12,2025-01-20T00:00:00.000Z,-43.333453420000,-21.761562350000,"Rua Olga Burnier, 233"
412,PARQUE BURNIER.,10072382,13:05:00,11,1,0,10,2025-01-20T00:00:00.000Z,-43.332369450000,-21.762522520000,"Rua Olga Burnier, 361"
412,PARQUE BURNIER.,10072380,13:05:00,10,0,0,9,2025-01-20T00:00:00.000Z,-43.331466790000,-21.763337580000,"Rua Olga Burnier, 485"
412,PARQUE BURNIER.,10073583,13:05:00,9,2,0,9,2025-01-20T00:00:00.000Z,-43.330207820000,-21.763072230000,"Rua Adelaide Campos de Resende, 1070"
412,PARQUE BURNIER.,10073584,13:05:00,8,2,0,7,2025-01-20T00:00:00.000Z,-43.329363350000,-21.763255450000,"Rua Adelaide Campos de Resende, 984"
412,PARQUE BURNIER.,10072386,13:05:00,7,0,1,5,2025-01-20T00:00:00.000Z,-43.328850270000,-21.762325320000,"Rua José Teodoro dos Santos, 292"
412,PARQUE BURNIER.,10072384,13:05:00,6,0,0,6,2025-01-20T00:00:00.000Z,-43.327999480000,-21.763301540000,"Rua José Teodoro dos Santos, 126"
412,PARQUE BURNIER.,10072309,13:05:00,5,1,1,6,2025-01-20T00:00:00.000Z,-43.327273730000,-21.763967940000,"Rua José Teodoro dos Santos, 28"
412,PARQUE BURNIER.,10073589,13:05:00,4,3,0,6,2025-01-20T00:00:00.000Z,-43.326568960000,-21.763629600000,"Rua Adelaide Campos de Resende, 706"
412,PARQUE BURNIER.,10072362,13:05:00,3,3,0,3,2025-01-20T00:00:00.000Z,-43.327527760000,-21.762798310000,"Rua Natalino José de Paula, 310"
412,PARQUE BURNIER.,10072363,13:05:00,2,0,0,0,2025-01-20T00:00:00.000Z,-43.327885630000,-21.762179390000,"Rua Natalino José de Paula, 288"
412,PARQUE BURNIER.,10072358,13:05:00,1,0,0,0,2025-01-20T00:00:00.000Z,-43.328687310000,-21.761675740000,"Rua Natalino José de Paula, 112 - Ponto Final do Parque Burnier"
412,PARQUE BURNIER.,10072358,13:25:00,18,6,0,6,2025-01-20T00:00:00.000Z,-43.328687310000,-21.761675740000,"Rua Natalino José de Paula, 112 - Ponto Final do Parque Burnier"
412,PARQUE BURNIER.,10072356,13:25:00,17,0,0,0,2025-01-20T00:00:00.000Z,-43.327793950000,-21.762107030000,"Rua Natalino José de Paula, 271"
412,PARQUE BURNIER.,10072375,13:25:00,16,0,0,0,2025-01-20T00:00:00.000Z,-43.327420830000,-21.762727850000,"Rua Natalino José de Paula, 319"
412,PARQUE BURNIER.,10071503,13:25:00,15,0,0,0,2025-01-20T00:00:00.000Z,-43.326207040000,-21.762717810000,"Rua Natalino José de Paula, 421"
412,PARQUE BURNIER.,10072359,13:25:00,14,0,1,0,2025-01-20T00:00:00.000Z,-43.326282500000,-21.763143540000,"Rua Adelaide Campos de Resende, 651"
412,PARQUE BURNIER.,10072328,13:25:00,13,0,3,1,2025-01-20T00:00:00.000Z,-43.326450350000,-21.763683320000,"Rua Adelaide Campos de Resende, 669"
412,PARQUE BURNIER.,10072377,13:25:00,12,0,1,4,2025-01-20T00:00:00.000Z,-43.327321890000,-21.764062650000,"Rua José Teodoro dos Santos, 25"
412,PARQUE BURNIER.,10072316,13:25:00,11,0,1,5,2025-01-20T00:00:00.000Z,-43.328204750000,-21.763332370000,"Rua José Teodoro dos Santos, 145"
412,PARQUE BURNIER.,10072313,13:25:00,10,0,0,6,2025-01-20T00:00:00.000Z,-43.328846690000,-21.762504770000,"Rua José Teodoro dos Santos, 275"
412,PARQUE BURNIER.,10072296,13:25:00,9,0,2,6,2025-01-20T00:00:00.000Z,-43.329374790000,-21.763440430000,"Rua Adelaide Campos de Resende, 975"
412,PARQUE BURNIER.,10072301,13:25:00,8,0,1,8,2025-01-20T00:00:00.000Z,-43.330138330000,-21.763252970000,"Rua Adelaide Campos de Resende, 1061"
412,PARQUE BURNIER.,10073561,13:25:00,7,0,0,9,2025-01-20T00:00:00.000Z,-43.331552510000,-21.763418910000,"Rua Olga Burnier, 480"
412,PARQUE BURNIER.,10073557,13:25:00,6,0,0,9,2025-01-20T00:00:00.000Z,-43.332479840000,-21.762640710000,"Rua Olga Burnier, 356"
412,PARQUE BURNIER.,10073560,13:25:00,5,0,0,9,2025-01-20T00:00:00.000Z,-43.333589670000,-21.761652280000,"Rua Olga Burnier, 230"
412,PARQUE BURNIER.,10073558,13:25:00,4,0,0,9,2025-01-20T00:00:00.000Z,-43.334645750000,-21.760669710000,"Rua Olga Burnier, 70"
412,PARQUE BURNIER.,10073552,13:25:00,3,0,0,9,2025-01-20T00:00:00.000Z,-43.335479020000,-21.760313550000,"Rua São Geraldo, 84"
412,PARQUE BURNIER.,10072305,13:25:00,2,0,0,9,2025-01-20T00:00:00.000Z,-43.337478970000,-21.760922950000,"Rua Djalma de Carvalho, 37"
412,PARQUE BURNIER.,10071108,13:25:00,1,9,0,9,2025-01-20T00:00:00.000Z,-43.349331860000,-21.758144610000,"Avenida Getúlio Vargas, 835"
412,PARQUE BURNIER.,10071108,14:00:00,17,0,14,0,2025-01-20T00:00:00.000Z,-43.349331860000,-21.758144610000,"Avenida Getúlio Vargas, 835"
412,PARQUE BURNIER.,10074194,14:00:00,16,11,4,14,2025-01-20T00:00:00.000Z,-43.342338620000,-21.760505960000,"Rua Ângelo Falci, 55"
412,PARQUE BURNIER.,10072302,14:00:00,15,0,1,7,2025-01-20T00:00:00.000Z,-43.338029500000,-21.760323850000,"Avenida Sete de Setembro, 623"
412,PARQUE BURNIER.,10072332,14:00:00,14,0,0,8,2025-01-20T00:00:00.000Z,-43.335533860000,-21.760131640000,"Rua São Geraldo, 89"
412,PARQUE BURNIER.,10072337,14:00:00,13,0,0,8,2025-01-20T00:00:00.000Z,-43.334540130000,-21.760522960000,"Rua Olga Burnier, 67"
412,PARQUE BURNIER.,10072335,14:00:00,12,0,0,8,2025-01-20T00:00:00.000Z,-43.333453420000,-21.761562350000,"Rua Olga Burnier, 233"
412,PARQUE BURNIER.,10072382,14:00:00,11,0,0,8,2025-01-20T00:00:00.000Z,-43.332369450000,-21.762522520000,"Rua Olga Burnier, 361"
412,PARQUE BURNIER.,10072380,14:00:00,10,0,0,8,2025-01-20T00:00:00.000Z,-43.331466790000,-21.763337580000,"Rua Olga Burnier, 485"
412,PARQUE BURNIER.,10073583,14:00:00,9,0,0,8,2025-01-20T00:00:00.000Z,-43.330207820000,-21.763072230000,"Rua Adelaide Campos de Resende, 1070"
412,PARQUE BURNIER.,10073584,14:00:00,8,4,0,8,2025-01-20T00:00:00.000Z,-43.329363350000,-21.763255450000,"Rua Adelaide Campos de Resende, 984"
412,PARQUE BURNIER.,10072386,14:00:00,7,1,0,4,2025-01-20T00:00:00.000Z,-43.328850270000,-21.762325320000,"Rua José Teodoro dos Santos, 292"
412,PARQUE BURNIER.,10072384,14:00:00,6,0,0,3,2025-01-20T00:00:00.000Z,-43.327999480000,-21.763301540000,"Rua José Teodoro dos Santos, 126"
412,PARQUE BURNIER.,10072309,14:00:00,5,0,1,3,2025-01-20T00:00:00.000Z,-43.327273730000,-21.763967940000,"Rua José Teodoro dos Santos, 28"
412,PARQUE BURNIER.,10073589,14:00:00,4,2,1,4,2025-01-20T00:00:00.000Z,-43.326568960000,-21.763629600000,"Rua Adelaide Campos de Resende, 706"
412,PARQUE BURNIER.,10072362,14:00:00,3,3,0,3,2025-01-20T00:00:00.000Z,-43.327527760000,-21.762798310000,"Rua Natalino José de Paula, 310"
412,PARQUE BURNIER.,10072363,14:00:00,2,0,0,0,2025-01-20T00:00:00.000Z,-43.327885630000,-21.762179390000,"Rua Natalino José de Paula, 288"
412,PARQUE BURNIER.,10072358,14:00:00,1,0,0,0,2025-01-20T00:00:00.000Z,-43.328687310000,-21.761675740000,"Rua Natalino José de Paula, 112 - Ponto Final do Parque Burnier"
412,PARQUE BURNIER.,10072358,14:20:00,18,2,0,4,2025-01-20T00:00:00.000Z,-43.328687310000,-21.761675740000,"Rua Natalino José de Paula, 112 - Ponto Final do Parque Burnier"
412,PARQUE BURNIER.,10072356,14:20:00,17,0,0,2,2025-01-20T00:00:00.000Z,-43.327793950000,-21.762107030000,"Rua Natalino José de Paula, 271"
412,PARQUE BURNIER.,10072375,14:20:00,16,0,0,2,2025-01-20T00:00:00.000Z,-43.327420830000,-21.762727850000,"Rua Natalino José de Paula, 319"
412,PARQUE BURNIER.,10071503,14:20:00,15,0,1,2,2025-01-20T00:00:00.000Z,-43.326207040000,-21.762717810000,"Rua Natalino José de Paula, 421"
412,PARQUE BURNIER.,10072359,14:20:00,14,0,0,3,2025-01-20T00:00:00.000Z,-43.326282500000,-21.763143540000,"Rua Adelaide Campos de Resende, 651"
412,PARQUE BURNIER.,10072328,14:20:00,13,0,0,3,2025-01-20T00:00:00.000Z,-43.326450350000,-21.763683320000,"Rua Adelaide Campos de Resende, 669"
412,PARQUE BURNIER.,10072377,14:20:00,12,0,0,3,2025-01-20T00:00:00.000Z,-43.327321890000,-21.764062650000,"Rua José Teodoro dos Santos, 25"
412,PARQUE BURNIER.,10072316,14:20:00,11,0,0,3,2025-01-20T00:00:00.000Z,-43.328204750000,-21.763332370000,"Rua José Teodoro dos Santos, 145"
412,PARQUE BURNIER.,10072313,14:20:00,10,0,0,3,2025-01-20T00:00:00.000Z,-43.328846690000,-21.762504770000,"Rua José Teodoro dos Santos, 275"
412,PARQUE BURNIER.,10072296,14:20:00,9,0,0,3,2025-01-20T00:00:00.000Z,-43.329374790000,-21.763440430000,"Rua Adelaide Campos de Resende, 975"
412,PARQUE BURNIER.,10072301,14:20:00,8,0,0,3,2025-01-20T00:00:00.000Z,-43.330138330000,-21.763252970000,"Rua Adelaide Campos de Resende, 1061"
412,PARQUE BURNIER.,10073561,14:20:00,7,0,0,3,2025-01-20T00:00:00.000Z,-43.331552510000,-21.763418910000,"Rua Olga Burnier, 480"
412,PARQUE BURNIER.,10073557,14:20:00,6,0,0,3,2025-01-20T00:00:00.000Z,-43.332479840000,-21.762640710000,"Rua Olga Burnier, 356"
412,PARQUE BURNIER.,10073560,14:20:00,5,0,0,3,2025-01-20T00:00:00.000Z,-43.333589670000,-21.761652280000,"Rua Olga Burnier, 230"
412,PARQUE BURNIER.,10073558,14:20:00,4,0,3,3,2025-01-20T00:00:00.000Z,-43.334645750000,-21.760669710000,"Rua Olga Burnier, 70"
412,PARQUE BURNIER.,10073552,14:20:00,3,1,1,6,2025-01-20T00:00:00.000Z,-43.335479020000,-21.760313550000,"Rua São Geraldo, 84"
412,PARQUE BURNIER.,10072305,14:20:00,2,1,5,6,2025-01-20T00:00:00.000Z,-43.337478970000,-21.760922950000,"Rua Djalma de Carvalho, 37"
412,PARQUE BURNIER.,10071108,14:20:00,1,10,0,10,2025-01-20T00:00:00.000Z,-43.349331860000,-21.758144610000,"Avenida Getúlio Vargas, 835"
412,PARQUE BURNIER.,10071108,14:55:00,17,0,12,1,2025-01-20T00:00:00.000Z,-43.349331860000,-21.758144610000,"Avenida Getúlio Vargas, 835"
412,PARQUE BURNIER.,10074194,14:55:00,16,10,2,13,2025-01-20T00:00:00.000Z,-43.342338620000,-21.760505960000,"Rua Ângelo Falci, 55"
412,PARQUE BURNIER.,10072302,14:55:00,15,0,0,5,2025-01-20T00:00:00.000Z,-43.338029500000,-21.760323850000,"Avenida Sete de Setembro, 623"
412,PARQUE BURNIER.,10072332,14:55:00,14,0,2,5,2025-01-20T00:00:00.000Z,-43.335533860000,-21.760131640000,"Rua São Geraldo, 89"
412,PARQUE BURNIER.,10072337,14:55:00,13,0,0,7,2025-01-20T00:00:00.000Z,-43.334540130000,-21.760522960000,"Rua Olga Burnier, 67"
412,PARQUE BURNIER.,10072335,14:55:00,12,0,0,7,2025-01-20T00:00:00.000Z,-43.333453420000,-21.761562350000,"Rua Olga Burnier, 233"
412,PARQUE BURNIER.,10072382,14:55:00,11,0,0,7,2025-01-20T00:00:00.000Z,-43.332369450000,-21.762522520000,"Rua Olga Burnier, 361"
412,PARQUE BURNIER.,10072380,14:55:00,10,0,0,7,2025-01-20T00:00:00.000Z,-43.331466790000,-21.763337580000,"Rua Olga Burnier, 485"
412,PARQUE BURNIER.,10073583,14:55:00,9,0,0,7,2025-01-20T00:00:00.000Z,-43.330207820000,-21.763072230000,"Rua Adelaide Campos de Resende, 1070"
412,PARQUE BURNIER.,10073584,14:55:00,8,2,0,7,2025-01-20T00:00:00.000Z,-43.329363350000,-21.763255450000,"Rua Adelaide Campos de Resende, 984"
412,PARQUE BURNIER.,10072386,14:55:00,7,1,0,5,2025-01-20T00:00:00.000Z,-43.328850270000,-21.762325320000,"Rua José Teodoro dos Santos, 292"
412,PARQUE BURNIER.,10072384,14:55:00,6,0,0,4,2025-01-20T00:00:00.000Z,-43.327999480000,-21.763301540000,"Rua José Teodoro dos Santos, 126"
412,PARQUE BURNIER.,10072309,14:55:00,5,3,0,4,2025-01-20T00:00:00.000Z,-43.327273730000,-21.763967940000,"Rua José Teodoro dos Santos, 28"
412,PARQUE BURNIER.,10073589,14:55:00,4,0,0,1,2025-01-20T00:00:00.000Z,-43.326568960000,-21.763629600000,"Rua Adelaide Campos de Resende, 706"
412,PARQUE BURNIER.,10072362,14:55:00,3,0,0,1,2025-01-20T00:00:00.000Z,-43.327527760000,-21.762798310000,"Rua Natalino José de Paula, 310"
412,PARQUE BURNIER.,10072363,14:55:00,2,1,0,1,2025-01-20T00:00:00.000Z,-43.327885630000,-21.762179390000,"Rua Natalino José de Paula, 288"
412,PARQUE BURNIER.,10072358,14:55:00,1,0,0,0,2025-01-20T00:00:00.000Z,-43.328687310000,-21.761675740000,"Rua Natalino José de Paula, 112 - Ponto Final do Parque Burnier"
412,PARQUE BURNIER.,10072358,15:15:00,18,2,0,16,2025-01-20T00:00:00.000Z,-43.328687310000,-21.761675740000,"Rua Natalino José de Paula, 112 - Ponto Final do Parque Burnier"
412,PARQUE BURNIER.,10072356,15:15:00,17,0,0,14,2025-01-20T00:00:00.000Z,-43.327793950000,-21.762107030000,"Rua Natalino José de Paula, 271"
412,PARQUE BURNIER.,10072375,15:15:00,16,1,0,14,2025-01-20T00:00:00.000Z,-43.327420830000,-21.762727850000,"Rua Natalino José de Paula, 319"
412,PARQUE BURNIER.,10071503,15:15:00,15,0,2,13,2025-01-20T00:00:00.000Z,-43.326207040000,-21.762717810000,"Rua Natalino José de Paula, 421"
412,PARQUE BURNIER.,10072359,15:15:00,14,0,0,15,2025-01-20T00:00:00.000Z,-43.326282500000,-21.763143540000,"Rua Adelaide Campos de Resende, 651"
412,PARQUE BURNIER.,10072328,15:15:00,13,0,0,15,2025-01-20T00:00:00.000Z,-43.326450350000,-21.763683320000,"Rua Adelaide Campos de Resende, 669"
412,PARQUE BURNIER.,10072377,15:15:00,12,0,0,15,2025-01-20T00:00:00.000Z,-43.327321890000,-21.764062650000,"Rua José Teodoro dos Santos, 25"
412,PARQUE BURNIER.,10072316,15:15:00,11,0,1,15,2025-01-20T00:00:00.000Z,-43.328204750000,-21.763332370000,"Rua José Teodoro dos Santos, 145"
412,PARQUE BURNIER.,10072313,15:15:00,10,0,0,16,2025-01-20T00:00:00.000Z,-43.328846690000,-21.762504770000,"Rua José Teodoro dos Santos, 275"
412,PARQUE BURNIER.,10072296,15:15:00,9,0,0,16,2025-01-20T00:00:00.000Z,-43.329374790000,-21.763440430000,"Rua Adelaide Campos de Resende, 975"
412,PARQUE BURNIER.,10072301,15:15:00,8,0,1,16,2025-01-20T00:00:00.000Z,-43.330138330000,-21.763252970000,"Rua Adelaide Campos de Resende, 1061"
412,PARQUE BURNIER.,10073561,15:15:00,7,0,0,17,2025-01-20T00:00:00.000Z,-43.331552510000,-21.763418910000,"Rua Olga Burnier, 480"
412,PARQUE BURNIER.,10073557,15:15:00,6,0,0,17,2025-01-20T00:00:00.000Z,-43.332479840000,-21.762640710000,"Rua Olga Burnier, 356"
412,PARQUE BURNIER.,10073560,15:15:00,5,1,0,17,2025-01-20T00:00:00.000Z,-43.333589670000,-21.761652280000,"Rua Olga Burnier, 230"
412,PARQUE BURNIER.,10073558,15:15:00,4,0,0,16,2025-01-20T00:00:00.000Z,-43.334645750000,-21.760669710000,"Rua Olga Burnier, 70"
412,PARQUE BURNIER.,10073552,15:15:00,3,0,0,16,2025-01-20T00:00:00.000Z,-43.335479020000,-21.760313550000,"Rua São Geraldo, 84"
412,PARQUE BURNIER.,10072305,15:15:00,2,2,0,16,2025-01-20T00:00:00.000Z,-43.337478970000,-21.760922950000,"Rua Djalma de Carvalho, 37"
412,PARQUE BURNIER.,10071108,15:15:00,1,14,0,14,2025-01-20T00:00:00.000Z,-43.349331860000,-21.758144610000,"Avenida Getúlio Vargas, 835"
412,PARQUE BURNIER.,10071108,15:50:00,17,0,8,0,2025-01-20T00:00:00.000Z,-43.349331860000,-21.758144610000,"Avenida Getúlio Vargas, 835"
412,PARQUE BURNIER.,10074194,15:50:00,16,7,4,8,2025-01-20T00:00:00.000Z,-43.342338620000,-21.760505960000,"Rua Ângelo Falci, 55"
412,PARQUE BURNIER.,10072302,15:50:00,15,0,2,5,2025-01-20T00:00:00.000Z,-43.338029500000,-21.760323850000,"Avenida Sete de Setembro, 623"
412,PARQUE BURNIER.,10072332,15:50:00,14,0,0,7,2025-01-20T00:00:00.000Z,-43.335533860000,-21.760131640000,"Rua São Geraldo, 89"
412,PARQUE BURNIER.,10072337,15:50:00,13,0,0,7,2025-01-20T00:00:00.000Z,-43.334540130000,-21.760522960000,"Rua Olga Burnier, 67"
412,PARQUE BURNIER.,10072335,15:50:00,12,0,1,7,2025-01-20T00:00:00.000Z,-43.333453420000,-21.761562350000,"Rua Olga Burnier, 233"
412,PARQUE BURNIER.,10072382,15:50:00,11,0,0,8,2025-01-20T00:00:00.000Z,-43.332369450000,-21.762522520000,"Rua Olga Burnier, 361"
412,PARQUE BURNIER.,10072380,15:50:00,10,0,0,8,2025-01-20T00:00:00.000Z,-43.331466790000,-21.763337580000,"Rua Olga Burnier, 485"
412,PARQUE BURNIER.,10073583,15:50:00,9,1,0,8,2025-01-20T00:00:00.000Z,-43.330207820000,-21.763072230000,"Rua Adelaide Campos de Resende, 1070"
412,PARQUE BURNIER.,10073584,15:50:00,8,2,0,7,2025-01-20T00:00:00.000Z,-43.329363350000,-21.763255450000,"Rua Adelaide Campos de Resende, 984"
412,PARQUE BURNIER.,10072386,15:50:00,7,0,0,5,2025-01-20T00:00:00.000Z,-43.328850270000,-21.762325320000,"Rua José Teodoro dos Santos, 292"
412,PARQUE BURNIER.,10072384,15:50:00,6,1,0,5,2025-01-20T00:00:00.000Z,-43.327999480000,-21.763301540000,"Rua José Teodoro dos Santos, 126"
412,PARQUE BURNIER.,10072309,15:50:00,5,1,0,4,2025-01-20T00:00:00.000Z,-43.327273730000,-21.763967940000,"Rua José Teodoro dos Santos, 28"
412,PARQUE BURNIER.,10073589,15:50:00,4,3,0,3,2025-01-20T00:00:00.000Z,-43.326568960000,-21.763629600000,"Rua Adelaide Campos de Resende, 706"
412,PARQUE BURNIER.,10072362,15:50:00,3,0,1,0,2025-01-20T00:00:00.000Z,-43.327527760000,-21.762798310000,"Rua Natalino José de Paula, 310"
412,PARQUE BURNIER.,10072363,15:50:00,2,1,0,1,2025-01-20T00:00:00.000Z,-43.327885630000,-21.762179390000,"Rua Natalino José de Paula, 288"
412,PARQUE BURNIER.,10072358,15:50:00,1,0,0,0,2025-01-20T00:00:00.000Z,-43.328687310000,-21.761675740000,"Rua Natalino José de Paula, 112 - Ponto Final do Parque Burnier"
412,PARQUE BURNIER.,10072358,16:10:00,18,1,0,10,2025-01-20T00:00:00.000Z,-43.328687310000,-21.761675740000,"Rua Natalino José de Paula, 112 - Ponto Final do Parque Burnier"
412,PARQUE BURNIER.,10072356,16:10:00,17,0,1,9,2025-01-20T00:00:00.000Z,-43.327793950000,-21.762107030000,"Rua Natalino José de Paula, 271"
412,PARQUE BURNIER.,10072375,16:10:00,16,0,3,10,2025-01-20T00:00:00.000Z,-43.327420830000,-21.762727850000,"Rua Natalino José de Paula, 319"
412,PARQUE BURNIER.,10071503,16:10:00,15,1,0,13,2025-01-20T00:00:00.000Z,-43.326207040000,-21.762717810000,"Rua Natalino José de Paula, 421"
412,PARQUE BURNIER.,10072359,16:10:00,14,0,2,12,2025-01-20T00:00:00.000Z,-43.326282500000,-21.763143540000,"Rua Adelaide Campos de Resende, 651"
412,PARQUE BURNIER.,10072328,16:10:00,13,1,2,14,2025-01-20T00:00:00.000Z,-43.326450350000,-21.763683320000,"Rua Adelaide Campos de Resende, 669"
412,PARQUE BURNIER.,10072377,16:10:00,12,1,0,15,2025-01-20T00:00:00.000Z,-43.327321890000,-21.764062650000,"Rua José Teodoro dos Santos, 25"
412,PARQUE BURNIER.,10072316,16:10:00,11,0,0,14,2025-01-20T00:00:00.000Z,-43.328204750000,-21.763332370000,"Rua José Teodoro dos Santos, 145"
412,PARQUE BURNIER.,10072313,16:10:00,10,0,1,14,2025-01-20T00:00:00.000Z,-43.328846690000,-21.762504770000,"Rua José Teodoro dos Santos, 275"
412,PARQUE BURNIER.,10072296,16:10:00,9,0,4,15,2025-01-20T00:00:00.000Z,-43.329374790000,-21.763440430000,"Rua Adelaide Campos de Resende, 975"
412,PARQUE BURNIER.,10072301,16:10:00,8,0,0,19,2025-01-20T00:00:00.000Z,-43.330138330000,-21.763252970000,"Rua Adelaide Campos de Resende, 1061"
412,PARQUE BURNIER.,10073561,16:10:00,7,0,0,19,2025-01-20T00:00:00.000Z,-43.331552510000,-21.763418910000,"Rua Olga Burnier, 480"
412,PARQUE BURNIER.,10073557,16:10:00,6,0,0,19,2025-01-20T00:00:00.000Z,-43.332479840000,-21.762640710000,"Rua Olga Burnier, 356"
412,PARQUE BURNIER.,10073560,16:10:00,5,0,0,19,2025-01-20T00:00:00.000Z,-43.333589670000,-21.761652280000,"Rua Olga Burnier, 230"
412,PARQUE BURNIER.,10073558,16:10:00,4,0,0,19,2025-01-20T00:00:00.000Z,-43.334645750000,-21.760669710000,"Rua Olga Burnier, 70"
412,PARQUE BURNIER.,10073552,16:10:00,3,0,0,19,2025-01-20T00:00:00.000Z,-43.335479020000,-21.760313550000,"Rua São Geraldo, 84"
412,PARQUE BURNIER.,10072305,16:10:00,2,0,0,19,2025-01-20T00:00:00.000Z,-43.337478970000,-21.760922950000,"Rua Djalma de Carvalho, 37"
412,PARQUE BURNIER.,10071108,16:10:00,1,19,0,19,2025-01-20T00:00:00.000Z,-43.349331860000,-21.758144610000,"Avenida Getúlio Vargas, 835"
412,PARQUE BURNIER.,10071108,16:45:00,17,0,24,7,2025-01-20T00:00:00.000Z,-43.349331860000,-21.758144610000,"Avenida Getúlio Vargas, 835"
412,PARQUE BURNIER.,10074194,16:45:00,16,25,0,31,2025-01-20T00:00:00.000Z,-43.342338620000,-21.760505960000,"Rua Ângelo Falci, 55"
412,PARQUE BURNIER.,10072302,16:45:00,15,0,0,6,2025-01-20T00:00:00.000Z,-43.338029500000,-21.760323850000,"Avenida Sete de Setembro, 623"
412,PARQUE BURNIER.,10072332,16:45:00,14,1,0,6,2025-01-20T00:00:00.000Z,-43.335533860000,-21.760131640000,"Rua São Geraldo, 89"
412,PARQUE BURNIER.,10072337,16:45:00,13,0,0,5,2025-01-20T00:00:00.000Z,-43.334540130000,-21.760522960000,"Rua Olga Burnier, 67"
412,PARQUE BURNIER.,10072335,16:45:00,12,0,0,5,2025-01-20T00:00:00.000Z,-43.333453420000,-21.761562350000,"Rua Olga Burnier, 233"
412,PARQUE BURNIER.,10072382,16:45:00,11,0,0,5,2025-01-20T00:00:00.000Z,-43.332369450000,-21.762522520000,"Rua Olga Burnier, 361"
412,PARQUE BURNIER.,10072380,16:45:00,10,0,0,5,2025-01-20T00:00:00.000Z,-43.331466790000,-21.763337580000,"Rua Olga Burnier, 485"
412,PARQUE BURNIER.,10073583,16:45:00,9,0,0,5,2025-01-20T00:00:00.000Z,-43.330207820000,-21.763072230000,"Rua Adelaide Campos de Resende, 1070"
412,PARQUE BURNIER.,10073584,16:45:00,8,2,0,5,2025-01-20T00:00:00.000Z,-43.329363350000,-21.763255450000,"Rua Adelaide Campos de Resende, 984"
412,PARQUE BURNIER.,10072386,16:45:00,7,1,0,3,2025-01-20T00:00:00.000Z,-43.328850270000,-21.762325320000,"Rua José Teodoro dos Santos, 292"
412,PARQUE BURNIER.,10072384,16:45:00,6,0,0,2,2025-01-20T00:00:00.000Z,-43.327999480000,-21.763301540000,"Rua José Teodoro dos Santos, 126"
412,PARQUE BURNIER.,10072309,16:45:00,5,0,1,2,2025-01-20T00:00:00.000Z,-43.327273730000,-21.763967940000,"Rua José Teodoro dos Santos, 28"
412,PARQUE BURNIER.,10073589,16:45:00,4,0,0,3,2025-01-20T00:00:00.000Z,-43.326568960000,-21.763629600000,"Rua Adelaide Campos de Resende, 706"
412,PARQUE BURNIER.,10072362,16:45:00,3,1,0,3,2025-01-20T00:00:00.000Z,-43.327527760000,-21.762798310000,"Rua Natalino José de Paula, 310"
412,PARQUE BURNIER.,10072363,16:45:00,2,2,0,2,2025-01-20T00:00:00.000Z,-43.327885630000,-21.762179390000,"Rua Natalino José de Paula, 288"
412,PARQUE BURNIER.,10072358,16:45:00,1,0,0,0,2025-01-20T00:00:00.000Z,-43.328687310000,-21.761675740000,"Rua Natalino José de Paula, 112 - Ponto Final do Parque Burnier"
412,PARQUE BURNIER.,10072358,17:05:00,18,1,0,7,2025-01-20T00:00:00.000Z,-43.328687310000,-21.761675740000,"Rua Natalino José de Paula, 112 - Ponto Final do Parque Burnier"
412,PARQUE BURNIER.,10072356,17:05:00,17,1,1,6,2025-01-20T00:00:00.000Z,-43.327793950000,-21.762107030000,"Rua Natalino José de Paula, 271"
412,PARQUE BURNIER.,10072375,17:05:00,16,1,0,6,2025-01-20T00:00:00.000Z,-43.327420830000,-21.762727850000,"Rua Natalino José de Paula, 319"
412,PARQUE BURNIER.,10071503,17:05:00,15,0,1,5,2025-01-20T00:00:00.000Z,-43.326207040000,-21.762717810000,"Rua Natalino José de Paula, 421"
412,PARQUE BURNIER.,10072359,17:05:00,14,0,0,6,2025-01-20T00:00:00.000Z,-43.326282500000,-21.763143540000,"Rua Adelaide Campos de Resende, 651"
412,PARQUE BURNIER.,10072328,17:05:00,13,0,0,6,2025-01-20T00:00:00.000Z,-43.326450350000,-21.763683320000,"Rua Adelaide Campos de Resende, 669"
412,PARQUE BURNIER.,10072377,17:05:00,12,0,3,6,2025-01-20T00:00:00.000Z,-43.327321890000,-21.764062650000,"Rua José Teodoro dos Santos, 25"
412,PARQUE BURNIER.,10072316,17:05:00,11,0,0,9,2025-01-20T00:00:00.000Z,-43.328204750000,-21.763332370000,"Rua José Teodoro dos Santos, 145"
412,PARQUE BURNIER.,10072313,17:05:00,10,1,1,9,2025-01-20T00:00:00.000Z,-43.328846690000,-21.762504770000,"Rua José Teodoro dos Santos, 275"
412,PARQUE BURNIER.,10072296,17:05:00,9,0,1,9,2025-01-20T00:00:00.000Z,-43.329374790000,-21.763440430000,"Rua Adelaide Campos de Resende, 975"
412,PARQUE BURNIER.,10072301,17:05:00,8,0,0,10,2025-01-20T00:00:00.000Z,-43.330138330000,-21.763252970000,"Rua Adelaide Campos de Resende, 1061"
412,PARQUE BURNIER.,10073561,17:05:00,7,0,0,10,2025-01-20T00:00:00.000Z,-43.331552510000,-21.763418910000,"Rua Olga Burnier, 480"
412,PARQUE BURNIER.,10073557,17:05:00,6,0,0,10,2025-01-20T00:00:00.000Z,-43.332479840000,-21.762640710000,"Rua Olga Burnier, 356"
412,PARQUE BURNIER.,10073560,17:05:00,5,0,0,10,2025-01-20T00:00:00.000Z,-43.333589670000,-21.761652280000,"Rua Olga Burnier, 230"
412,PARQUE BURNIER.,10073558,17:05:00,4,0,0,10,2025-01-20T00:00:00.000Z,-43.334645750000,-21.760669710000,"Rua Olga Burnier, 70"
412,PARQUE BURNIER.,10073552,17:05:00,3,0,1,10,2025-01-20T00:00:00.000Z,-43.335479020000,-21.760313550000,"Rua São Geraldo, 84"
412,PARQUE BURNIER.,10072305,17:05:00,2,3,0,11,2025-01-20T00:00:00.000Z,-43.337478970000,-21.760922950000,"Rua Djalma de Carvalho, 37"
412,PARQUE BURNIER.,10071108,17:05:00,1,8,0,8,2025-01-20T00:00:00.000Z,-43.349331860000,-21.758144610000,"Avenida Getúlio Vargas, 835"
412,PARQUE BURNIER.,10071108,17:40:00,17,0,11,7,2025-01-20T00:00:00.000Z,-43.349331860000,-21.758144610000,"Avenida Getúlio Vargas, 835"
412,PARQUE BURNIER.,10074194,17:40:00,16,12,0,18,2025-01-20T00:00:00.000Z,-43.342338620000,-21.760505960000,"Rua Ângelo Falci, 55"
412,PARQUE BURNIER.,10072302,17:40:00,15,1,1,6,2025-01-20T00:00:00.000Z,-43.338029500000,-21.760323850000,"Avenida Sete de Setembro, 623"
412,PARQUE BURNIER.,10072332,17:40:00,14,0,0,6,2025-01-20T00:00:00.000Z,-43.335533860000,-21.760131640000,"Rua São Geraldo, 89"
412,PARQUE BURNIER.,10072337,17:40:00,13,0,0,6,2025-01-20T00:00:00.000Z,-43.334540130000,-21.760522960000,"Rua Olga Burnier, 67"
412,PARQUE BURNIER.,10072335,17:40:00,12,0,1,6,2025-01-20T00:00:00.000Z,-43.333453420000,-21.761562350000,"Rua Olga Burnier, 233"
412,PARQUE BURNIER.,10072382,17:40:00,11,0,0,7,2025-01-20T00:00:00.000Z,-43.332369450000,-21.762522520000,"Rua Olga Burnier, 361"
412,PARQUE BURNIER.,10072380,17:40:00,10,0,0,7,2025-01-20T00:00:00.000Z,-43.331466790000,-21.763337580000,"Rua Olga Burnier, 485"
412,PARQUE BURNIER.,10073583,17:40:00,9,1,0,7,2025-01-20T00:00:00.000Z,-43.330207820000,-21.763072230000,"Rua Adelaide Campos de Resende, 1070"
412,PARQUE BURNIER.,10073584,17:40:00,8,0,0,6,2025-01-20T00:00:00.000Z,-43.329363350000,-21.763255450000,"Rua Adelaide Campos de Resende, 984"
412,PARQUE BURNIER.,10072386,17:40:00,7,1,0,6,2025-01-20T00:00:00.000Z,-43.328850270000,-21.762325320000,"Rua José Teodoro dos Santos, 292"
412,PARQUE BURNIER.,10072384,17:40:00,6,1,0,5,2025-01-20T00:00:00.000Z,-43.327999480000,-21.763301540000,"Rua José Teodoro dos Santos, 126"
412,PARQUE BURNIER.,10072309,17:40:00,5,1,1,4,2025-01-20T00:00:00.000Z,-43.327273730000,-21.763967940000,"Rua José Teodoro dos Santos, 28"
412,PARQUE BURNIER.,10073589,17:40:00,4,2,0,4,2025-01-20T00:00:00.000Z,-43.326568960000,-21.763629600000,"Rua Adelaide Campos de Resende, 706"
412,PARQUE BURNIER.,10072362,17:40:00,3,1,1,2,2025-01-20T00:00:00.000Z,-43.327527760000,-21.762798310000,"Rua Natalino José de Paula, 310"
412,PARQUE BURNIER.,10072363,17:40:00,2,2,0,2,2025-01-20T00:00:00.000Z,-43.327885630000,-21.762179390000,"Rua Natalino José de Paula, 288"
412,PARQUE BURNIER.,10072358,17:40:00,1,0,0,0,2025-01-20T00:00:00.000Z,-43.328687310000,-21.761675740000,"Rua Natalino José de Paula, 112 - Ponto Final do Parque Burnier"
412,PARQUE BURNIER.,10072358,18:00:00,18,0,0,5,2025-01-20T00:00:00.000Z,-43.328687310000,-21.761675740000,"Rua Natalino José de Paula, 112 - Ponto Final do Parque Burnier"
412,PARQUE BURNIER.,10072356,18:00:00,17,0,2,5,2025-01-20T00:00:00.000Z,-43.327793950000,-21.762107030000,"Rua Natalino José de Paula, 271"
412,PARQUE BURNIER.,10072375,18:00:00,16,0,0,7,2025-01-20T00:00:00.000Z,-43.327420830000,-21.762727850000,"Rua Natalino José de Paula, 319"
412,PARQUE BURNIER.,10071503,18:00:00,15,2,1,7,2025-01-20T00:00:00.000Z,-43.326207040000,-21.762717810000,"Rua Natalino José de Paula, 421"
412,PARQUE BURNIER.,10072359,18:00:00,14,0,0,6,2025-01-20T00:00:00.000Z,-43.326282500000,-21.763143540000,"Rua Adelaide Campos de Resende, 651"
412,PARQUE BURNIER.,10072328,18:00:00,13,0,0,6,2025-01-20T00:00:00.000Z,-43.326450350000,-21.763683320000,"Rua Adelaide Campos de Resende, 669"
412,PARQUE BURNIER.,10072377,18:00:00,12,0,3,6,2025-01-20T00:00:00.000Z,-43.327321890000,-21.764062650000,"Rua José Teodoro dos Santos, 25"
412,PARQUE BURNIER.,10072316,18:00:00,11,0,0,9,2025-01-20T00:00:00.000Z,-43.328204750000,-21.763332370000,"Rua José Teodoro dos Santos, 145"
412,PARQUE BURNIER.,10072313,18:00:00,10,1,1,9,2025-01-20T00:00:00.000Z,-43.328846690000,-21.762504770000,"Rua José Teodoro dos Santos, 275"
412,PARQUE BURNIER.,10072296,18:00:00,9,0,2,9,2025-01-20T00:00:00.000Z,-43.329374790000,-21.763440430000,"Rua Adelaide Campos de Resende, 975"
412,PARQUE BURNIER.,10072301,18:00:00,8,0,0,11,2025-01-20T00:00:00.000Z,-43.330138330000,-21.763252970000,"Rua Adelaide Campos de Resende, 1061"
412,PARQUE BURNIER.,10073561,18:00:00,7,0,0,11,2025-01-20T00:00:00.000Z,-43.331552510000,-21.763418910000,"Rua Olga Burnier, 480"
412,PARQUE BURNIER.,10073557,18:00:00,6,0,0,11,2025-01-20T00:00:00.000Z,-43.332479840000,-21.762640710000,"Rua Olga Burnier, 356"
412,PARQUE BURNIER.,10073560,18:00:00,5,0,0,11,2025-01-20T00:00:00.000Z,-43.333589670000,-21.761652280000,"Rua Olga Burnier, 230"
412,PARQUE BURNIER.,10073558,18:00:00,4,0,0,11,2025-01-20T00:00:00.000Z,-43.334645750000,-21.760669710000,"Rua Olga Burnier, 70"
412,PARQUE BURNIER.,10073552,18:00:00,3,0,0,11,2025-01-20T00:00:00.000Z,-43.335479020000,-21.760313550000,"Rua São Geraldo, 84"
412,PARQUE BURNIER.,10072305,18:00:00,2,0,0,11,2025-01-20T00:00:00.000Z,-43.337478970000,-21.760922950000,"Rua Djalma de Carvalho, 37"
412,PARQUE BURNIER.,10071108,18:00:00,1,11,0,11,2025-01-20T00:00:00.000Z,-43.349331860000,-21.758144610000,"Avenida Getúlio Vargas, 835"
412,PARQUE BURNIER.,10071108,18:35:00,17,0,14,4,2025-01-20T00:00:00.000Z,-43.349331860000,-21.758144610000,"Avenida Getúlio Vargas, 835"
412,PARQUE BURNIER.,10074194,18:35:00,16,18,0,18,2025-01-20T00:00:00.000Z,-43.342338620000,-21.760505960000,"Rua Ângelo Falci, 55"
412,PARQUE BURNIER.,10072302,18:35:00,15,0,0,0,2025-01-20T00:00:00.000Z,-43.338029500000,-21.760323850000,"Avenida Sete de Setembro, 623"
412,PARQUE BURNIER.,10072332,18:35:00,14,0,0,0,2025-01-20T00:00:00.000Z,-43.335533860000,-21.760131640000,"Rua São Geraldo, 89"
412,PARQUE BURNIER.,10072337,18:35:00,13,0,0,0,2025-01-20T00:00:00.000Z,-43.334540130000,-21.760522960000,"Rua Olga Burnier, 67"
412,PARQUE BURNIER.,10072335,18:35:00,12,0,1,0,2025-01-20T00:00:00.000Z,-43.333453420000,-21.761562350000,"Rua Olga Burnier, 233"
412,PARQUE BURNIER.,10072382,18:35:00,11,0,0,1,2025-01-20T00:00:00.000Z,-43.332369450000,-21.762522520000,"Rua Olga Burnier, 361"
412,PARQUE BURNIER.,10072380,18:35:00,10,0,0,1,2025-01-20T00:00:00.000Z,-43.331466790000,-21.763337580000,"Rua Olga Burnier, 485"
412,PARQUE BURNIER.,10073583,18:35:00,9,0,0,1,2025-01-20T00:00:00.000Z,-43.330207820000,-21.763072230000,"Rua Adelaide Campos de Resende, 1070"
412,PARQUE BURNIER.,10073584,18:35:00,8,0,0,1,2025-01-20T00:00:00.000Z,-43.329363350000,-21.763255450000,"Rua Adelaide Campos de Resende, 984"
412,PARQUE BURNIER.,10072386,18:35:00,7,0,0,1,2025-01-20T00:00:00.000Z,-43.328850270000,-21.762325320000,"Rua José Teodoro dos Santos, 292"
412,PARQUE BURNIER.,10072384,18:35:00,6,1,0,1,2025-01-20T00:00:00.000Z,-43.327999480000,-21.763301540000,"Rua José Teodoro dos Santos, 126"
412,PARQUE BURNIER.,10072309,18:35:00,5,0,0,0,2025-01-20T00:00:00.000Z,-43.327273730000,-21.763967940000,"Rua José Teodoro dos Santos, 28"
412,PARQUE BURNIER.,10073589,18:35:00,4,0,0,0,2025-01-20T00:00:00.000Z,-43.326568960000,-21.763629600000,"Rua Adelaide Campos de Resende, 706"
412,PARQUE BURNIER.,10072362,18:35:00,3,0,1,0,2025-01-20T00:00:00.000Z,-43.327527760000,-21.762798310000,"Rua Natalino José de Paula, 310"
412,PARQUE BURNIER.,10072363,18:35:00,2,1,0,1,2025-01-20T00:00:00.000Z,-43.327885630000,-21.762179390000,"Rua Natalino José de Paula, 288"
412,PARQUE BURNIER.,10072358,18:35:00,1,0,0,0,2025-01-20T00:00:00.000Z,-43.328687310000,-21.761675740000,"Rua Natalino José de Paula, 112 - Ponto Final do Parque Burnier"
412,PARQUE BURNIER.,10072358,18:55:00,18,4,0,13,2025-01-20T00:00:00.000Z,-43.328687310000,-21.761675740000,"Rua Natalino José de Paula, 112 - Ponto Final do Parque Burnier"
412,PARQUE BURNIER.,10072356,18:55:00,17,0,1,9,2025-01-20T00:00:00.000Z,-43.327793950000,-21.762107030000,"Rua Natalino José de Paula, 271"
412,PARQUE BURNIER.,10072375,18:55:00,16,0,0,10,2025-01-20T00:00:00.000Z,-43.327420830000,-21.762727850000,"Rua Natalino José de Paula, 319"
412,PARQUE BURNIER.,10071503,18:55:00,15,1,0,10,2025-01-20T00:00:00.000Z,-43.326207040000,-21.762717810000,"Rua Natalino José de Paula, 421"
412,PARQUE BURNIER.,10072359,18:55:00,14,0,0,9,2025-01-20T00:00:00.000Z,-43.326282500000,-21.763143540000,"Rua Adelaide Campos de Resende, 651"
412,PARQUE BURNIER.,10072328,18:55:00,13,0,0,9,2025-01-20T00:00:00.000Z,-43.326450350000,-21.763683320000,"Rua Adelaide Campos de Resende, 669"
412,PARQUE BURNIER.,10072377,18:55:00,12,0,3,9,2025-01-20T00:00:00.000Z,-43.327321890000,-21.764062650000,"Rua José Teodoro dos Santos, 25"
412,PARQUE BURNIER.,10072316,18:55:00,11,0,0,12,2025-01-20T00:00:00.000Z,-43.328204750000,-21.763332370000,"Rua José Teodoro dos Santos, 145"
412,PARQUE BURNIER.,10072313,18:55:00,10,0,1,12,2025-01-20T00:00:00.000Z,-43.328846690000,-21.762504770000,"Rua José Teodoro dos Santos, 275"
412,PARQUE BURNIER.,10072296,18:55:00,9,0,1,13,2025-01-20T00:00:00.000Z,-43.329374790000,-21.763440430000,"Rua Adelaide Campos de Resende, 975"
412,PARQUE BURNIER.,10072301,18:55:00,8,0,1,14,2025-01-20T00:00:00.000Z,-43.330138330000,-21.763252970000,"Rua Adelaide Campos de Resende, 1061"
412,PARQUE BURNIER.,10073561,18:55:00,7,0,0,15,2025-01-20T00:00:00.000Z,-43.331552510000,-21.763418910000,"Rua Olga Burnier, 480"
412,PARQUE BURNIER.,10073557,18:55:00,6,0,0,15,2025-01-20T00:00:00.000Z,-43.332479840000,-21.762640710000,"Rua Olga Burnier, 356"
412,PARQUE BURNIER.,10073560,18:55:00,5,0,0,15,2025-01-20T00:00:00.000Z,-43.333589670000,-21.761652280000,"Rua Olga Burnier, 230"
412,PARQUE BURNIER.,10073558,18:55:00,4,0,0,15,2025-01-20T00:00:00.000Z,-43.334645750000,-21.760669710000,"Rua Olga Burnier, 70"
412,PARQUE BURNIER.,10073552,18:55:00,3,2,0,15,2025-01-20T00:00:00.000Z,-43.335479020000,-21.760313550000,"Rua São Geraldo, 84"
412,PARQUE BURNIER.,10072305,18:55:00,2,0,0,13,2025-01-20T00:00:00.000Z,-43.337478970000,-21.760922950000,"Rua Djalma de Carvalho, 37"
412,PARQUE BURNIER.,10071108,18:55:00,1,13,0,13,2025-01-20T00:00:00.000Z,-43.349331860000,-21.758144610000,"Avenida Getúlio Vargas, 835"
412,PARQUE BURNIER.,10071108,19:30:00,17,0,9,1,2025-01-20T00:00:00.000Z,-43.349331860000,-21.758144610000,"Avenida Getúlio Vargas, 835"
412,PARQUE BURNIER.,10074194,19:30:00,16,3,0,10,2025-01-20T00:00:00.000Z,-43.342338620000,-21.760505960000,"Rua Ângelo Falci, 55"
412,PARQUE BURNIER.,10072302,19:30:00,15,3,0,7,2025-01-20T00:00:00.000Z,-43.338029500000,-21.760323850000,"Avenida Sete de Setembro, 623"
412,PARQUE BURNIER.,10072332,19:30:00,14,0,0,4,2025-01-20T00:00:00.000Z,-43.335533860000,-21.760131640000,"Rua São Geraldo, 89"
412,PARQUE BURNIER.,10072337,19:30:00,13,0,0,4,2025-01-20T00:00:00.000Z,-43.334540130000,-21.760522960000,"Rua Olga Burnier, 67"
412,PARQUE BURNIER.,10072335,19:30:00,12,0,1,4,2025-01-20T00:00:00.000Z,-43.333453420000,-21.761562350000,"Rua Olga Burnier, 233"
412,PARQUE BURNIER.,10072382,19:30:00,11,0,0,5,2025-01-20T00:00:00.000Z,-43.332369450000,-21.762522520000,"Rua Olga Burnier, 361"
412,PARQUE BURNIER.,10072380,19:30:00,10,0,0,5,2025-01-20T00:00:00.000Z,-43.331466790000,-21.763337580000,"Rua Olga Burnier, 485"
412,PARQUE BURNIER.,10073583,19:30:00,9,0,0,5,2025-01-20T00:00:00.000Z,-43.330207820000,-21.763072230000,"Rua Adelaide Campos de Resende, 1070"
412,PARQUE BURNIER.,10073584,19:30:00,8,0,0,5,2025-01-20T00:00:00.000Z,-43.329363350000,-21.763255450000,"Rua Adelaide Campos de Resende, 984"
412,PARQUE BURNIER.,10072386,19:30:00,7,2,0,5,2025-01-20T00:00:00.000Z,-43.328850270000,-21.762325320000,"Rua José Teodoro dos Santos, 292"
412,PARQUE BURNIER.,10072384,19:30:00,6,1,0,3,2025-01-20T00:00:00.000Z,-43.327999480000,-21.763301540000,"Rua José Teodoro dos Santos, 126"
412,PARQUE BURNIER.,10072309,19:30:00,5,2,0,2,2025-01-20T00:00:00.000Z,-43.327273730000,-21.763967940000,"Rua José Teodoro dos Santos, 28"
412,PARQUE BURNIER.,10073589,19:30:00,4,0,0,0,2025-01-20T00:00:00.000Z,-43.326568960000,-21.763629600000,"Rua Adelaide Campos de Resende, 706"
412,PARQUE BURNIER.,10072362,19:30:00,3,0,0,0,2025-01-20T00:00:00.000Z,-43.327527760000,-21.762798310000,"Rua Natalino José de Paula, 310"
412,PARQUE BURNIER.,10072363,19:30:00,2,0,0,0,2025-01-20T00:00:00.000Z,-43.327885630000,-21.762179390000,"Rua Natalino José de Paula, 288"
412,PARQUE BURNIER.,10072358,19:30:00,1,0,0,0,2025-01-20T00:00:00.000Z,-43.328687310000,-21.761675740000,"Rua Natalino José de Paula, 112 - Ponto Final do Parque Burnier"
412,PARQUE BURNIER.,10072358,19:50:00,18,0,0,4,2025-01-20T00:00:00.000Z,-43.328687310000,-21.761675740000,"Rua Natalino José de Paula, 112 - Ponto Final do Parque Burnier"
412,PARQUE BURNIER.,10072356,19:50:00,17,0,0,4,2025-01-20T00:00:00.000Z,-43.327793950000,-21.762107030000,"Rua Natalino José de Paula, 271"
412,PARQUE BURNIER.,10072375,19:50:00,16,0,0,4,2025-01-20T00:00:00.000Z,-43.327420830000,-21.762727850000,"Rua Natalino José de Paula, 319"
412,PARQUE BURNIER.,10071503,19:50:00,15,0,1,4,2025-01-20T00:00:00.000Z,-43.326207040000,-21.762717810000,"Rua Natalino José de Paula, 421"
412,PARQUE BURNIER.,10072359,19:50:00,14,0,0,5,2025-01-20T00:00:00.000Z,-43.326282500000,-21.763143540000,"Rua Adelaide Campos de Resende, 651"
412,PARQUE BURNIER.,10072328,19:50:00,13,0,0,5,2025-01-20T00:00:00.000Z,-43.326450350000,-21.763683320000,"Rua Adelaide Campos de Resende, 669"
412,PARQUE BURNIER.,10072377,19:50:00,12,0,1,5,2025-01-20T00:00:00.000Z,-43.327321890000,-21.764062650000,"Rua José Teodoro dos Santos, 25"
412,PARQUE BURNIER.,10072316,19:50:00,11,0,1,6,2025-01-20T00:00:00.000Z,-43.328204750000,-21.763332370000,"Rua José Teodoro dos Santos, 145"
412,PARQUE BURNIER.,10072313,19:50:00,10,0,0,7,2025-01-20T00:00:00.000Z,-43.328846690000,-21.762504770000,"Rua José Teodoro dos Santos, 275"
412,PARQUE BURNIER.,10072296,19:50:00,9,0,0,7,2025-01-20T00:00:00.000Z,-43.329374790000,-21.763440430000,"Rua Adelaide Campos de Resende, 975"
412,PARQUE BURNIER.,10072301,19:50:00,8,0,0,7,2025-01-20T00:00:00.000Z,-43.330138330000,-21.763252970000,"Rua Adelaide Campos de Resende, 1061"
412,PARQUE BURNIER.,10073561,19:50:00,7,0,0,7,2025-01-20T00:00:00.000Z,-43.331552510000,-21.763418910000,"Rua Olga Burnier, 480"
412,PARQUE BURNIER.,10073557,19:50:00,6,0,0,7,2025-01-20T00:00:00.000Z,-43.332479840000,-21.762640710000,"Rua Olga Burnier, 356"
412,PARQUE BURNIER.,10073560,19:50:00,5,0,0,7,2025-01-20T00:00:00.000Z,-43.333589670000,-21.761652280000,"Rua Olga Burnier, 230"
412,PARQUE BURNIER.,10073558,19:50:00,4,0,0,7,2025-01-20T00:00:00.000Z,-43.334645750000,-21.760669710000,"Rua Olga Burnier, 70"
412,PARQUE BURNIER.,10073552,19:50:00,3,0,0,7,2025-01-20T00:00:00.000Z,-43.335479020000,-21.760313550000,"Rua São Geraldo, 84"
412,PARQUE BURNIER.,10072305,19:50:00,2,1,2,7,2025-01-20T00:00:00.000Z,-43.337478970000,-21.760922950000,"Rua Djalma de Carvalho, 37"
412,PARQUE BURNIER.,10071108,19:50:00,1,8,0,8,2025-01-20T00:00:00.000Z,-43.349331860000,-21.758144610000,"Avenida Getúlio Vargas, 835"
412,PARQUE BURNIER.,10071108,20:25:00,17,0,0,8,2025-01-20T00:00:00.000Z,-43.349331860000,-21.758144610000,"Avenida Getúlio Vargas, 835"
412,PARQUE BURNIER.,10074194,20:25:00,16,8,0,8,2025-01-20T00:00:00.000Z,-43.342338620000,-21.760505960000,"Rua Ângelo Falci, 55"
412,PARQUE BURNIER.,10072302,20:25:00,15,0,1,0,2025-01-20T00:00:00.000Z,-43.338029500000,-21.760323850000,"Avenida Sete de Setembro, 623"
412,PARQUE BURNIER.,10072332,20:25:00,14,0,0,1,2025-01-20T00:00:00.000Z,-43.335533860000,-21.760131640000,"Rua São Geraldo, 89"
412,PARQUE BURNIER.,10072337,20:25:00,13,0,0,1,2025-01-20T00:00:00.000Z,-43.334540130000,-21.760522960000,"Rua Olga Burnier, 67"
412,PARQUE BURNIER.,10072335,20:25:00,12,1,0,1,2025-01-20T00:00:00.000Z,-43.333453420000,-21.761562350000,"Rua Olga Burnier, 233"
412,PARQUE BURNIER.,10072382,20:25:00,11,0,0,0,2025-01-20T00:00:00.000Z,-43.332369450000,-21.762522520000,"Rua Olga Burnier, 361"
412,PARQUE BURNIER.,10072380,20:25:00,10,0,0,0,2025-01-20T00:00:00.000Z,-43.331466790000,-21.763337580000,"Rua Olga Burnier, 485"
412,PARQUE BURNIER.,10073583,20:25:00,9,0,0,0,2025-01-20T00:00:00.000Z,-43.330207820000,-21.763072230000,"Rua Adelaide Campos de Resende, 1070"
412,PARQUE BURNIER.,10073584,20:25:00,8,0,0,0,2025-01-20T00:00:00.000Z,-43.329363350000,-21.763255450000,"Rua Adelaide Campos de Resende, 984"
412,PARQUE BURNIER.,10072386,20:25:00,7,0,0,0,2025-01-20T00:00:00.000Z,-43.328850270000,-21.762325320000,"Rua José Teodoro dos Santos, 292"
412,PARQUE BURNIER.,10072384,20:25:00,6,0,0,0,2025-01-20T00:00:00.000Z,-43.327999480000,-21.763301540000,"Rua José Teodoro dos Santos, 126"
412,PARQUE BURNIER.,10072309,20:25:00,5,0,0,0,2025-01-20T00:00:00.000Z,-43.327273730000,-21.763967940000,"Rua José Teodoro dos Santos, 28"
412,PARQUE BURNIER.,10073589,20:25:00,4,0,0,0,2025-01-20T00:00:00.000Z,-43.326568960000,-21.763629600000,"Rua Adelaide Campos de Resende, 706"
412,PARQUE BURNIER.,10072362,20:25:00,3,0,0,0,2025-01-20T00:00:00.000Z,-43.327527760000,-21.762798310000,"Rua Natalino José de Paula, 310"
412,PARQUE BURNIER.,10072363,20:25:00,2,0,0,0,2025-01-20T00:00:00.000Z,-43.327885630000,-21.762179390000,"Rua Natalino José de Paula, 288"
412,PARQUE BURNIER.,10072358,20:25:00,1,0,0,0,2025-01-20T00:00:00.000Z,-43.328687310000,-21.761675740000,"Rua Natalino José de Paula, 112 - Ponto Final do Parque Burnier"
412,PARQUE BURNIER.,10072358,20:45:00,18,1,0,5,2025-01-20T00:00:00.000Z,-43.328687310000,-21.761675740000,"Rua Natalino José de Paula, 112 - Ponto Final do Parque Burnier"
412,PARQUE BURNIER.,10072356,20:45:00,17,0,1,4,2025-01-20T00:00:00.000Z,-43.327793950000,-21.762107030000,"Rua Natalino José de Paula, 271"
412,PARQUE BURNIER.,10072375,20:45:00,16,1,0,5,2025-01-20T00:00:00.000Z,-43.327420830000,-21.762727850000,"Rua Natalino José de Paula, 319"
412,PARQUE BURNIER.,10071503,20:45:00,15,0,2,4,2025-01-20T00:00:00.000Z,-43.326207040000,-21.762717810000,"Rua Natalino José de Paula, 421"
412,PARQUE BURNIER.,10072359,20:45:00,14,0,0,6,2025-01-20T00:00:00.000Z,-43.326282500000,-21.763143540000,"Rua Adelaide Campos de Resende, 651"
412,PARQUE BURNIER.,10072328,20:45:00,13,0,0,6,2025-01-20T00:00:00.000Z,-43.326450350000,-21.763683320000,"Rua Adelaide Campos de Resende, 669"
412,PARQUE BURNIER.,10072377,20:45:00,12,0,3,6,2025-01-20T00:00:00.000Z,-43.327321890000,-21.764062650000,"Rua José Teodoro dos Santos, 25"
412,PARQUE BURNIER.,10072316,20:45:00,11,0,0,9,2025-01-20T00:00:00.000Z,-43.328204750000,-21.763332370000,"Rua José Teodoro dos Santos, 145"
412,PARQUE BURNIER.,10072313,20:45:00,10,0,1,9,2025-01-20T00:00:00.000Z,-43.328846690000,-21.762504770000,"Rua José Teodoro dos Santos, 275"
412,PARQUE BURNIER.,10072296,20:45:00,9,1,2,10,2025-01-20T00:00:00.000Z,-43.329374790000,-21.763440430000,"Rua Adelaide Campos de Resende, 975"
412,PARQUE BURNIER.,10072301,20:45:00,8,0,0,11,2025-01-20T00:00:00.000Z,-43.330138330000,-21.763252970000,"Rua Adelaide Campos de Resende, 1061"
412,PARQUE BURNIER.,10073561,20:45:00,7,0,0,11,2025-01-20T00:00:00.000Z,-43.331552510000,-21.763418910000,"Rua Olga Burnier, 480"
412,PARQUE BURNIER.,10073557,20:45:00,6,1,0,11,2025-01-20T00:00:00.000Z,-43.332479840000,-21.762640710000,"Rua Olga Burnier, 356"
412,PARQUE BURNIER.,10073560,20:45:00,5,0,0,10,2025-01-20T00:00:00.000Z,-43.333589670000,-21.761652280000,"Rua Olga Burnier, 230"
412,PARQUE BURNIER.,10073558,20:45:00,4,0,0,10,2025-01-20T00:00:00.000Z,-43.334645750000,-21.760669710000,"Rua Olga Burnier, 70"
412,PARQUE BURNIER.,10073552,20:45:00,3,0,0,10,2025-01-20T00:00:00.000Z,-43.335479020000,-21.760313550000,"Rua São Geraldo, 84"
412,PARQUE BURNIER.,10072305,20:45:00,2,0,0,10,2025-01-20T00:00:00.000Z,-43.337478970000,-21.760922950000,"Rua Djalma de Carvalho, 37"
412,PARQUE BURNIER.,10071108,20:45:00,1,10,0,10,2025-01-20T00:00:00.000Z,-43.349331860000,-21.758144610000,"Avenida Getúlio Vargas, 835"
412,PARQUE BURNIER.,10072358,21:40:00,18,0,0,7,2025-01-20T00:00:00.000Z,-43.328687310000,-21.761675740000,"Rua Natalino José de Paula, 112 - Ponto Final do Parque Burnier"
412,PARQUE BURNIER.,10072356,21:40:00,17,0,0,7,2025-01-20T00:00:00.000Z,-43.327793950000,-21.762107030000,"Rua Natalino José de Paula, 271"
412,PARQUE BURNIER.,10072375,21:40:00,16,0,0,7,2025-01-20T00:00:00.000Z,-43.327420830000,-21.762727850000,"Rua Natalino José de Paula, 319"
412,PARQUE BURNIER.,10071503,21:40:00,15,0,0,7,2025-01-20T00:00:00.000Z,-43.326207040000,-21.762717810000,"Rua Natalino José de Paula, 421"
412,PARQUE BURNIER.,10072359,21:40:00,14,0,0,7,2025-01-20T00:00:00.000Z,-43.326282500000,-21.763143540000,"Rua Adelaide Campos de Resende, 651"
412,PARQUE BURNIER.,10072328,21:40:00,13,0,0,7,2025-01-20T00:00:00.000Z,-43.326450350000,-21.763683320000,"Rua Adelaide Campos de Resende, 669"
412,PARQUE BURNIER.,10072377,21:40:00,12,0,0,7,2025-01-20T00:00:00.000Z,-43.327321890000,-21.764062650000,"Rua José Teodoro dos Santos, 25"
412,PARQUE BURNIER.,10072316,21:40:00,11,0,0,7,2025-01-20T00:00:00.000Z,-43.328204750000,-21.763332370000,"Rua José Teodoro dos Santos, 145"
412,PARQUE BURNIER.,10072313,21:40:00,10,0,0,7,2025-01-20T00:00:00.000Z,-43.328846690000,-21.762504770000,"Rua José Teodoro dos Santos, 275"
412,PARQUE BURNIER.,10072296,21:40:00,9,0,0,7,2025-01-20T00:00:00.000Z,-43.329374790000,-21.763440430000,"Rua Adelaide Campos de Resende, 975"
412,PARQUE BURNIER.,10072301,21:40:00,8,0,0,7,2025-01-20T00:00:00.000Z,-43.330138330000,-21.763252970000,"Rua Adelaide Campos de Resende, 1061"
412,PARQUE BURNIER.,10073561,21:40:00,7,0,0,7,2025-01-20T00:00:00.000Z,-43.331552510000,-21.763418910000,"Rua Olga Burnier, 480"
412,PARQUE BURNIER.,10073557,21:40:00,6,0,0,7,2025-01-20T00:00:00.000Z,-43.332479840000,-21.762640710000,"Rua Olga Burnier, 356"
412,PARQUE BURNIER.,10073560,21:40:00,5,0,0,7,2025-01-20T00:00:00.000Z,-43.333589670000,-21.761652280000,"Rua Olga Burnier, 230"
412,PARQUE BURNIER.,10073558,21:40:00,4,0,0,7,2025-01-20T00:00:00.000Z,-43.334645750000,-21.760669710000,"Rua Olga Burnier, 70"
412,PARQUE BURNIER.,10073552,21:40:00,3,0,0,7,2025-01-20T00:00:00.000Z,-43.335479020000,-21.760313550000,"Rua São Geraldo, 84"
412,PARQUE BURNIER.,10072305,21:40:00,2,0,0,7,2025-01-20T00:00:00.000Z,-43.337478970000,-21.760922950000,"Rua Djalma de Carvalho, 37"
412,PARQUE BURNIER.,10071108,21:40:00,1,7,0,7,2025-01-20T00:00:00.000Z,-43.349331860000,-21.758144610000,"Avenida Getúlio Vargas, 835"
412,PARQUE BURNIER.,10071108,22:10:00,17,0,11,1,2025-01-20T00:00:00.000Z,-43.349331860000,-21.758144610000,"Avenida Getúlio Vargas, 835"
412,PARQUE BURNIER.,10074194,22:10:00,16,4,0,12,2025-01-20T00:00:00.000Z,-43.342338620000,-21.760505960000,"Rua Ângelo Falci, 55"
412,PARQUE BURNIER.,10072302,22:10:00,15,5,0,8,2025-01-20T00:00:00.000Z,-43.338029500000,-21.760323850000,"Avenida Sete de Setembro, 623"
412,PARQUE BURNIER.,10072332,22:10:00,14,0,0,3,2025-01-20T00:00:00.000Z,-43.335533860000,-21.760131640000,"Rua São Geraldo, 89"
412,PARQUE BURNIER.,10072337,22:10:00,13,3,0,3,2025-01-20T00:00:00.000Z,-43.334540130000,-21.760522960000,"Rua Olga Burnier, 67"
412,PARQUE BURNIER.,10072335,22:10:00,12,0,0,0,2025-01-20T00:00:00.000Z,-43.333453420000,-21.761562350000,"Rua Olga Burnier, 233"
412,PARQUE BURNIER.,10072382,22:10:00,11,0,0,0,2025-01-20T00:00:00.000Z,-43.332369450000,-21.762522520000,"Rua Olga Burnier, 361"
412,PARQUE BURNIER.,10072380,22:10:00,10,0,0,0,2025-01-20T00:00:00.000Z,-43.331466790000,-21.763337580000,"Rua Olga Burnier, 485"
412,PARQUE BURNIER.,10073583,22:10:00,9,0,0,0,2025-01-20T00:00:00.000Z,-43.330207820000,-21.763072230000,"Rua Adelaide Campos de Resende, 1070"
412,PARQUE BURNIER.,10073584,22:10:00,8,0,0,0,2025-01-20T00:00:00.000Z,-43.329363350000,-21.763255450000,"Rua Adelaide Campos de Resende, 984"
412,PARQUE BURNIER.,10072386,22:10:00,7,0,0,0,2025-01-20T00:00:00.000Z,-43.328850270000,-21.762325320000,"Rua José Teodoro dos Santos, 292"
412,PARQUE BURNIER.,10072384,22:10:00,6,0,0,0,2025-01-20T00:00:00.000Z,-43.327999480000,-21.763301540000,"Rua José Teodoro dos Santos, 126"
412,PARQUE BURNIER.,10072309,22:10:00,5,0,0,0,2025-01-20T00:00:00.000Z,-43.327273730000,-21.763967940000,"Rua José Teodoro dos Santos, 28"
412,PARQUE BURNIER.,10073589,22:10:00,4,0,0,0,2025-01-20T00:00:00.000Z,-43.326568960000,-21.763629600000,"Rua Adelaide Campos de Resende, 706"
412,PARQUE BURNIER.,10072362,22:10:00,3,0,0,0,2025-01-20T00:00:00.000Z,-43.327527760000,-21.762798310000,"Rua Natalino José de Paula, 310"
412,PARQUE BURNIER.,10072363,22:10:00,2,0,0,0,2025-01-20T00:00:00.000Z,-43.327885630000,-21.762179390000,"Rua Natalino José de Paula, 288"
412,PARQUE BURNIER.,10072358,22:10:00,1,0,0,0,2025-01-20T00:00:00.000Z,-43.328687310000,-21.761675740000,"Rua Natalino José de Paula, 112 - Ponto Final do Parque Burnier"
412,PARQUE BURNIER.,10072358,22:30:00,18,0,0,8,2025-01-20T00:00:00.000Z,-43.328687310000,-21.761675740000,"Rua Natalino José de Paula, 112 - Ponto Final do Parque Burnier"
412,PARQUE BURNIER.,10072356,22:30:00,17,0,1,8,2025-01-20T00:00:00.000Z,-43.327793950000,-21.762107030000,"Rua Natalino José de Paula, 271"
412,PARQUE BURNIER.,10072375,22:30:00,16,0,0,9,2025-01-20T00:00:00.000Z,-43.327420830000,-21.762727850000,"Rua Natalino José de Paula, 319"
412,PARQUE BURNIER.,10071503,22:30:00,15,0,0,9,2025-01-20T00:00:00.000Z,-43.326207040000,-21.762717810000,"Rua Natalino José de Paula, 421"
412,PARQUE BURNIER.,10072359,22:30:00,14,0,0,9,2025-01-20T00:00:00.000Z,-43.326282500000,-21.763143540000,"Rua Adelaide Campos de Resende, 651"
412,PARQUE BURNIER.,10072328,22:30:00,13,0,0,9,2025-01-20T00:00:00.000Z,-43.326450350000,-21.763683320000,"Rua Adelaide Campos de Resende, 669"
412,PARQUE BURNIER.,10072377,22:30:00,12,0,3,9,2025-01-20T00:00:00.000Z,-43.327321890000,-21.764062650000,"Rua José Teodoro dos Santos, 25"
412,PARQUE BURNIER.,10072316,22:30:00,11,0,0,12,2025-01-20T00:00:00.000Z,-43.328204750000,-21.763332370000,"Rua José Teodoro dos Santos, 145"
412,PARQUE BURNIER.,10072313,22:30:00,10,0,1,12,2025-01-20T00:00:00.000Z,-43.328846690000,-21.762504770000,"Rua José Teodoro dos Santos, 275"
412,PARQUE BURNIER.,10072296,22:30:00,9,0,1,13,2025-01-20T00:00:00.000Z,-43.329374790000,-21.763440430000,"Rua Adelaide Campos de Resende, 975"
412,PARQUE BURNIER.,10072301,22:30:00,8,1,0,14,2025-01-20T00:00:00.000Z,-43.330138330000,-21.763252970000,"Rua Adelaide Campos de Resende, 1061"
412,PARQUE BURNIER.,10073561,22:30:00,7,0,0,13,2025-01-20T00:00:00.000Z,-43.331552510000,-21.763418910000,"Rua Olga Burnier, 480"
412,PARQUE BURNIER.,10073557,22:30:00,6,0,0,13,2025-01-20T00:00:00.000Z,-43.332479840000,-21.762640710000,"Rua Olga Burnier, 356"
412,PARQUE BURNIER.,10073560,22:30:00,5,0,0,13,2025-01-20T00:00:00.000Z,-43.333589670000,-21.761652280000,"Rua Olga Burnier, 230"
412,PARQUE BURNIER.,10073558,22:30:00,4,0,0,13,2025-01-20T00:00:00.000Z,-43.334645750000,-21.760669710000,"Rua Olga Burnier, 70"
412,PARQUE BURNIER.,10073552,22:30:00,3,0,0,13,2025-01-20T00:00:00.000Z,-43.335479020000,-21.760313550000,"Rua São Geraldo, 84"
412,PARQUE BURNIER.,10072305,22:30:00,2,0,0,13,2025-01-20T00:00:00.000Z,-43.337478970000,-21.760922950000,"Rua Djalma de Carvalho, 37"
412,PARQUE BURNIER.,10071108,22:30:00,1,13,0,13,2025-01-20T00:00:00.000Z,-43.349331860000,-21.758144610000,"Avenida Getúlio Vargas, 835"
412,PARQUE BURNIER.,10072302,05:30:00,15,1,1,10,2025-01-21T00:00:00.000Z,-43.338029500000,-21.760323850000,"Avenida Sete de Setembro, 623"
412,PARQUE BURNIER.,10072363,05:30:00,2,1,0,1,2025-01-21T00:00:00.000Z,-43.327885630000,-21.762179390000,"Rua Natalino José de Paula, 288"
412,PARQUE BURNIER.,10074194,05:30:00,16,1,6,5,2025-01-21T00:00:00.000Z,-43.342338620000,-21.760505960000,"Rua Ângelo Falci, 55"
412,PARQUE BURNIER.,10072358,05:30:00,1,0,0,0,2025-01-21T00:00:00.000Z,-43.328687310000,-21.761675740000,"Rua Natalino José de Paula, 112 - Ponto Final do Parque Burnier"
412,PARQUE BURNIER.,10071108,05:30:00,17,0,5,0,2025-01-21T00:00:00.000Z,-43.349331860000,-21.758144610000,"Avenida Getúlio Vargas, 835"
412,PARQUE BURNIER.,10072332,05:30:00,14,0,0,10,2025-01-21T00:00:00.000Z,-43.335533860000,-21.760131640000,"Rua São Geraldo, 89"
412,PARQUE BURNIER.,10072337,05:30:00,13,0,0,10,2025-01-21T00:00:00.000Z,-43.334540130000,-21.760522960000,"Rua Olga Burnier, 67"
412,PARQUE BURNIER.,10072335,05:30:00,12,0,0,10,2025-01-21T00:00:00.000Z,-43.333453420000,-21.761562350000,"Rua Olga Burnier, 233"
412,PARQUE BURNIER.,10072382,05:30:00,11,0,0,10,2025-01-21T00:00:00.000Z,-43.332369450000,-21.762522520000,"Rua Olga Burnier, 361"
412,PARQUE BURNIER.,10072380,05:30:00,10,2,0,10,2025-01-21T00:00:00.000Z,-43.331466790000,-21.763337580000,"Rua Olga Burnier, 485"
412,PARQUE BURNIER.,10073583,05:30:00,9,0,0,8,2025-01-21T00:00:00.000Z,-43.330207820000,-21.763072230000,"Rua Adelaide Campos de Resende, 1070"
412,PARQUE BURNIER.,10072386,05:30:00,7,0,1,4,2025-01-21T00:00:00.000Z,-43.328850270000,-21.762325320000,"Rua José Teodoro dos Santos, 292"
412,PARQUE BURNIER.,10073584,05:30:00,8,4,0,8,2025-01-21T00:00:00.000Z,-43.329363350000,-21.763255450000,"Rua Adelaide Campos de Resende, 984"
412,PARQUE BURNIER.,10072384,05:30:00,6,0,0,5,2025-01-21T00:00:00.000Z,-43.327999480000,-21.763301540000,"Rua José Teodoro dos Santos, 126"
412,PARQUE BURNIER.,10072309,05:30:00,5,0,0,5,2025-01-21T00:00:00.000Z,-43.327273730000,-21.763967940000,"Rua José Teodoro dos Santos, 28"
412,PARQUE BURNIER.,10073589,05:30:00,4,3,0,5,2025-01-21T00:00:00.000Z,-43.326568960000,-21.763629600000,"Rua Adelaide Campos de Resende, 706"
412,PARQUE BURNIER.,10072362,05:30:00,3,2,1,2,2025-01-21T00:00:00.000Z,-43.327527760000,-21.762798310000,"Rua Natalino José de Paula, 310"
412,PARQUE BURNIER.,10071108,05:51:00,1,7,0,7,2025-01-21T00:00:00.000Z,-43.349331860000,-21.758144610000,"Avenida Getúlio Vargas, 835"
412,PARQUE BURNIER.,10071503,05:51:00,15,0,0,0,2025-01-21T00:00:00.000Z,-43.326207040000,-21.762717810000,"Rua Natalino José de Paula, 421"
412,PARQUE BURNIER.,10072359,05:51:00,14,0,0,0,2025-01-21T00:00:00.000Z,-43.326282500000,-21.763143540000,"Rua Adelaide Campos de Resende, 651"
412,PARQUE BURNIER.,10072358,05:51:00,18,16,0,16,2025-01-21T00:00:00.000Z,-43.328687310000,-21.761675740000,"Rua Natalino José de Paula, 112 - Ponto Final do Parque Burnier"
412,PARQUE BURNIER.,10073552,05:51:00,3,0,0,7,2025-01-21T00:00:00.000Z,-43.335479020000,-21.760313550000,"Rua São Geraldo, 84"
412,PARQUE BURNIER.,10072356,05:51:00,17,0,0,0,2025-01-21T00:00:00.000Z,-43.327793950000,-21.762107030000,"Rua Natalino José de Paula, 271"
412,PARQUE BURNIER.,10072305,05:51:00,2,0,0,7,2025-01-21T00:00:00.000Z,-43.337478970000,-21.760922950000,"Rua Djalma de Carvalho, 37"
412,PARQUE BURNIER.,10072375,05:51:00,16,0,0,0,2025-01-21T00:00:00.000Z,-43.327420830000,-21.762727850000,"Rua Natalino José de Paula, 319"
412,PARQUE BURNIER.,10072328,05:51:00,13,0,0,0,2025-01-21T00:00:00.000Z,-43.326450350000,-21.763683320000,"Rua Adelaide Campos de Resende, 669"
412,PARQUE BURNIER.,10072377,05:51:00,12,0,0,0,2025-01-21T00:00:00.000Z,-43.327321890000,-21.764062650000,"Rua José Teodoro dos Santos, 25"
412,PARQUE BURNIER.,10072316,05:51:00,11,0,1,0,2025-01-21T00:00:00.000Z,-43.328204750000,-21.763332370000,"Rua José Teodoro dos Santos, 145"
412,PARQUE BURNIER.,10072313,05:51:00,10,0,1,1,2025-01-21T00:00:00.000Z,-43.328846690000,-21.762504770000,"Rua José Teodoro dos Santos, 275"
412,PARQUE BURNIER.,10072296,05:51:00,9,0,2,2,2025-01-21T00:00:00.000Z,-43.329374790000,-21.763440430000,"Rua Adelaide Campos de Resende, 975"
412,PARQUE BURNIER.,10072301,05:51:00,8,0,0,4,2025-01-21T00:00:00.000Z,-43.330138330000,-21.763252970000,"Rua Adelaide Campos de Resende, 1061"
412,PARQUE BURNIER.,10073557,05:51:00,6,0,1,6,2025-01-21T00:00:00.000Z,-43.332479840000,-21.762640710000,"Rua Olga Burnier, 356"
412,PARQUE BURNIER.,10073561,05:51:00,7,0,2,4,2025-01-21T00:00:00.000Z,-43.331552510000,-21.763418910000,"Rua Olga Burnier, 480"
412,PARQUE BURNIER.,10073560,05:51:00,5,0,0,7,2025-01-21T00:00:00.000Z,-43.333589670000,-21.761652280000,"Rua Olga Burnier, 230"
412,PARQUE BURNIER.,10073558,05:51:00,4,0,0,7,2025-01-21T00:00:00.000Z,-43.334645750000,-21.760669710000,"Rua Olga Burnier, 70"
412,PARQUE BURNIER.,10072382,06:17:00,11,0,0,19,2025-01-21T00:00:00.000Z,-43.332369450000,-21.762522520000,"Rua Olga Burnier, 361"
412,PARQUE BURNIER.,10072380,06:17:00,10,0,0,19,2025-01-21T00:00:00.000Z,-43.331466790000,-21.763337580000,"Rua Olga Burnier, 485"
412,PARQUE BURNIER.,10073583,06:17:00,9,2,0,19,2025-01-21T00:00:00.000Z,-43.330207820000,-21.763072230000,"Rua Adelaide Campos de Resende, 1070"
412,PARQUE BURNIER.,10073584,06:17:00,8,2,2,17,2025-01-21T00:00:00.000Z,-43.329363350000,-21.763255450000,"Rua Adelaide Campos de Resende, 984"
412,PARQUE BURNIER.,10072386,06:17:00,7,1,0,17,2025-01-21T00:00:00.000Z,-43.328850270000,-21.762325320000,"Rua José Teodoro dos Santos, 292"
412,PARQUE BURNIER.,10072309,06:17:00,5,2,0,15,2025-01-21T00:00:00.000Z,-43.327273730000,-21.763967940000,"Rua José Teodoro dos Santos, 28"
412,PARQUE BURNIER.,10072384,06:17:00,6,1,0,16,2025-01-21T00:00:00.000Z,-43.327999480000,-21.763301540000,"Rua José Teodoro dos Santos, 126"
412,PARQUE BURNIER.,10073589,06:17:00,4,5,0,13,2025-01-21T00:00:00.000Z,-43.326568960000,-21.763629600000,"Rua Adelaide Campos de Resende, 706"
412,PARQUE BURNIER.,10072362,06:17:00,3,5,0,8,2025-01-21T00:00:00.000Z,-43.327527760000,-21.762798310000,"Rua Natalino José de Paula, 310"
412,PARQUE BURNIER.,10072363,06:17:00,2,3,0,3,2025-01-21T00:00:00.000Z,-43.327885630000,-21.762179390000,"Rua Natalino José de Paula, 288"
412,PARQUE BURNIER.,10072337,06:17:00,13,0,0,20,2025-01-21T00:00:00.000Z,-43.334540130000,-21.760522960000,"Rua Olga Burnier, 67"
412,PARQUE BURNIER.,10072335,06:17:00,12,1,0,20,2025-01-21T00:00:00.000Z,-43.333453420000,-21.761562350000,"Rua Olga Burnier, 233"
412,PARQUE BURNIER.,10072358,06:17:00,1,0,0,0,2025-01-21T00:00:00.000Z,-43.328687310000,-21.761675740000,"Rua Natalino José de Paula, 112 - Ponto Final do Parque Burnier"
412,PARQUE BURNIER.,10071108,06:17:00,17,0,5,12,2025-01-21T00:00:00.000Z,-43.349331860000,-21.758144610000,"Avenida Getúlio Vargas, 835"
412,PARQUE BURNIER.,10074194,06:17:00,16,0,4,17,2025-01-21T00:00:00.000Z,-43.342338620000,-21.760505960000,"Rua Ângelo Falci, 55"
412,PARQUE BURNIER.,10072302,06:17:00,15,1,0,21,2025-01-21T00:00:00.000Z,-43.338029500000,-21.760323850000,"Avenida Sete de Setembro, 623"
412,PARQUE BURNIER.,10072332,06:17:00,14,0,0,20,2025-01-21T00:00:00.000Z,-43.335533860000,-21.760131640000,"Rua São Geraldo, 89"
412,PARQUE BURNIER.,10071108,06:38:00,1,1,0,1,2025-01-21T00:00:00.000Z,-43.349331860000,-21.758144610000,"Avenida Getúlio Vargas, 835"
412,PARQUE BURNIER.,10072305,06:38:00,2,0,1,0,2025-01-21T00:00:00.000Z,-43.337478970000,-21.760922950000,"Rua Djalma de Carvalho, 37"
412,PARQUE BURNIER.,10072316,06:38:00,11,0,0,0,2025-01-21T00:00:00.000Z,-43.328204750000,-21.763332370000,"Rua José Teodoro dos Santos, 145"
412,PARQUE BURNIER.,10073558,06:38:00,4,0,0,0,2025-01-21T00:00:00.000Z,-43.334645750000,-21.760669710000,"Rua Olga Burnier, 70"
412,PARQUE BURNIER.,10073552,06:38:00,3,0,0,0,2025-01-21T00:00:00.000Z,-43.335479020000,-21.760313550000,"Rua São Geraldo, 84"
412,PARQUE BURNIER.,10072358,06:38:00,18,11,0,11,2025-01-21T00:00:00.000Z,-43.328687310000,-21.761675740000,"Rua Natalino José de Paula, 112 - Ponto Final do Parque Burnier"
412,PARQUE BURNIER.,10072356,06:38:00,17,0,0,0,2025-01-21T00:00:00.000Z,-43.327793950000,-21.762107030000,"Rua Natalino José de Paula, 271"
412,PARQUE BURNIER.,10072375,06:38:00,16,0,0,0,2025-01-21T00:00:00.000Z,-43.327420830000,-21.762727850000,"Rua Natalino José de Paula, 319"
412,PARQUE BURNIER.,10071503,06:38:00,15,0,0,0,2025-01-21T00:00:00.000Z,-43.326207040000,-21.762717810000,"Rua Natalino José de Paula, 421"
412,PARQUE BURNIER.,10072359,06:38:00,14,0,0,0,2025-01-21T00:00:00.000Z,-43.326282500000,-21.763143540000,"Rua Adelaide Campos de Resende, 651"
412,PARQUE BURNIER.,10072377,06:38:00,12,0,0,0,2025-01-21T00:00:00.000Z,-43.327321890000,-21.764062650000,"Rua José Teodoro dos Santos, 25"
412,PARQUE BURNIER.,10072328,06:38:00,13,0,0,0,2025-01-21T00:00:00.000Z,-43.326450350000,-21.763683320000,"Rua Adelaide Campos de Resende, 669"
412,PARQUE BURNIER.,10072313,06:38:00,10,0,0,0,2025-01-21T00:00:00.000Z,-43.328846690000,-21.762504770000,"Rua José Teodoro dos Santos, 275"
412,PARQUE BURNIER.,10072296,06:38:00,9,0,0,0,2025-01-21T00:00:00.000Z,-43.329374790000,-21.763440430000,"Rua Adelaide Campos de Resende, 975"
412,PARQUE BURNIER.,10072301,06:38:00,8,0,0,0,2025-01-21T00:00:00.000Z,-43.330138330000,-21.763252970000,"Rua Adelaide Campos de Resende, 1061"
412,PARQUE BURNIER.,10073561,06:38:00,7,0,0,0,2025-01-21T00:00:00.000Z,-43.331552510000,-21.763418910000,"Rua Olga Burnier, 480"
412,PARQUE BURNIER.,10073557,06:38:00,6,0,0,0,2025-01-21T00:00:00.000Z,-43.332479840000,-21.762640710000,"Rua Olga Burnier, 356"
412,PARQUE BURNIER.,10073560,06:38:00,5,0,0,0,2025-01-21T00:00:00.000Z,-43.333589670000,-21.761652280000,"Rua Olga Burnier, 230"
412,PARQUE BURNIER.,10072363,07:04:00,2,3,0,3,2025-01-21T00:00:00.000Z,-43.327885630000,-21.762179390000,"Rua Natalino José de Paula, 288"
412,PARQUE BURNIER.,10072358,07:04:00,1,0,0,0,2025-01-21T00:00:00.000Z,-43.328687310000,-21.761675740000,"Rua Natalino José de Paula, 112 - Ponto Final do Parque Burnier"
412,PARQUE BURNIER.,10072362,07:04:00,3,4,1,6,2025-01-21T00:00:00.000Z,-43.327527760000,-21.762798310000,"Rua Natalino José de Paula, 310"
412,PARQUE BURNIER.,10071108,07:04:00,17,0,20,2,2025-01-21T00:00:00.000Z,-43.349331860000,-21.758144610000,"Avenida Getúlio Vargas, 835"
412,PARQUE BURNIER.,10072380,07:04:00,10,0,0,23,2025-01-21T00:00:00.000Z,-43.331466790000,-21.763337580000,"Rua Olga Burnier, 485"
412,PARQUE BURNIER.,10073583,07:04:00,9,0,0,23,2025-01-21T00:00:00.000Z,-43.330207820000,-21.763072230000,"Rua Adelaide Campos de Resende, 1070"
412,PARQUE BURNIER.,10074194,07:04:00,16,3,5,22,2025-01-21T00:00:00.000Z,-43.342338620000,-21.760505960000,"Rua Ângelo Falci, 55"
412,PARQUE BURNIER.,10072302,07:04:00,15,3,2,24,2025-01-21T00:00:00.000Z,-43.338029500000,-21.760323850000,"Avenida Sete de Setembro, 623"
412,PARQUE BURNIER.,10072332,07:04:00,14,0,0,23,2025-01-21T00:00:00.000Z,-43.335533860000,-21.760131640000,"Rua São Geraldo, 89"
412,PARQUE BURNIER.,10072337,07:04:00,13,2,3,23,2025-01-21T00:00:00.000Z,-43.334540130000,-21.760522960000,"Rua Olga Burnier, 67"
412,PARQUE BURNIER.,10072382,07:04:00,11,1,0,24,2025-01-21T00:00:00.000Z,-43.332369450000,-21.762522520000,"Rua Olga Burnier, 361"
412,PARQUE BURNIER.,10072335,07:04:00,12,0,0,24,2025-01-21T00:00:00.000Z,-43.333453420000,-21.761562350000,"Rua Olga Burnier, 233"
412,PARQUE BURNIER.,10073584,07:04:00,8,3,1,23,2025-01-21T00:00:00.000Z,-43.329363350000,-21.763255450000,"Rua Adelaide Campos de Resende, 984"
412,PARQUE BURNIER.,10072386,07:04:00,7,4,0,21,2025-01-21T00:00:00.000Z,-43.328850270000,-21.762325320000,"Rua José Teodoro dos Santos, 292"
412,PARQUE BURNIER.,10072384,07:04:00,6,3,0,17,2025-01-21T00:00:00.000Z,-43.327999480000,-21.763301540000,"Rua José Teodoro dos Santos, 126"
412,PARQUE BURNIER.,10072309,07:04:00,5,0,0,14,2025-01-21T00:00:00.000Z,-43.327273730000,-21.763967940000,"Rua José Teodoro dos Santos, 28"
412,PARQUE BURNIER.,10073589,07:04:00,4,8,0,14,2025-01-21T00:00:00.000Z,-43.326568960000,-21.763629600000,"Rua Adelaide Campos de Resende, 706"
412,PARQUE BURNIER.,10073558,07:25:00,4,0,0,4,2025-01-21T00:00:00.000Z,-43.334645750000,-21.760669710000,"Rua Olga Burnier, 70"
412,PARQUE BURNIER.,10073552,07:25:00,3,0,0,4,2025-01-21T00:00:00.000Z,-43.335479020000,-21.760313550000,"Rua São Geraldo, 84"
412,PARQUE BURNIER.,10072301,07:25:00,8,0,0,3,2025-01-21T00:00:00.000Z,-43.330138330000,-21.763252970000,"Rua Adelaide Campos de Resende, 1061"
412,PARQUE BURNIER.,10072305,07:25:00,2,1,1,4,2025-01-21T00:00:00.000Z,-43.337478970000,-21.760922950000,"Rua Djalma de Carvalho, 37"
412,PARQUE BURNIER.,10072358,07:25:00,18,3,0,4,2025-01-21T00:00:00.000Z,-43.328687310000,-21.761675740000,"Rua Natalino José de Paula, 112 - Ponto Final do Parque Burnier"
412,PARQUE BURNIER.,10072356,07:25:00,17,1,0,1,2025-01-21T00:00:00.000Z,-43.327793950000,-21.762107030000,"Rua Natalino José de Paula, 271"
412,PARQUE BURNIER.,10071108,07:25:00,1,4,0,4,2025-01-21T00:00:00.000Z,-43.349331860000,-21.758144610000,"Avenida Getúlio Vargas, 835"
412,PARQUE BURNIER.,10072375,07:25:00,16,0,0,0,2025-01-21T00:00:00.000Z,-43.327420830000,-21.762727850000,"Rua Natalino José de Paula, 319"
412,PARQUE BURNIER.,10071503,07:25:00,15,0,0,0,2025-01-21T00:00:00.000Z,-43.326207040000,-21.762717810000,"Rua Natalino José de Paula, 421"
412,PARQUE BURNIER.,10072359,07:25:00,14,0,0,0,2025-01-21T00:00:00.000Z,-43.326282500000,-21.763143540000,"Rua Adelaide Campos de Resende, 651"
412,PARQUE BURNIER.,10072328,07:25:00,13,0,1,0,2025-01-21T00:00:00.000Z,-43.326450350000,-21.763683320000,"Rua Adelaide Campos de Resende, 669"
412,PARQUE BURNIER.,10072377,07:25:00,12,0,2,1,2025-01-21T00:00:00.000Z,-43.327321890000,-21.764062650000,"Rua José Teodoro dos Santos, 25"
412,PARQUE BURNIER.,10072316,07:25:00,11,0,0,3,2025-01-21T00:00:00.000Z,-43.328204750000,-21.763332370000,"Rua José Teodoro dos Santos, 145"
412,PARQUE BURNIER.,10072296,07:25:00,9,0,0,3,2025-01-21T00:00:00.000Z,-43.329374790000,-21.763440430000,"Rua Adelaide Campos de Resende, 975"
412,PARQUE BURNIER.,10072313,07:25:00,10,0,0,3,2025-01-21T00:00:00.000Z,-43.328846690000,-21.762504770000,"Rua José Teodoro dos Santos, 275"
412,PARQUE BURNIER.,10073561,07:25:00,7,0,0,3,2025-01-21T00:00:00.000Z,-43.331552510000,-21.763418910000,"Rua Olga Burnier, 480"
412,PARQUE BURNIER.,10073557,07:25:00,6,0,0,3,2025-01-21T00:00:00.000Z,-43.332479840000,-21.762640710000,"Rua Olga Burnier, 356"
412,PARQUE BURNIER.,10073560,07:25:00,5,0,1,3,2025-01-21T00:00:00.000Z,-43.333589670000,-21.761652280000,"Rua Olga Burnier, 230"
412,PARQUE BURNIER.,10073584,07:51:00,8,4,0,30,2025-01-21T00:00:00.000Z,-43.329363350000,-21.763255450000,"Rua Adelaide Campos de Resende, 984"
412,PARQUE BURNIER.,10072386,07:51:00,7,5,1,26,2025-01-21T00:00:00.000Z,-43.328850270000,-21.762325320000,"Rua José Teodoro dos Santos, 292"
412,PARQUE BURNIER.,10072332,07:51:00,14,1,0,31,2025-01-21T00:00:00.000Z,-43.335533860000,-21.760131640000,"Rua São Geraldo, 89"
412,PARQUE BURNIER.,10072384,07:51:00,6,2,0,22,2025-01-21T00:00:00.000Z,-43.327999480000,-21.763301540000,"Rua José Teodoro dos Santos, 126"
412,PARQUE BURNIER.,10071108,07:51:00,17,0,26,2,2025-01-21T00:00:00.000Z,-43.349331860000,-21.758144610000,"Avenida Getúlio Vargas, 835"
412,PARQUE BURNIER.,10074194,07:51:00,16,2,5,28,2025-01-21T00:00:00.000Z,-43.342338620000,-21.760505960000,"Rua Ângelo Falci, 55"
412,PARQUE BURNIER.,10072363,07:51:00,2,1,0,1,2025-01-21T00:00:00.000Z,-43.327885630000,-21.762179390000,"Rua Natalino José de Paula, 288"
412,PARQUE BURNIER.,10072302,07:51:00,15,1,1,31,2025-01-21T00:00:00.000Z,-43.338029500000,-21.760323850000,"Avenida Sete de Setembro, 623"
412,PARQUE BURNIER.,10072337,07:51:00,13,0,0,30,2025-01-21T00:00:00.000Z,-43.334540130000,-21.760522960000,"Rua Olga Burnier, 67"
412,PARQUE BURNIER.,10072335,07:51:00,12,1,1,30,2025-01-21T00:00:00.000Z,-43.333453420000,-21.761562350000,"Rua Olga Burnier, 233"
412,PARQUE BURNIER.,10072382,07:51:00,11,0,0,30,2025-01-21T00:00:00.000Z,-43.332369450000,-21.762522520000,"Rua Olga Burnier, 361"
412,PARQUE BURNIER.,10072380,07:51:00,10,0,0,30,2025-01-21T00:00:00.000Z,-43.331466790000,-21.763337580000,"Rua Olga Burnier, 485"
412,PARQUE BURNIER.,10073583,07:51:00,9,2,2,30,2025-01-21T00:00:00.000Z,-43.330207820000,-21.763072230000,"Rua Adelaide Campos de Resende, 1070"
412,PARQUE BURNIER.,10072358,07:51:00,1,0,0,0,2025-01-21T00:00:00.000Z,-43.328687310000,-21.761675740000,"Rua Natalino José de Paula, 112 - Ponto Final do Parque Burnier"
412,PARQUE BURNIER.,10072309,07:51:00,5,7,0,20,2025-01-21T00:00:00.000Z,-43.327273730000,-21.763967940000,"Rua José Teodoro dos Santos, 28"
412,PARQUE BURNIER.,10073589,07:51:00,4,4,0,13,2025-01-21T00:00:00.000Z,-43.326568960000,-21.763629600000,"Rua Adelaide Campos de Resende, 706"
412,PARQUE BURNIER.,10072362,07:51:00,3,8,0,9,2025-01-21T00:00:00.000Z,-43.327527760000,-21.762798310000,"Rua Natalino José de Paula, 310"
412,PARQUE BURNIER.,10071108,08:12:00,1,14,0,14,2025-01-21T00:00:00.000Z,-43.349331860000,-21.758144610000,"Avenida Getúlio Vargas, 835"
412,PARQUE BURNIER.,10072356,08:12:00,17,0,0,9,2025-01-21T00:00:00.000Z,-43.327793950000,-21.762107030000,"Rua Natalino José de Paula, 271"
412,PARQUE BURNIER.,10072328,08:12:00,13,0,0,12,2025-01-21T00:00:00.000Z,-43.326450350000,-21.763683320000,"Rua Adelaide Campos de Resende, 669"
412,PARQUE BURNIER.,10072358,08:12:00,18,10,0,19,2025-01-21T00:00:00.000Z,-43.328687310000,-21.761675740000,"Rua Natalino José de Paula, 112 - Ponto Final do Parque Burnier"
412,PARQUE BURNIER.,10073560,08:12:00,5,0,0,14,2025-01-21T00:00:00.000Z,-43.333589670000,-21.761652280000,"Rua Olga Burnier, 230"
412,PARQUE BURNIER.,10072375,08:12:00,16,0,1,9,2025-01-21T00:00:00.000Z,-43.327420830000,-21.762727850000,"Rua Natalino José de Paula, 319"
412,PARQUE BURNIER.,10071503,08:12:00,15,0,2,10,2025-01-21T00:00:00.000Z,-43.326207040000,-21.762717810000,"Rua Natalino José de Paula, 421"
412,PARQUE BURNIER.,10073558,08:12:00,4,0,0,14,2025-01-21T00:00:00.000Z,-43.334645750000,-21.760669710000,"Rua Olga Burnier, 70"
412,PARQUE BURNIER.,10072359,08:12:00,14,0,0,12,2025-01-21T00:00:00.000Z,-43.326282500000,-21.763143540000,"Rua Adelaide Campos de Resende, 651"
412,PARQUE BURNIER.,10072377,08:12:00,12,0,3,12,2025-01-21T00:00:00.000Z,-43.327321890000,-21.764062650000,"Rua José Teodoro dos Santos, 25"
412,PARQUE BURNIER.,10072316,08:12:00,11,0,0,15,2025-01-21T00:00:00.000Z,-43.328204750000,-21.763332370000,"Rua José Teodoro dos Santos, 145"
412,PARQUE BURNIER.,10072313,08:12:00,10,0,1,15,2025-01-21T00:00:00.000Z,-43.328846690000,-21.762504770000,"Rua José Teodoro dos Santos, 275"
412,PARQUE BURNIER.,10072296,08:12:00,9,2,0,16,2025-01-21T00:00:00.000Z,-43.329374790000,-21.763440430000,"Rua Adelaide Campos de Resende, 975"
412,PARQUE BURNIER.,10072301,08:12:00,8,0,0,14,2025-01-21T00:00:00.000Z,-43.330138330000,-21.763252970000,"Rua Adelaide Campos de Resende, 1061"
412,PARQUE BURNIER.,10073557,08:12:00,6,0,0,14,2025-01-21T00:00:00.000Z,-43.332479840000,-21.762640710000,"Rua Olga Burnier, 356"
412,PARQUE BURNIER.,10073552,08:12:00,3,0,0,14,2025-01-21T00:00:00.000Z,-43.335479020000,-21.760313550000,"Rua São Geraldo, 84"
412,PARQUE BURNIER.,10073561,08:12:00,7,0,0,14,2025-01-21T00:00:00.000Z,-43.331552510000,-21.763418910000,"Rua Olga Burnier, 480"
412,PARQUE BURNIER.,10072305,08:12:00,2,0,0,14,2025-01-21T00:00:00.000Z,-43.337478970000,-21.760922950000,"Rua Djalma de Carvalho, 37"
412,PARQUE BURNIER.,10072358,08:38:00,1,0,0,0,2025-01-21T00:00:00.000Z,-43.328687310000,-21.761675740000,"Rua Natalino José de Paula, 112 - Ponto Final do Parque Burnier"
412,PARQUE BURNIER.,10072362,08:38:00,3,6,0,7,2025-01-21T00:00:00.000Z,-43.327527760000,-21.762798310000,"Rua Natalino José de Paula, 310"
412,PARQUE BURNIER.,10072363,08:38:00,2,1,0,1,2025-01-21T00:00:00.000Z,-43.327885630000,-21.762179390000,"Rua Natalino José de Paula, 288"
412,PARQUE BURNIER.,10071108,08:38:00,17,0,25,8,2025-01-21T00:00:00.000Z,-43.349331860000,-21.758144610000,"Avenida Getúlio Vargas, 835"
412,PARQUE BURNIER.,10072302,08:38:00,15,0,0,33,2025-01-21T00:00:00.000Z,-43.338029500000,-21.760323850000,"Avenida Sete de Setembro, 623"
412,PARQUE BURNIER.,10074194,08:38:00,16,5,5,33,2025-01-21T00:00:00.000Z,-43.342338620000,-21.760505960000,"Rua Ângelo Falci, 55"
412,PARQUE BURNIER.,10072382,08:38:00,11,0,0,32,2025-01-21T00:00:00.000Z,-43.332369450000,-21.762522520000,"Rua Olga Burnier, 361"
412,PARQUE BURNIER.,10072332,08:38:00,14,0,0,33,2025-01-21T00:00:00.000Z,-43.335533860000,-21.760131640000,"Rua São Geraldo, 89"
412,PARQUE BURNIER.,10072337,08:38:00,13,1,0,33,2025-01-21T00:00:00.000Z,-43.334540130000,-21.760522960000,"Rua Olga Burnier, 67"
412,PARQUE BURNIER.,10072309,08:38:00,5,1,0,17,2025-01-21T00:00:00.000Z,-43.327273730000,-21.763967940000,"Rua José Teodoro dos Santos, 28"
412,PARQUE BURNIER.,10072335,08:38:00,12,0,0,32,2025-01-21T00:00:00.000Z,-43.333453420000,-21.761562350000,"Rua Olga Burnier, 233"
412,PARQUE BURNIER.,10072380,08:38:00,10,3,0,32,2025-01-21T00:00:00.000Z,-43.331466790000,-21.763337580000,"Rua Olga Burnier, 485"
412,PARQUE BURNIER.,10073583,08:38:00,9,1,2,29,2025-01-21T00:00:00.000Z,-43.330207820000,-21.763072230000,"Rua Adelaide Campos de Resende, 1070"
412,PARQUE BURNIER.,10073584,08:38:00,8,7,0,30,2025-01-21T00:00:00.000Z,-43.329363350000,-21.763255450000,"Rua Adelaide Campos de Resende, 984"
412,PARQUE BURNIER.,10072386,08:38:00,7,2,1,23,2025-01-21T00:00:00.000Z,-43.328850270000,-21.762325320000,"Rua José Teodoro dos Santos, 292"
412,PARQUE BURNIER.,10072384,08:38:00,6,5,0,22,2025-01-21T00:00:00.000Z,-43.327999480000,-21.763301540000,"Rua José Teodoro dos Santos, 126"
412,PARQUE BURNIER.,10073589,08:38:00,4,9,0,16,2025-01-21T00:00:00.000Z,-43.326568960000,-21.763629600000,"Rua Adelaide Campos de Resende, 706"
412,PARQUE BURNIER.,10072358,08:59:00,18,3,0,3,2025-01-21T00:00:00.000Z,-43.328687310000,-21.761675740000,"Rua Natalino José de Paula, 112 - Ponto Final do Parque Burnier"
412,PARQUE BURNIER.,10071108,08:59:00,1,7,0,7,2025-01-21T00:00:00.000Z,-43.349331860000,-21.758144610000,"Avenida Getúlio Vargas, 835"
412,PARQUE BURNIER.,10072356,08:59:00,17,0,1,0,2025-01-21T00:00:00.000Z,-43.327793950000,-21.762107030000,"Rua Natalino José de Paula, 271"
412,PARQUE BURNIER.,10072375,08:59:00,16,0,0,1,2025-01-21T00:00:00.000Z,-43.327420830000,-21.762727850000,"Rua Natalino José de Paula, 319"
412,PARQUE BURNIER.,10071503,08:59:00,15,1,1,1,2025-01-21T00:00:00.000Z,-43.326207040000,-21.762717810000,"Rua Natalino José de Paula, 421"
412,PARQUE BURNIER.,10072359,08:59:00,14,0,1,1,2025-01-21T00:00:00.000Z,-43.326282500000,-21.763143540000,"Rua Adelaide Campos de Resende, 651"
412,PARQUE BURNIER.,10072328,08:59:00,13,0,1,2,2025-01-21T00:00:00.000Z,-43.326450350000,-21.763683320000,"Rua Adelaide Campos de Resende, 669"
412,PARQUE BURNIER.,10072377,08:59:00,12,0,2,3,2025-01-21T00:00:00.000Z,-43.327321890000,-21.764062650000,"Rua José Teodoro dos Santos, 25"
412,PARQUE BURNIER.,10072313,08:59:00,10,0,0,5,2025-01-21T00:00:00.000Z,-43.328846690000,-21.762504770000,"Rua José Teodoro dos Santos, 275"
412,PARQUE BURNIER.,10072316,08:59:00,11,0,0,5,2025-01-21T00:00:00.000Z,-43.328204750000,-21.763332370000,"Rua José Teodoro dos Santos, 145"
412,PARQUE BURNIER.,10072296,08:59:00,9,0,0,5,2025-01-21T00:00:00.000Z,-43.329374790000,-21.763440430000,"Rua Adelaide Campos de Resende, 975"
412,PARQUE BURNIER.,10072301,08:59:00,8,0,0,5,2025-01-21T00:00:00.000Z,-43.330138330000,-21.763252970000,"Rua Adelaide Campos de Resende, 1061"
412,PARQUE BURNIER.,10073561,08:59:00,7,0,0,5,2025-01-21T00:00:00.000Z,-43.331552510000,-21.763418910000,"Rua Olga Burnier, 480"
412,PARQUE BURNIER.,10073557,08:59:00,6,0,0,5,2025-01-21T00:00:00.000Z,-43.332479840000,-21.762640710000,"Rua Olga Burnier, 356"
412,PARQUE BURNIER.,10073560,08:59:00,5,0,1,5,2025-01-21T00:00:00.000Z,-43.333589670000,-21.761652280000,"Rua Olga Burnier, 230"
412,PARQUE BURNIER.,10073558,08:59:00,4,0,0,6,2025-01-21T00:00:00.000Z,-43.334645750000,-21.760669710000,"Rua Olga Burnier, 70"
412,PARQUE BURNIER.,10073552,08:59:00,3,0,0,6,2025-01-21T00:00:00.000Z,-43.335479020000,-21.760313550000,"Rua São Geraldo, 84"
412,PARQUE BURNIER.,10072305,08:59:00,2,0,1,6,2025-01-21T00:00:00.000Z,-43.337478970000,-21.760922950000,"Rua Djalma de Carvalho, 37"
412,PARQUE BURNIER.,10072362,09:25:00,3,3,0,5,2025-01-21T00:00:00.000Z,-43.327527760000,-21.762798310000,"Rua Natalino José de Paula, 310"
412,PARQUE BURNIER.,10072363,09:25:00,2,2,0,2,2025-01-21T00:00:00.000Z,-43.327885630000,-21.762179390000,"Rua Natalino José de Paula, 288"
412,PARQUE BURNIER.,10073589,09:25:00,4,6,0,11,2025-01-21T00:00:00.000Z,-43.326568960000,-21.763629600000,"Rua Adelaide Campos de Resende, 706"
412,PARQUE BURNIER.,10072358,09:25:00,1,0,0,0,2025-01-21T00:00:00.000Z,-43.328687310000,-21.761675740000,"Rua Natalino José de Paula, 112 - Ponto Final do Parque Burnier"
412,PARQUE BURNIER.,10071108,09:25:00,17,0,29,0,2025-01-21T00:00:00.000Z,-43.349331860000,-21.758144610000,"Avenida Getúlio Vargas, 835"
412,PARQUE BURNIER.,10074194,09:25:00,16,10,7,29,2025-01-21T00:00:00.000Z,-43.342338620000,-21.760505960000,"Rua Ângelo Falci, 55"
412,PARQUE BURNIER.,10072302,09:25:00,15,1,1,26,2025-01-21T00:00:00.000Z,-43.338029500000,-21.760323850000,"Avenida Sete de Setembro, 623"
412,PARQUE BURNIER.,10072332,09:25:00,14,2,0,26,2025-01-21T00:00:00.000Z,-43.335533860000,-21.760131640000,"Rua São Geraldo, 89"
412,PARQUE BURNIER.,10072337,09:25:00,13,0,0,24,2025-01-21T00:00:00.000Z,-43.334540130000,-21.760522960000,"Rua Olga Burnier, 67"
412,PARQUE BURNIER.,10072335,09:25:00,12,0,0,24,2025-01-21T00:00:00.000Z,-43.333453420000,-21.761562350000,"Rua Olga Burnier, 233"
412,PARQUE BURNIER.,10072382,09:25:00,11,0,0,24,2025-01-21T00:00:00.000Z,-43.332369450000,-21.762522520000,"Rua Olga Burnier, 361"
412,PARQUE BURNIER.,10072380,09:25:00,10,3,0,24,2025-01-21T00:00:00.000Z,-43.331466790000,-21.763337580000,"Rua Olga Burnier, 485"
412,PARQUE BURNIER.,10073584,09:25:00,8,8,0,23,2025-01-21T00:00:00.000Z,-43.329363350000,-21.763255450000,"Rua Adelaide Campos de Resende, 984"
412,PARQUE BURNIER.,10073583,09:25:00,9,0,2,21,2025-01-21T00:00:00.000Z,-43.330207820000,-21.763072230000,"Rua Adelaide Campos de Resende, 1070"
412,PARQUE BURNIER.,10072386,09:25:00,7,5,1,15,2025-01-21T00:00:00.000Z,-43.328850270000,-21.762325320000,"Rua José Teodoro dos Santos, 292"
412,PARQUE BURNIER.,10072384,09:25:00,6,0,0,11,2025-01-21T00:00:00.000Z,-43.327999480000,-21.763301540000,"Rua José Teodoro dos Santos, 126"
412,PARQUE BURNIER.,10072309,09:25:00,5,0,0,11,2025-01-21T00:00:00.000Z,-43.327273730000,-21.763967940000,"Rua José Teodoro dos Santos, 28"
412,PARQUE BURNIER.,10072302,10:20:00,15,0,2,9,2025-01-21T00:00:00.000Z,-43.338029500000,-21.760323850000,"Avenida Sete de Setembro, 623"
412,PARQUE BURNIER.,10072362,10:20:00,3,0,0,1,2025-01-21T00:00:00.000Z,-43.327527760000,-21.762798310000,"Rua Natalino José de Paula, 310"
412,PARQUE BURNIER.,10074194,10:20:00,16,22,4,27,2025-01-21T00:00:00.000Z,-43.342338620000,-21.760505960000,"Rua Ângelo Falci, 55"
412,PARQUE BURNIER.,10072363,10:20:00,2,1,0,1,2025-01-21T00:00:00.000Z,-43.327885630000,-21.762179390000,"Rua Natalino José de Paula, 288"
412,PARQUE BURNIER.,10072358,10:20:00,1,0,0,0,2025-01-21T00:00:00.000Z,-43.328687310000,-21.761675740000,"Rua Natalino José de Paula, 112 - Ponto Final do Parque Burnier"
412,PARQUE BURNIER.,10071108,10:20:00,17,0,27,0,2025-01-21T00:00:00.000Z,-43.349331860000,-21.758144610000,"Avenida Getúlio Vargas, 835"
412,PARQUE BURNIER.,10072332,10:20:00,14,0,0,11,2025-01-21T00:00:00.000Z,-43.335533860000,-21.760131640000,"Rua São Geraldo, 89"
412,PARQUE BURNIER.,10072337,10:20:00,13,0,0,11,2025-01-21T00:00:00.000Z,-43.334540130000,-21.760522960000,"Rua Olga Burnier, 67"
412,PARQUE BURNIER.,10072335,10:20:00,12,1,0,11,2025-01-21T00:00:00.000Z,-43.333453420000,-21.761562350000,"Rua Olga Burnier, 233"
412,PARQUE BURNIER.,10072382,10:20:00,11,0,0,10,2025-01-21T00:00:00.000Z,-43.332369450000,-21.762522520000,"Rua Olga Burnier, 361"
412,PARQUE BURNIER.,10072380,10:20:00,10,2,0,10,2025-01-21T00:00:00.000Z,-43.331466790000,-21.763337580000,"Rua Olga Burnier, 485"
412,PARQUE BURNIER.,10073583,10:20:00,9,0,2,8,2025-01-21T00:00:00.000Z,-43.330207820000,-21.763072230000,"Rua Adelaide Campos de Resende, 1070"
412,PARQUE BURNIER.,10072386,10:20:00,7,5,1,9,2025-01-21T00:00:00.000Z,-43.328850270000,-21.762325320000,"Rua José Teodoro dos Santos, 292"
412,PARQUE BURNIER.,10073584,10:20:00,8,1,0,10,2025-01-21T00:00:00.000Z,-43.329363350000,-21.763255450000,"Rua Adelaide Campos de Resende, 984"
412,PARQUE BURNIER.,10072384,10:20:00,6,0,0,5,2025-01-21T00:00:00.000Z,-43.327999480000,-21.763301540000,"Rua José Teodoro dos Santos, 126"
412,PARQUE BURNIER.,10072309,10:20:00,5,0,0,5,2025-01-21T00:00:00.000Z,-43.327273730000,-21.763967940000,"Rua José Teodoro dos Santos, 28"
412,PARQUE BURNIER.,10073589,10:20:00,4,4,0,5,2025-01-21T00:00:00.000Z,-43.326568960000,-21.763629600000,"Rua Adelaide Campos de Resende, 706"
412,PARQUE BURNIER.,10072305,10:40:00,2,1,2,15,2025-01-21T00:00:00.000Z,-43.337478970000,-21.760922950000,"Rua Djalma de Carvalho, 37"
412,PARQUE BURNIER.,10071108,10:40:00,1,16,0,16,2025-01-21T00:00:00.000Z,-43.349331860000,-21.758144610000,"Avenida Getúlio Vargas, 835"
412,PARQUE BURNIER.,10071503,10:40:00,15,0,0,13,2025-01-21T00:00:00.000Z,-43.326207040000,-21.762717810000,"Rua Natalino José de Paula, 421"
412,PARQUE BURNIER.,10072359,10:40:00,14,0,0,13,2025-01-21T00:00:00.000Z,-43.326282500000,-21.763143540000,"Rua Adelaide Campos de Resende, 651"
412,PARQUE BURNIER.,10072358,10:40:00,18,3,0,15,2025-01-21T00:00:00.000Z,-43.328687310000,-21.761675740000,"Rua Natalino José de Paula, 112 - Ponto Final do Parque Burnier"
412,PARQUE BURNIER.,10073558,10:40:00,4,0,0,15,2025-01-21T00:00:00.000Z,-43.334645750000,-21.760669710000,"Rua Olga Burnier, 70"
412,PARQUE BURNIER.,10072356,10:40:00,17,0,0,12,2025-01-21T00:00:00.000Z,-43.327793950000,-21.762107030000,"Rua Natalino José de Paula, 271"
412,PARQUE BURNIER.,10073552,10:40:00,3,0,0,15,2025-01-21T00:00:00.000Z,-43.335479020000,-21.760313550000,"Rua São Geraldo, 84"
412,PARQUE BURNIER.,10072375,10:40:00,16,0,1,12,2025-01-21T00:00:00.000Z,-43.327420830000,-21.762727850000,"Rua Natalino José de Paula, 319"
412,PARQUE BURNIER.,10072328,10:40:00,13,0,0,13,2025-01-21T00:00:00.000Z,-43.326450350000,-21.763683320000,"Rua Adelaide Campos de Resende, 669"
412,PARQUE BURNIER.,10072377,10:40:00,12,0,1,13,2025-01-21T00:00:00.000Z,-43.327321890000,-21.764062650000,"Rua José Teodoro dos Santos, 25"
412,PARQUE BURNIER.,10072316,10:40:00,11,0,0,14,2025-01-21T00:00:00.000Z,-43.328204750000,-21.763332370000,"Rua José Teodoro dos Santos, 145"
412,PARQUE BURNIER.,10072313,10:40:00,10,0,1,14,2025-01-21T00:00:00.000Z,-43.328846690000,-21.762504770000,"Rua José Teodoro dos Santos, 275"
412,PARQUE BURNIER.,10072296,10:40:00,9,0,0,15,2025-01-21T00:00:00.000Z,-43.329374790000,-21.763440430000,"Rua Adelaide Campos de Resende, 975"
412,PARQUE BURNIER.,10072301,10:40:00,8,0,0,15,2025-01-21T00:00:00.000Z,-43.330138330000,-21.763252970000,"Rua Adelaide Campos de Resende, 1061"
412,PARQUE BURNIER.,10073557,10:40:00,6,0,0,15,2025-01-21T00:00:00.000Z,-43.332479840000,-21.762640710000,"Rua Olga Burnier, 356"
412,PARQUE BURNIER.,10073561,10:40:00,7,0,0,15,2025-01-21T00:00:00.000Z,-43.331552510000,-21.763418910000,"Rua Olga Burnier, 480"
412,PARQUE BURNIER.,10073560,10:40:00,5,0,0,15,2025-01-21T00:00:00.000Z,-43.333589670000,-21.761652280000,"Rua Olga Burnier, 230"
412,PARQUE BURNIER.,10072335,11:15:00,12,0,0,14,2025-01-21T00:00:00.000Z,-43.333453420000,-21.761562350000,"Rua Olga Burnier, 233"
412,PARQUE BURNIER.,10072363,11:15:00,2,1,0,1,2025-01-21T00:00:00.000Z,-43.327885630000,-21.762179390000,"Rua Natalino José de Paula, 288"
412,PARQUE BURNIER.,10072358,11:15:00,1,0,0,0,2025-01-21T00:00:00.000Z,-43.328687310000,-21.761675740000,"Rua Natalino José de Paula, 112 - Ponto Final do Parque Burnier"
412,PARQUE BURNIER.,10074194,11:15:00,16,14,5,28,2025-01-21T00:00:00.000Z,-43.342338620000,-21.760505960000,"Rua Ângelo Falci, 55"
412,PARQUE BURNIER.,10072302,11:15:00,15,5,1,19,2025-01-21T00:00:00.000Z,-43.338029500000,-21.760323850000,"Avenida Sete de Setembro, 623"
412,PARQUE BURNIER.,10071108,11:15:00,17,0,28,0,2025-01-21T00:00:00.000Z,-43.349331860000,-21.758144610000,"Avenida Getúlio Vargas, 835"
412,PARQUE BURNIER.,10072332,11:15:00,14,0,0,15,2025-01-21T00:00:00.000Z,-43.335533860000,-21.760131640000,"Rua São Geraldo, 89"
412,PARQUE BURNIER.,10072337,11:15:00,13,1,0,15,2025-01-21T00:00:00.000Z,-43.334540130000,-21.760522960000,"Rua Olga Burnier, 67"
412,PARQUE BURNIER.,10072382,11:15:00,11,0,0,14,2025-01-21T00:00:00.000Z,-43.332369450000,-21.762522520000,"Rua Olga Burnier, 361"
412,PARQUE BURNIER.,10072380,11:15:00,10,1,0,14,2025-01-21T00:00:00.000Z,-43.331466790000,-21.763337580000,"Rua Olga Burnier, 485"
412,PARQUE BURNIER.,10073583,11:15:00,9,0,2,13,2025-01-21T00:00:00.000Z,-43.330207820000,-21.763072230000,"Rua Adelaide Campos de Resende, 1070"
412,PARQUE BURNIER.,10073584,11:15:00,8,0,0,15,2025-01-21T00:00:00.000Z,-43.329363350000,-21.763255450000,"Rua Adelaide Campos de Resende, 984"
412,PARQUE BURNIER.,10072384,11:15:00,6,1,0,13,2025-01-21T00:00:00.000Z,-43.327999480000,-21.763301540000,"Rua José Teodoro dos Santos, 126"
412,PARQUE BURNIER.,10072386,11:15:00,7,3,1,15,2025-01-21T00:00:00.000Z,-43.328850270000,-21.762325320000,"Rua José Teodoro dos Santos, 292"
412,PARQUE BURNIER.,10072309,11:15:00,5,2,0,12,2025-01-21T00:00:00.000Z,-43.327273730000,-21.763967940000,"Rua José Teodoro dos Santos, 28"
412,PARQUE BURNIER.,10073589,11:15:00,4,9,0,10,2025-01-21T00:00:00.000Z,-43.326568960000,-21.763629600000,"Rua Adelaide Campos de Resende, 706"
412,PARQUE BURNIER.,10072362,11:15:00,3,0,0,1,2025-01-21T00:00:00.000Z,-43.327527760000,-21.762798310000,"Rua Natalino José de Paula, 310"
412,PARQUE BURNIER.,10071108,11:35:00,1,13,0,13,2025-01-21T00:00:00.000Z,-43.349331860000,-21.758144610000,"Avenida Getúlio Vargas, 835"
412,PARQUE BURNIER.,10072305,11:35:00,2,1,2,12,2025-01-21T00:00:00.000Z,-43.337478970000,-21.760922950000,"Rua Djalma de Carvalho, 37"
412,PARQUE BURNIER.,10072316,11:35:00,11,0,0,11,2025-01-21T00:00:00.000Z,-43.328204750000,-21.763332370000,"Rua José Teodoro dos Santos, 145"
412,PARQUE BURNIER.,10073558,11:35:00,4,1,0,13,2025-01-21T00:00:00.000Z,-43.334645750000,-21.760669710000,"Rua Olga Burnier, 70"
412,PARQUE BURNIER.,10073552,11:35:00,3,0,0,12,2025-01-21T00:00:00.000Z,-43.335479020000,-21.760313550000,"Rua São Geraldo, 84"
412,PARQUE BURNIER.,10072358,11:35:00,18,3,0,12,2025-01-21T00:00:00.000Z,-43.328687310000,-21.761675740000,"Rua Natalino José de Paula, 112 - Ponto Final do Parque Burnier"
412,PARQUE BURNIER.,10072356,11:35:00,17,0,0,9,2025-01-21T00:00:00.000Z,-43.327793950000,-21.762107030000,"Rua Natalino José de Paula, 271"
412,PARQUE BURNIER.,10072375,11:35:00,16,0,1,9,2025-01-21T00:00:00.000Z,-43.327420830000,-21.762727850000,"Rua Natalino José de Paula, 319"
412,PARQUE BURNIER.,10071503,11:35:00,15,0,0,10,2025-01-21T00:00:00.000Z,-43.326207040000,-21.762717810000,"Rua Natalino José de Paula, 421"
412,PARQUE BURNIER.,10072359,11:35:00,14,0,0,10,2025-01-21T00:00:00.000Z,-43.326282500000,-21.763143540000,"Rua Adelaide Campos de Resende, 651"
412,PARQUE BURNIER.,10072377,11:35:00,12,0,1,10,2025-01-21T00:00:00.000Z,-43.327321890000,-21.764062650000,"Rua José Teodoro dos Santos, 25"
412,PARQUE BURNIER.,10072328,11:35:00,13,0,0,10,2025-01-21T00:00:00.000Z,-43.326450350000,-21.763683320000,"Rua Adelaide Campos de Resende, 669"
412,PARQUE BURNIER.,10072313,11:35:00,10,0,1,11,2025-01-21T00:00:00.000Z,-43.328846690000,-21.762504770000,"Rua José Teodoro dos Santos, 275"
412,PARQUE BURNIER.,10072296,11:35:00,9,0,0,12,2025-01-21T00:00:00.000Z,-43.329374790000,-21.763440430000,"Rua Adelaide Campos de Resende, 975"
412,PARQUE BURNIER.,10072301,11:35:00,8,0,1,12,2025-01-21T00:00:00.000Z,-43.330138330000,-21.763252970000,"Rua Adelaide Campos de Resende, 1061"
412,PARQUE BURNIER.,10073561,11:35:00,7,0,0,13,2025-01-21T00:00:00.000Z,-43.331552510000,-21.763418910000,"Rua Olga Burnier, 480"
412,PARQUE BURNIER.,10073557,11:35:00,6,0,0,13,2025-01-21T00:00:00.000Z,-43.332479840000,-21.762640710000,"Rua Olga Burnier, 356"
412,PARQUE BURNIER.,10073560,11:35:00,5,0,0,13,2025-01-21T00:00:00.000Z,-43.333589670000,-21.761652280000,"Rua Olga Burnier, 230"
412,PARQUE BURNIER.,10072363,12:10:00,2,1,0,1,2025-01-21T00:00:00.000Z,-43.327885630000,-21.762179390000,"Rua Natalino José de Paula, 288"
412,PARQUE BURNIER.,10072358,12:10:00,1,0,0,0,2025-01-21T00:00:00.000Z,-43.328687310000,-21.761675740000,"Rua Natalino José de Paula, 112 - Ponto Final do Parque Burnier"
412,PARQUE BURNIER.,10072362,12:10:00,3,1,0,2,2025-01-21T00:00:00.000Z,-43.327527760000,-21.762798310000,"Rua Natalino José de Paula, 310"
412,PARQUE BURNIER.,10071108,12:10:00,17,0,11,0,2025-01-21T00:00:00.000Z,-43.349331860000,-21.758144610000,"Avenida Getúlio Vargas, 835"
412,PARQUE BURNIER.,10072380,12:10:00,10,0,0,5,2025-01-21T00:00:00.000Z,-43.331466790000,-21.763337580000,"Rua Olga Burnier, 485"
412,PARQUE BURNIER.,10073583,12:10:00,9,0,1,5,2025-01-21T00:00:00.000Z,-43.330207820000,-21.763072230000,"Rua Adelaide Campos de Resende, 1070"
412,PARQUE BURNIER.,10074194,12:10:00,16,10,3,11,2025-01-21T00:00:00.000Z,-43.342338620000,-21.760505960000,"Rua Ângelo Falci, 55"
412,PARQUE BURNIER.,10072302,12:10:00,15,1,3,4,2025-01-21T00:00:00.000Z,-43.338029500000,-21.760323850000,"Avenida Sete de Setembro, 623"
412,PARQUE BURNIER.,10072332,12:10:00,14,1,0,6,2025-01-21T00:00:00.000Z,-43.335533860000,-21.760131640000,"Rua São Geraldo, 89"
412,PARQUE BURNIER.,10072337,12:10:00,13,0,0,5,2025-01-21T00:00:00.000Z,-43.334540130000,-21.760522960000,"Rua Olga Burnier, 67"
412,PARQUE BURNIER.,10072382,12:10:00,11,0,0,5,2025-01-21T00:00:00.000Z,-43.332369450000,-21.762522520000,"Rua Olga Burnier, 361"
412,PARQUE BURNIER.,10072335,12:10:00,12,0,0,5,2025-01-21T00:00:00.000Z,-43.333453420000,-21.761562350000,"Rua Olga Burnier, 233"
412,PARQUE BURNIER.,10073584,12:10:00,8,1,0,6,2025-01-21T00:00:00.000Z,-43.329363350000,-21.763255450000,"Rua Adelaide Campos de Resende, 984"
412,PARQUE BURNIER.,10072386,12:10:00,7,2,0,5,2025-01-21T00:00:00.000Z,-43.328850270000,-21.762325320000,"Rua José Teodoro dos Santos, 292"
412,PARQUE BURNIER.,10072384,12:10:00,6,0,0,3,2025-01-21T00:00:00.000Z,-43.327999480000,-21.763301540000,"Rua José Teodoro dos Santos, 126"
412,PARQUE BURNIER.,10072309,12:10:00,5,1,0,3,2025-01-21T00:00:00.000Z,-43.327273730000,-21.763967940000,"Rua José Teodoro dos Santos, 28"
412,PARQUE BURNIER.,10073589,12:10:00,4,0,0,2,2025-01-21T00:00:00.000Z,-43.326568960000,-21.763629600000,"Rua Adelaide Campos de Resende, 706"
412,PARQUE BURNIER.,10073558,12:30:00,4,0,0,10,2025-01-21T00:00:00.000Z,-43.334645750000,-21.760669710000,"Rua Olga Burnier, 70"
412,PARQUE BURNIER.,10073552,12:30:00,3,0,0,10,2025-01-21T00:00:00.000Z,-43.335479020000,-21.760313550000,"Rua São Geraldo, 84"
412,PARQUE BURNIER.,10072301,12:30:00,8,0,0,10,2025-01-21T00:00:00.000Z,-43.330138330000,-21.763252970000,"Rua Adelaide Campos de Resende, 1061"
412,PARQUE BURNIER.,10072305,12:30:00,2,0,2,10,2025-01-21T00:00:00.000Z,-43.337478970000,-21.760922950000,"Rua Djalma de Carvalho, 37"
412,PARQUE BURNIER.,10072358,12:30:00,18,3,0,9,2025-01-21T00:00:00.000Z,-43.328687310000,-21.761675740000,"Rua Natalino José de Paula, 112 - Ponto Final do Parque Burnier"
412,PARQUE BURNIER.,10072356,12:30:00,17,0,0,6,2025-01-21T00:00:00.000Z,-43.327793950000,-21.762107030000,"Rua Natalino José de Paula, 271"
412,PARQUE BURNIER.,10071108,12:30:00,1,12,0,12,2025-01-21T00:00:00.000Z,-43.349331860000,-21.758144610000,"Avenida Getúlio Vargas, 835"
412,PARQUE BURNIER.,10072375,12:30:00,16,0,1,6,2025-01-21T00:00:00.000Z,-43.327420830000,-21.762727850000,"Rua Natalino José de Paula, 319"
412,PARQUE BURNIER.,10071503,12:30:00,15,0,1,7,2025-01-21T00:00:00.000Z,-43.326207040000,-21.762717810000,"Rua Natalino José de Paula, 421"
412,PARQUE BURNIER.,10072359,12:30:00,14,0,0,8,2025-01-21T00:00:00.000Z,-43.326282500000,-21.763143540000,"Rua Adelaide Campos de Resende, 651"
412,PARQUE BURNIER.,10072328,12:30:00,13,0,0,8,2025-01-21T00:00:00.000Z,-43.326450350000,-21.763683320000,"Rua Adelaide Campos de Resende, 669"
412,PARQUE BURNIER.,10072377,12:30:00,12,0,1,8,2025-01-21T00:00:00.000Z,-43.327321890000,-21.764062650000,"Rua José Teodoro dos Santos, 25"
412,PARQUE BURNIER.,10072316,12:30:00,11,0,0,9,2025-01-21T00:00:00.000Z,-43.328204750000,-21.763332370000,"Rua José Teodoro dos Santos, 145"
412,PARQUE BURNIER.,10072296,12:30:00,9,0,1,9,2025-01-21T00:00:00.000Z,-43.329374790000,-21.763440430000,"Rua Adelaide Campos de Resende, 975"
412,PARQUE BURNIER.,10072313,12:30:00,10,1,1,9,2025-01-21T00:00:00.000Z,-43.328846690000,-21.762504770000,"Rua José Teodoro dos Santos, 275"
412,PARQUE BURNIER.,10073561,12:30:00,7,0,0,10,2025-01-21T00:00:00.000Z,-43.331552510000,-21.763418910000,"Rua Olga Burnier, 480"
412,PARQUE BURNIER.,10073557,12:30:00,6,0,0,10,2025-01-21T00:00:00.000Z,-43.332479840000,-21.762640710000,"Rua Olga Burnier, 356"
412,PARQUE BURNIER.,10073560,12:30:00,5,0,0,10,2025-01-21T00:00:00.000Z,-43.333589670000,-21.761652280000,"Rua Olga Burnier, 230"
412,PARQUE BURNIER.,10072309,13:05:00,5,2,2,8,2025-01-21T00:00:00.000Z,-43.327273730000,-21.763967940000,"Rua José Teodoro dos Santos, 28"
412,PARQUE BURNIER.,10073589,13:05:00,4,6,0,8,2025-01-21T00:00:00.000Z,-43.326568960000,-21.763629600000,"Rua Adelaide Campos de Resende, 706"
412,PARQUE BURNIER.,10072362,13:05:00,3,0,0,2,2025-01-21T00:00:00.000Z,-43.327527760000,-21.762798310000,"Rua Natalino José de Paula, 310"
412,PARQUE BURNIER.,10072363,13:05:00,2,2,0,2,2025-01-21T00:00:00.000Z,-43.327885630000,-21.762179390000,"Rua Natalino José de Paula, 288"
412,PARQUE BURNIER.,10072358,13:05:00,1,0,0,0,2025-01-21T00:00:00.000Z,-43.328687310000,-21.761675740000,"Rua Natalino José de Paula, 112 - Ponto Final do Parque Burnier"
412,PARQUE BURNIER.,10072380,13:05:00,10,2,0,14,2025-01-21T00:00:00.000Z,-43.331466790000,-21.763337580000,"Rua Olga Burnier, 485"
412,PARQUE BURNIER.,10073583,13:05:00,9,0,0,12,2025-01-21T00:00:00.000Z,-43.330207820000,-21.763072230000,"Rua Adelaide Campos de Resende, 1070"
412,PARQUE BURNIER.,10072332,13:05:00,14,0,0,15,2025-01-21T00:00:00.000Z,-43.335533860000,-21.760131640000,"Rua São Geraldo, 89"
412,PARQUE BURNIER.,10073584,13:05:00,8,2,0,12,2025-01-21T00:00:00.000Z,-43.329363350000,-21.763255450000,"Rua Adelaide Campos de Resende, 984"
412,PARQUE BURNIER.,10071108,13:05:00,17,7,3,18,2025-01-21T00:00:00.000Z,-43.349331860000,-21.758144610000,"Avenida Getúlio Vargas, 835"
412,PARQUE BURNIER.,10074194,13:05:00,16,3,4,14,2025-01-21T00:00:00.000Z,-43.342338620000,-21.760505960000,"Rua Ângelo Falci, 55"
412,PARQUE BURNIER.,10072386,13:05:00,7,1,0,10,2025-01-21T00:00:00.000Z,-43.328850270000,-21.762325320000,"Rua José Teodoro dos Santos, 292"
412,PARQUE BURNIER.,10072302,13:05:00,15,0,0,15,2025-01-21T00:00:00.000Z,-43.338029500000,-21.760323850000,"Avenida Sete de Setembro, 623"
412,PARQUE BURNIER.,10072337,13:05:00,13,0,0,15,2025-01-21T00:00:00.000Z,-43.334540130000,-21.760522960000,"Rua Olga Burnier, 67"
412,PARQUE BURNIER.,10072335,13:05:00,12,0,0,15,2025-01-21T00:00:00.000Z,-43.333453420000,-21.761562350000,"Rua Olga Burnier, 233"
412,PARQUE BURNIER.,10072382,13:05:00,11,1,0,15,2025-01-21T00:00:00.000Z,-43.332369450000,-21.762522520000,"Rua Olga Burnier, 361"
412,PARQUE BURNIER.,10072384,13:05:00,6,1,0,9,2025-01-21T00:00:00.000Z,-43.327999480000,-21.763301540000,"Rua José Teodoro dos Santos, 126"
412,PARQUE BURNIER.,10071108,15:15:00,1,20,0,20,2025-01-21T00:00:00.000Z,-43.349331860000,-21.758144610000,"Avenida Getúlio Vargas, 835"
412,PARQUE BURNIER.,10072305,15:15:00,2,11,1,30,2025-01-21T00:00:00.000Z,-43.337478970000,-21.760922950000,"Rua Djalma de Carvalho, 37"
412,PARQUE BURNIER.,10072356,15:15:00,17,0,0,0,2025-01-21T00:00:00.000Z,-43.327793950000,-21.762107030000,"Rua Natalino José de Paula, 271"
412,PARQUE BURNIER.,10072328,15:15:00,13,0,4,13,2025-01-21T00:00:00.000Z,-43.326450350000,-21.763683320000,"Rua Adelaide Campos de Resende, 669"
412,PARQUE BURNIER.,10072358,15:15:00,18,2,0,2,2025-01-21T00:00:00.000Z,-43.328687310000,-21.761675740000,"Rua Natalino José de Paula, 112 - Ponto Final do Parque Burnier"
412,PARQUE BURNIER.,10073557,15:15:00,6,1,0,31,2025-01-21T00:00:00.000Z,-43.332479840000,-21.762640710000,"Rua Olga Burnier, 356"
412,PARQUE BURNIER.,10072375,15:15:00,16,0,4,0,2025-01-21T00:00:00.000Z,-43.327420830000,-21.762727850000,"Rua Natalino José de Paula, 319"
412,PARQUE BURNIER.,10071503,15:15:00,15,4,9,4,2025-01-21T00:00:00.000Z,-43.326207040000,-21.762717810000,"Rua Natalino José de Paula, 421"
412,PARQUE BURNIER.,10073560,15:15:00,5,0,1,30,2025-01-21T00:00:00.000Z,-43.333589670000,-21.761652280000,"Rua Olga Burnier, 230"
412,PARQUE BURNIER.,10072359,15:15:00,14,0,4,9,2025-01-21T00:00:00.000Z,-43.326282500000,-21.763143540000,"Rua Adelaide Campos de Resende, 651"
412,PARQUE BURNIER.,10072377,15:15:00,12,0,7,17,2025-01-21T00:00:00.000Z,-43.327321890000,-21.764062650000,"Rua José Teodoro dos Santos, 25"
412,PARQUE BURNIER.,10072316,15:15:00,11,1,2,24,2025-01-21T00:00:00.000Z,-43.328204750000,-21.763332370000,"Rua José Teodoro dos Santos, 145"
412,PARQUE BURNIER.,10072313,15:15:00,10,0,5,25,2025-01-21T00:00:00.000Z,-43.328846690000,-21.762504770000,"Rua José Teodoro dos Santos, 275"
412,PARQUE BURNIER.,10072296,15:15:00,9,1,2,30,2025-01-21T00:00:00.000Z,-43.329374790000,-21.763440430000,"Rua Adelaide Campos de Resende, 975"
412,PARQUE BURNIER.,10073561,15:15:00,7,1,0,32,2025-01-21T00:00:00.000Z,-43.331552510000,-21.763418910000,"Rua Olga Burnier, 480"
412,PARQUE BURNIER.,10073558,15:15:00,4,2,0,31,2025-01-21T00:00:00.000Z,-43.334645750000,-21.760669710000,"Rua Olga Burnier, 70"
412,PARQUE BURNIER.,10072301,15:15:00,8,0,1,31,2025-01-21T00:00:00.000Z,-43.330138330000,-21.763252970000,"Rua Adelaide Campos de Resende, 1061"
412,PARQUE BURNIER.,10073552,15:15:00,3,0,1,29,2025-01-21T00:00:00.000Z,-43.335479020000,-21.760313550000,"Rua São Geraldo, 84"
412,PARQUE BURNIER.,10072358,15:50:00,1,0,0,0,2025-01-21T00:00:00.000Z,-43.328687310000,-21.761675740000,"Rua Natalino José de Paula, 112 - Ponto Final do Parque Burnier"
412,PARQUE BURNIER.,10072363,15:50:00,2,0,0,0,2025-01-21T00:00:00.000Z,-43.327885630000,-21.762179390000,"Rua Natalino José de Paula, 288"
412,PARQUE BURNIER.,10073589,15:50:00,4,1,0,1,2025-01-21T00:00:00.000Z,-43.326568960000,-21.763629600000,"Rua Adelaide Campos de Resende, 706"
412,PARQUE BURNIER.,10072362,15:50:00,3,0,0,0,2025-01-21T00:00:00.000Z,-43.327527760000,-21.762798310000,"Rua Natalino José de Paula, 310"
412,PARQUE BURNIER.,10071108,15:50:00,17,0,9,0,2025-01-21T00:00:00.000Z,-43.349331860000,-21.758144610000,"Avenida Getúlio Vargas, 835"
412,PARQUE BURNIER.,10072302,15:50:00,15,1,2,3,2025-01-21T00:00:00.000Z,-43.338029500000,-21.760323850000,"Avenida Sete de Setembro, 623"
412,PARQUE BURNIER.,10074194,15:50:00,16,6,0,9,2025-01-21T00:00:00.000Z,-43.342338620000,-21.760505960000,"Rua Ângelo Falci, 55"
412,PARQUE BURNIER.,10072382,15:50:00,11,0,0,3,2025-01-21T00:00:00.000Z,-43.332369450000,-21.762522520000,"Rua Olga Burnier, 361"
412,PARQUE BURNIER.,10072332,15:50:00,14,0,0,4,2025-01-21T00:00:00.000Z,-43.335533860000,-21.760131640000,"Rua São Geraldo, 89"
412,PARQUE BURNIER.,10072337,15:50:00,13,0,0,4,2025-01-21T00:00:00.000Z,-43.334540130000,-21.760522960000,"Rua Olga Burnier, 67"
412,PARQUE BURNIER.,10072384,15:50:00,6,0,0,3,2025-01-21T00:00:00.000Z,-43.327999480000,-21.763301540000,"Rua José Teodoro dos Santos, 126"
412,PARQUE BURNIER.,10072335,15:50:00,12,1,0,4,2025-01-21T00:00:00.000Z,-43.333453420000,-21.761562350000,"Rua Olga Burnier, 233"
412,PARQUE BURNIER.,10072380,15:50:00,10,0,0,3,2025-01-21T00:00:00.000Z,-43.331466790000,-21.763337580000,"Rua Olga Burnier, 485"
412,PARQUE BURNIER.,10073583,15:50:00,9,0,0,3,2025-01-21T00:00:00.000Z,-43.330207820000,-21.763072230000,"Rua Adelaide Campos de Resende, 1070"
412,PARQUE BURNIER.,10073584,15:50:00,8,0,0,3,2025-01-21T00:00:00.000Z,-43.329363350000,-21.763255450000,"Rua Adelaide Campos de Resende, 984"
412,PARQUE BURNIER.,10072386,15:50:00,7,0,0,3,2025-01-21T00:00:00.000Z,-43.328850270000,-21.762325320000,"Rua José Teodoro dos Santos, 292"
412,PARQUE BURNIER.,10072309,15:50:00,5,2,0,3,2025-01-21T00:00:00.000Z,-43.327273730000,-21.763967940000,"Rua José Teodoro dos Santos, 28"
412,PARQUE BURNIER.,10073552,16:10:00,3,0,1,15,2025-01-21T00:00:00.000Z,-43.335479020000,-21.760313550000,"Rua São Geraldo, 84"
412,PARQUE BURNIER.,10072305,16:10:00,2,4,1,16,2025-01-21T00:00:00.000Z,-43.337478970000,-21.760922950000,"Rua Djalma de Carvalho, 37"
412,PARQUE BURNIER.,10072358,16:10:00,18,0,0,10,2025-01-21T00:00:00.000Z,-43.328687310000,-21.761675740000,"Rua Natalino José de Paula, 112 - Ponto Final do Parque Burnier"
412,PARQUE BURNIER.,10071108,16:10:00,1,13,0,13,2025-01-21T00:00:00.000Z,-43.349331860000,-21.758144610000,"Avenida Getúlio Vargas, 835"
412,PARQUE BURNIER.,10072356,16:10:00,17,2,0,10,2025-01-21T00:00:00.000Z,-43.327793950000,-21.762107030000,"Rua Natalino José de Paula, 271"
412,PARQUE BURNIER.,10072375,16:10:00,16,0,1,8,2025-01-21T00:00:00.000Z,-43.327420830000,-21.762727850000,"Rua Natalino José de Paula, 319"
412,PARQUE BURNIER.,10071503,16:10:00,15,1,1,9,2025-01-21T00:00:00.000Z,-43.326207040000,-21.762717810000,"Rua Natalino José de Paula, 421"
412,PARQUE BURNIER.,10072359,16:10:00,14,0,0,9,2025-01-21T00:00:00.000Z,-43.326282500000,-21.763143540000,"Rua Adelaide Campos de Resende, 651"
412,PARQUE BURNIER.,10072328,16:10:00,13,0,0,9,2025-01-21T00:00:00.000Z,-43.326450350000,-21.763683320000,"Rua Adelaide Campos de Resende, 669"
412,PARQUE BURNIER.,10072377,16:10:00,12,0,1,9,2025-01-21T00:00:00.000Z,-43.327321890000,-21.764062650000,"Rua José Teodoro dos Santos, 25"
412,PARQUE BURNIER.,10072313,16:10:00,10,0,2,10,2025-01-21T00:00:00.000Z,-43.328846690000,-21.762504770000,"Rua José Teodoro dos Santos, 275"
412,PARQUE BURNIER.,10072316,16:10:00,11,0,0,10,2025-01-21T00:00:00.000Z,-43.328204750000,-21.763332370000,"Rua José Teodoro dos Santos, 145"
412,PARQUE BURNIER.,10072296,16:10:00,9,0,2,12,2025-01-21T00:00:00.000Z,-43.329374790000,-21.763440430000,"Rua Adelaide Campos de Resende, 975"
412,PARQUE BURNIER.,10072301,16:10:00,8,0,1,14,2025-01-21T00:00:00.000Z,-43.330138330000,-21.763252970000,"Rua Adelaide Campos de Resende, 1061"
412,PARQUE BURNIER.,10073561,16:10:00,7,0,0,15,2025-01-21T00:00:00.000Z,-43.331552510000,-21.763418910000,"Rua Olga Burnier, 480"
412,PARQUE BURNIER.,10073557,16:10:00,6,0,0,15,2025-01-21T00:00:00.000Z,-43.332479840000,-21.762640710000,"Rua Olga Burnier, 356"
412,PARQUE BURNIER.,10073560,16:10:00,5,0,0,15,2025-01-21T00:00:00.000Z,-43.333589670000,-21.761652280000,"Rua Olga Burnier, 230"
412,PARQUE BURNIER.,10073558,16:10:00,4,0,0,15,2025-01-21T00:00:00.000Z,-43.334645750000,-21.760669710000,"Rua Olga Burnier, 70"
412,PARQUE BURNIER.,10073589,16:45:00,4,0,0,1,2025-01-21T00:00:00.000Z,-43.326568960000,-21.763629600000,"Rua Adelaide Campos de Resende, 706"
412,PARQUE BURNIER.,10072362,16:45:00,3,1,0,1,2025-01-21T00:00:00.000Z,-43.327527760000,-21.762798310000,"Rua Natalino José de Paula, 310"
412,PARQUE BURNIER.,10072309,16:45:00,5,3,0,4,2025-01-21T00:00:00.000Z,-43.327273730000,-21.763967940000,"Rua José Teodoro dos Santos, 28"
412,PARQUE BURNIER.,10072363,16:45:00,2,0,0,0,2025-01-21T00:00:00.000Z,-43.327885630000,-21.762179390000,"Rua Natalino José de Paula, 288"
412,PARQUE BURNIER.,10071108,16:45:00,17,0,12,13,2025-01-21T00:00:00.000Z,-43.349331860000,-21.758144610000,"Avenida Getúlio Vargas, 835"
412,PARQUE BURNIER.,10072358,16:45:00,1,0,0,0,2025-01-21T00:00:00.000Z,-43.328687310000,-21.761675740000,"Rua Natalino José de Paula, 112 - Ponto Final do Parque Burnier"
412,PARQUE BURNIER.,10074194,16:45:00,16,25,2,25,2025-01-21T00:00:00.000Z,-43.342338620000,-21.760505960000,"Rua Ângelo Falci, 55"
412,PARQUE BURNIER.,10072302,16:45:00,15,0,1,2,2025-01-21T00:00:00.000Z,-43.338029500000,-21.760323850000,"Avenida Sete de Setembro, 623"
412,PARQUE BURNIER.,10072332,16:45:00,14,0,0,3,2025-01-21T00:00:00.000Z,-43.335533860000,-21.760131640000,"Rua São Geraldo, 89"
412,PARQUE BURNIER.,10072337,16:45:00,13,0,0,3,2025-01-21T00:00:00.000Z,-43.334540130000,-21.760522960000,"Rua Olga Burnier, 67"
412,PARQUE BURNIER.,10072335,16:45:00,12,0,0,3,2025-01-21T00:00:00.000Z,-43.333453420000,-21.761562350000,"Rua Olga Burnier, 233"
412,PARQUE BURNIER.,10072382,16:45:00,11,0,0,3,2025-01-21T00:00:00.000Z,-43.332369450000,-21.762522520000,"Rua Olga Burnier, 361"
412,PARQUE BURNIER.,10072380,16:45:00,10,0,0,3,2025-01-21T00:00:00.000Z,-43.331466790000,-21.763337580000,"Rua Olga Burnier, 485"
412,PARQUE BURNIER.,10073584,16:45:00,8,0,2,3,2025-01-21T00:00:00.000Z,-43.329363350000,-21.763255450000,"Rua Adelaide Campos de Resende, 984"
412,PARQUE BURNIER.,10073583,16:45:00,9,0,0,3,2025-01-21T00:00:00.000Z,-43.330207820000,-21.763072230000,"Rua Adelaide Campos de Resende, 1070"
412,PARQUE BURNIER.,10072386,16:45:00,7,1,0,5,2025-01-21T00:00:00.000Z,-43.328850270000,-21.762325320000,"Rua José Teodoro dos Santos, 292"
412,PARQUE BURNIER.,10072384,16:45:00,6,0,0,4,2025-01-21T00:00:00.000Z,-43.327999480000,-21.763301540000,"Rua José Teodoro dos Santos, 126"
412,PARQUE BURNIER.,10072305,17:05:00,2,2,5,34,2025-01-21T00:00:00.000Z,-43.337478970000,-21.760922950000,"Rua Djalma de Carvalho, 37"
412,PARQUE BURNIER.,10071108,17:05:00,1,37,0,37,2025-01-21T00:00:00.000Z,-43.349331860000,-21.758144610000,"Avenida Getúlio Vargas, 835"
412,PARQUE BURNIER.,10072375,17:05:00,16,0,0,2,2025-01-21T00:00:00.000Z,-43.327420830000,-21.762727850000,"Rua Natalino José de Paula, 319"
412,PARQUE BURNIER.,10071503,17:05:00,15,2,7,2,2025-01-21T00:00:00.000Z,-43.326207040000,-21.762717810000,"Rua Natalino José de Paula, 421"
412,PARQUE BURNIER.,10072356,17:05:00,17,0,1,1,2025-01-21T00:00:00.000Z,-43.327793950000,-21.762107030000,"Rua Natalino José de Paula, 271"
412,PARQUE BURNIER.,10073558,17:05:00,4,0,1,32,2025-01-21T00:00:00.000Z,-43.334645750000,-21.760669710000,"Rua Olga Burnier, 70"
412,PARQUE BURNIER.,10073552,17:05:00,3,0,1,33,2025-01-21T00:00:00.000Z,-43.335479020000,-21.760313550000,"Rua São Geraldo, 84"
412,PARQUE BURNIER.,10072358,17:05:00,18,0,0,1,2025-01-21T00:00:00.000Z,-43.328687310000,-21.761675740000,"Rua Natalino José de Paula, 112 - Ponto Final do Parque Burnier"
412,PARQUE BURNIER.,10072359,17:05:00,14,0,9,7,2025-01-21T00:00:00.000Z,-43.326282500000,-21.763143540000,"Rua Adelaide Campos de Resende, 651"
412,PARQUE BURNIER.,10072328,17:05:00,13,0,9,16,2025-01-21T00:00:00.000Z,-43.326450350000,-21.763683320000,"Rua Adelaide Campos de Resende, 669"
412,PARQUE BURNIER.,10072377,17:05:00,12,0,2,25,2025-01-21T00:00:00.000Z,-43.327321890000,-21.764062650000,"Rua José Teodoro dos Santos, 25"
412,PARQUE BURNIER.,10072316,17:05:00,11,0,1,27,2025-01-21T00:00:00.000Z,-43.328204750000,-21.763332370000,"Rua José Teodoro dos Santos, 145"
412,PARQUE BURNIER.,10072313,17:05:00,10,1,3,28,2025-01-21T00:00:00.000Z,-43.328846690000,-21.762504770000,"Rua José Teodoro dos Santos, 275"
412,PARQUE BURNIER.,10072296,17:05:00,9,0,2,30,2025-01-21T00:00:00.000Z,-43.329374790000,-21.763440430000,"Rua Adelaide Campos de Resende, 975"
412,PARQUE BURNIER.,10073561,17:05:00,7,0,1,31,2025-01-21T00:00:00.000Z,-43.331552510000,-21.763418910000,"Rua Olga Burnier, 480"
412,PARQUE BURNIER.,10072301,17:05:00,8,2,1,32,2025-01-21T00:00:00.000Z,-43.330138330000,-21.763252970000,"Rua Adelaide Campos de Resende, 1061"
412,PARQUE BURNIER.,10073557,17:05:00,6,0,0,32,2025-01-21T00:00:00.000Z,-43.332479840000,-21.762640710000,"Rua Olga Burnier, 356"
412,PARQUE BURNIER.,10073560,17:05:00,5,0,0,32,2025-01-21T00:00:00.000Z,-43.333589670000,-21.761652280000,"Rua Olga Burnier, 230"
412,PARQUE BURNIER.,10072362,17:40:00,3,1,0,1,2025-01-21T00:00:00.000Z,-43.327527760000,-21.762798310000,"Rua Natalino José de Paula, 310"
412,PARQUE BURNIER.,10072363,17:40:00,2,0,0,0,2025-01-21T00:00:00.000Z,-43.327885630000,-21.762179390000,"Rua Natalino José de Paula, 288"
412,PARQUE BURNIER.,10072358,17:40:00,1,0,0,0,2025-01-21T00:00:00.000Z,-43.328687310000,-21.761675740000,"Rua Natalino José de Paula, 112 - Ponto Final do Parque Burnier"
412,PARQUE BURNIER.,10072332,17:40:00,14,0,0,4,2025-01-21T00:00:00.000Z,-43.335533860000,-21.760131640000,"Rua São Geraldo, 89"
412,PARQUE BURNIER.,10072337,17:40:00,13,0,0,4,2025-01-21T00:00:00.000Z,-43.334540130000,-21.760522960000,"Rua Olga Burnier, 67"
412,PARQUE BURNIER.,10071108,17:40:00,17,0,14,3,2025-01-21T00:00:00.000Z,-43.349331860000,-21.758144610000,"Avenida Getúlio Vargas, 835"
412,PARQUE BURNIER.,10072309,17:40:00,5,1,0,2,2025-01-21T00:00:00.000Z,-43.327273730000,-21.763967940000,"Rua José Teodoro dos Santos, 28"
412,PARQUE BURNIER.,10074194,17:40:00,16,12,0,17,2025-01-21T00:00:00.000Z,-43.342338620000,-21.760505960000,"Rua Ângelo Falci, 55"
412,PARQUE BURNIER.,10073589,17:40:00,4,0,0,1,2025-01-21T00:00:00.000Z,-43.326568960000,-21.763629600000,"Rua Adelaide Campos de Resende, 706"
412,PARQUE BURNIER.,10072302,17:40:00,15,2,1,5,2025-01-21T00:00:00.000Z,-43.338029500000,-21.760323850000,"Avenida Sete de Setembro, 623"
412,PARQUE BURNIER.,10072335,17:40:00,12,0,0,4,2025-01-21T00:00:00.000Z,-43.333453420000,-21.761562350000,"Rua Olga Burnier, 233"
412,PARQUE BURNIER.,10072382,17:40:00,11,0,0,4,2025-01-21T00:00:00.000Z,-43.332369450000,-21.762522520000,"Rua Olga Burnier, 361"
412,PARQUE BURNIER.,10072380,17:40:00,10,0,0,4,2025-01-21T00:00:00.000Z,-43.331466790000,-21.763337580000,"Rua Olga Burnier, 485"
412,PARQUE BURNIER.,10073583,17:40:00,9,0,0,4,2025-01-21T00:00:00.000Z,-43.330207820000,-21.763072230000,"Rua Adelaide Campos de Resende, 1070"
412,PARQUE BURNIER.,10072386,17:40:00,7,1,0,3,2025-01-21T00:00:00.000Z,-43.328850270000,-21.762325320000,"Rua José Teodoro dos Santos, 292"
412,PARQUE BURNIER.,10073584,17:40:00,8,1,0,4,2025-01-21T00:00:00.000Z,-43.329363350000,-21.763255450000,"Rua Adelaide Campos de Resende, 984"
412,PARQUE BURNIER.,10072384,17:40:00,6,0,0,2,2025-01-21T00:00:00.000Z,-43.327999480000,-21.763301540000,"Rua José Teodoro dos Santos, 126"
412,PARQUE BURNIER.,10071108,18:00:00,1,10,0,10,2025-01-21T00:00:00.000Z,-43.349331860000,-21.758144610000,"Avenida Getúlio Vargas, 835"
412,PARQUE BURNIER.,10072305,18:00:00,2,3,1,12,2025-01-21T00:00:00.000Z,-43.337478970000,-21.760922950000,"Rua Djalma de Carvalho, 37"
412,PARQUE BURNIER.,10072359,18:00:00,14,0,0,6,2025-01-21T00:00:00.000Z,-43.326282500000,-21.763143540000,"Rua Adelaide Campos de Resende, 651"
412,PARQUE BURNIER.,10072328,18:00:00,13,0,0,6,2025-01-21T00:00:00.000Z,-43.326450350000,-21.763683320000,"Rua Adelaide Campos de Resende, 669"
412,PARQUE BURNIER.,10072377,18:00:00,12,0,1,6,2025-01-21T00:00:00.000Z,-43.327321890000,-21.764062650000,"Rua José Teodoro dos Santos, 25"
412,PARQUE BURNIER.,10072358,18:00:00,18,1,0,5,2025-01-21T00:00:00.000Z,-43.328687310000,-21.761675740000,"Rua Natalino José de Paula, 112 - Ponto Final do Parque Burnier"
412,PARQUE BURNIER.,10072356,18:00:00,17,1,1,4,2025-01-21T00:00:00.000Z,-43.327793950000,-21.762107030000,"Rua Natalino José de Paula, 271"
412,PARQUE BURNIER.,10072375,18:00:00,16,0,1,4,2025-01-21T00:00:00.000Z,-43.327420830000,-21.762727850000,"Rua Natalino José de Paula, 319"
412,PARQUE BURNIER.,10071503,18:00:00,15,0,1,5,2025-01-21T00:00:00.000Z,-43.326207040000,-21.762717810000,"Rua Natalino José de Paula, 421"
412,PARQUE BURNIER.,10072316,18:00:00,11,0,0,7,2025-01-21T00:00:00.000Z,-43.328204750000,-21.763332370000,"Rua José Teodoro dos Santos, 145"
412,PARQUE BURNIER.,10072313,18:00:00,10,0,2,7,2025-01-21T00:00:00.000Z,-43.328846690000,-21.762504770000,"Rua José Teodoro dos Santos, 275"
412,PARQUE BURNIER.,10072296,18:00:00,9,0,2,9,2025-01-21T00:00:00.000Z,-43.329374790000,-21.763440430000,"Rua Adelaide Campos de Resende, 975"
412,PARQUE BURNIER.,10072301,18:00:00,8,0,0,11,2025-01-21T00:00:00.000Z,-43.330138330000,-21.763252970000,"Rua Adelaide Campos de Resende, 1061"
412,PARQUE BURNIER.,10073561,18:00:00,7,0,0,11,2025-01-21T00:00:00.000Z,-43.331552510000,-21.763418910000,"Rua Olga Burnier, 480"
412,PARQUE BURNIER.,10073557,18:00:00,6,0,0,11,2025-01-21T00:00:00.000Z,-43.332479840000,-21.762640710000,"Rua Olga Burnier, 356"
412,PARQUE BURNIER.,10073560,18:00:00,5,0,0,11,2025-01-21T00:00:00.000Z,-43.333589670000,-21.761652280000,"Rua Olga Burnier, 230"
412,PARQUE BURNIER.,10073558,18:00:00,4,0,0,11,2025-01-21T00:00:00.000Z,-43.334645750000,-21.760669710000,"Rua Olga Burnier, 70"
412,PARQUE BURNIER.,10073552,18:00:00,3,0,1,11,2025-01-21T00:00:00.000Z,-43.335479020000,-21.760313550000,"Rua São Geraldo, 84"
412,PARQUE BURNIER.,10072363,18:35:00,2,1,0,1,2025-01-21T00:00:00.000Z,-43.327885630000,-21.762179390000,"Rua Natalino José de Paula, 288"
412,PARQUE BURNIER.,10072358,18:35:00,1,0,0,0,2025-01-21T00:00:00.000Z,-43.328687310000,-21.761675740000,"Rua Natalino José de Paula, 112 - Ponto Final do Parque Burnier"
412,PARQUE BURNIER.,10072362,18:35:00,3,0,0,1,2025-01-21T00:00:00.000Z,-43.327527760000,-21.762798310000,"Rua Natalino José de Paula, 310"
412,PARQUE BURNIER.,10072380,18:35:00,10,0,0,5,2025-01-21T00:00:00.000Z,-43.331466790000,-21.763337580000,"Rua Olga Burnier, 485"
412,PARQUE BURNIER.,10072309,18:35:00,5,0,0,2,2025-01-21T00:00:00.000Z,-43.327273730000,-21.763967940000,"Rua José Teodoro dos Santos, 28"
412,PARQUE BURNIER.,10073589,18:35:00,4,1,0,2,2025-01-21T00:00:00.000Z,-43.326568960000,-21.763629600000,"Rua Adelaide Campos de Resende, 706"
412,PARQUE BURNIER.,10071108,18:35:00,17,0,12,12,2025-01-21T00:00:00.000Z,-43.349331860000,-21.758144610000,"Avenida Getúlio Vargas, 835"
412,PARQUE BURNIER.,10074194,18:35:00,16,16,1,24,2025-01-21T00:00:00.000Z,-43.342338620000,-21.760505960000,"Rua Ângelo Falci, 55"
412,PARQUE BURNIER.,10072302,18:35:00,15,3,0,9,2025-01-21T00:00:00.000Z,-43.338029500000,-21.760323850000,"Avenida Sete de Setembro, 623"
412,PARQUE BURNIER.,10072332,18:35:00,14,0,0,6,2025-01-21T00:00:00.000Z,-43.335533860000,-21.760131640000,"Rua São Geraldo, 89"
412,PARQUE BURNIER.,10072337,18:35:00,13,1,0,6,2025-01-21T00:00:00.000Z,-43.334540130000,-21.760522960000,"Rua Olga Burnier, 67"
412,PARQUE BURNIER.,10072382,18:35:00,11,0,0,5,2025-01-21T00:00:00.000Z,-43.332369450000,-21.762522520000,"Rua Olga Burnier, 361"
412,PARQUE BURNIER.,10072335,18:35:00,12,0,0,5,2025-01-21T00:00:00.000Z,-43.333453420000,-21.761562350000,"Rua Olga Burnier, 233"
412,PARQUE BURNIER.,10073583,18:35:00,9,1,0,5,2025-01-21T00:00:00.000Z,-43.330207820000,-21.763072230000,"Rua Adelaide Campos de Resende, 1070"
412,PARQUE BURNIER.,10073584,18:35:00,8,1,2,4,2025-01-21T00:00:00.000Z,-43.329363350000,-21.763255450000,"Rua Adelaide Campos de Resende, 984"
412,PARQUE BURNIER.,10072386,18:35:00,7,3,0,5,2025-01-21T00:00:00.000Z,-43.328850270000,-21.762325320000,"Rua José Teodoro dos Santos, 292"
412,PARQUE BURNIER.,10072384,18:35:00,6,0,0,2,2025-01-21T00:00:00.000Z,-43.327999480000,-21.763301540000,"Rua José Teodoro dos Santos, 126"
412,PARQUE BURNIER.,10073558,19:50:00,4,0,0,11,2025-01-21T00:00:00.000Z,-43.334645750000,-21.760669710000,"Rua Olga Burnier, 70"
412,PARQUE BURNIER.,10073552,19:50:00,3,0,0,11,2025-01-21T00:00:00.000Z,-43.335479020000,-21.760313550000,"Rua São Geraldo, 84"
412,PARQUE BURNIER.,10072296,19:50:00,9,0,1,10,2025-01-21T00:00:00.000Z,-43.329374790000,-21.763440430000,"Rua Adelaide Campos de Resende, 975"
412,PARQUE BURNIER.,10072305,19:50:00,2,0,2,11,2025-01-21T00:00:00.000Z,-43.337478970000,-21.760922950000,"Rua Djalma de Carvalho, 37"
412,PARQUE BURNIER.,10072358,19:50:00,18,2,1,11,2025-01-21T00:00:00.000Z,-43.328687310000,-21.761675740000,"Rua Natalino José de Paula, 112 - Ponto Final do Parque Burnier"
412,PARQUE BURNIER.,10072356,19:50:00,17,2,0,10,2025-01-21T00:00:00.000Z,-43.327793950000,-21.762107030000,"Rua Natalino José de Paula, 271"
412,PARQUE BURNIER.,10071108,19:50:00,1,13,0,13,2025-01-21T00:00:00.000Z,-43.349331860000,-21.758144610000,"Avenida Getúlio Vargas, 835"
412,PARQUE BURNIER.,10072313,19:50:00,10,0,1,9,2025-01-21T00:00:00.000Z,-43.328846690000,-21.762504770000,"Rua José Teodoro dos Santos, 275"
412,PARQUE BURNIER.,10072375,19:50:00,16,0,1,8,2025-01-21T00:00:00.000Z,-43.327420830000,-21.762727850000,"Rua Natalino José de Paula, 319"
412,PARQUE BURNIER.,10071503,19:50:00,15,1,0,9,2025-01-21T00:00:00.000Z,-43.326207040000,-21.762717810000,"Rua Natalino José de Paula, 421"
412,PARQUE BURNIER.,10072359,19:50:00,14,0,0,8,2025-01-21T00:00:00.000Z,-43.326282500000,-21.763143540000,"Rua Adelaide Campos de Resende, 651"
412,PARQUE BURNIER.,10072328,19:50:00,13,0,0,8,2025-01-21T00:00:00.000Z,-43.326450350000,-21.763683320000,"Rua Adelaide Campos de Resende, 669"
412,PARQUE BURNIER.,10072316,19:50:00,11,0,0,9,2025-01-21T00:00:00.000Z,-43.328204750000,-21.763332370000,"Rua José Teodoro dos Santos, 145"
412,PARQUE BURNIER.,10072377,19:50:00,12,0,1,8,2025-01-21T00:00:00.000Z,-43.327321890000,-21.764062650000,"Rua José Teodoro dos Santos, 25"
412,PARQUE BURNIER.,10072301,19:50:00,8,0,0,11,2025-01-21T00:00:00.000Z,-43.330138330000,-21.763252970000,"Rua Adelaide Campos de Resende, 1061"
412,PARQUE BURNIER.,10073561,19:50:00,7,0,0,11,2025-01-21T00:00:00.000Z,-43.331552510000,-21.763418910000,"Rua Olga Burnier, 480"
412,PARQUE BURNIER.,10073557,19:50:00,6,0,0,11,2025-01-21T00:00:00.000Z,-43.332479840000,-21.762640710000,"Rua Olga Burnier, 356"
412,PARQUE BURNIER.,10073560,19:50:00,5,0,0,11,2025-01-21T00:00:00.000Z,-43.333589670000,-21.761652280000,"Rua Olga Burnier, 230"
412,PARQUE BURNIER.,10073561,20:45:00,7,0,0,12,2025-01-21T00:00:00.000Z,-43.331552510000,-21.763418910000,"Rua Olga Burnier, 480"
412,PARQUE BURNIER.,10073560,20:45:00,5,0,0,12,2025-01-21T00:00:00.000Z,-43.333589670000,-21.761652280000,"Rua Olga Burnier, 230"
412,PARQUE BURNIER.,10071503,20:45:00,15,0,1,9,2025-01-21T00:00:00.000Z,-43.326207040000,-21.762717810000,"Rua Natalino José de Paula, 421"
412,PARQUE BURNIER.,10073558,20:45:00,4,0,0,12,2025-01-21T00:00:00.000Z,-43.334645750000,-21.760669710000,"Rua Olga Burnier, 70"
412,PARQUE BURNIER.,10072358,20:45:00,18,0,0,8,2025-01-21T00:00:00.000Z,-43.328687310000,-21.761675740000,"Rua Natalino José de Paula, 112 - Ponto Final do Parque Burnier"
412,PARQUE BURNIER.,10072356,20:45:00,17,0,1,8,2025-01-21T00:00:00.000Z,-43.327793950000,-21.762107030000,"Rua Natalino José de Paula, 271"
412,PARQUE BURNIER.,10073552,20:45:00,3,0,1,12,2025-01-21T00:00:00.000Z,-43.335479020000,-21.760313550000,"Rua São Geraldo, 84"
412,PARQUE BURNIER.,10072375,20:45:00,16,1,1,9,2025-01-21T00:00:00.000Z,-43.327420830000,-21.762727850000,"Rua Natalino José de Paula, 319"
412,PARQUE BURNIER.,10072359,20:45:00,14,0,0,10,2025-01-21T00:00:00.000Z,-43.326282500000,-21.763143540000,"Rua Adelaide Campos de Resende, 651"
412,PARQUE BURNIER.,10072328,20:45:00,13,0,0,10,2025-01-21T00:00:00.000Z,-43.326450350000,-21.763683320000,"Rua Adelaide Campos de Resende, 669"
412,PARQUE BURNIER.,10072377,20:45:00,12,0,1,10,2025-01-21T00:00:00.000Z,-43.327321890000,-21.764062650000,"Rua José Teodoro dos Santos, 25"
412,PARQUE BURNIER.,10072316,20:45:00,11,0,0,11,2025-01-21T00:00:00.000Z,-43.328204750000,-21.763332370000,"Rua José Teodoro dos Santos, 145"
412,PARQUE BURNIER.,10072313,20:45:00,10,1,1,11,2025-01-21T00:00:00.000Z,-43.328846690000,-21.762504770000,"Rua José Teodoro dos Santos, 275"
412,PARQUE BURNIER.,10072301,20:45:00,8,0,0,12,2025-01-21T00:00:00.000Z,-43.330138330000,-21.763252970000,"Rua Adelaide Campos de Resende, 1061"
412,PARQUE BURNIER.,10072305,20:45:00,2,1,2,13,2025-01-21T00:00:00.000Z,-43.337478970000,-21.760922950000,"Rua Djalma de Carvalho, 37"
412,PARQUE BURNIER.,10072296,20:45:00,9,0,1,11,2025-01-21T00:00:00.000Z,-43.329374790000,-21.763440430000,"Rua Adelaide Campos de Resende, 975"
412,PARQUE BURNIER.,10073557,20:45:00,6,0,0,12,2025-01-21T00:00:00.000Z,-43.332479840000,-21.762640710000,"Rua Olga Burnier, 356"
412,PARQUE BURNIER.,10071108,20:45:00,1,14,0,14,2025-01-21T00:00:00.000Z,-43.349331860000,-21.758144610000,"Avenida Getúlio Vargas, 835"
412,PARQUE BURNIER.,10071108,21:40:00,1,11,0,11,2025-01-21T00:00:00.000Z,-43.349331860000,-21.758144610000,"Avenida Getúlio Vargas, 835"
412,PARQUE BURNIER.,10073552,21:40:00,3,0,0,12,2025-01-21T00:00:00.000Z,-43.335479020000,-21.760313550000,"Rua São Geraldo, 84"
412,PARQUE BURNIER.,10072305,21:40:00,2,2,1,12,2025-01-21T00:00:00.000Z,-43.337478970000,-21.760922950000,"Rua Djalma de Carvalho, 37"
412,PARQUE BURNIER.,10072356,21:40:00,17,0,0,6,2025-01-21T00:00:00.000Z,-43.327793950000,-21.762107030000,"Rua Natalino José de Paula, 271"
412,PARQUE BURNIER.,10072328,21:40:00,13,0,1,7,2025-01-21T00:00:00.000Z,-43.326450350000,-21.763683320000,"Rua Adelaide Campos de Resende, 669"
412,PARQUE BURNIER.,10072358,21:40:00,18,0,0,6,2025-01-21T00:00:00.000Z,-43.328687310000,-21.761675740000,"Rua Natalino José de Paula, 112 - Ponto Final do Parque Burnier"
412,PARQUE BURNIER.,10073561,21:40:00,7,0,0,11,2025-01-21T00:00:00.000Z,-43.331552510000,-21.763418910000,"Rua Olga Burnier, 480"
412,PARQUE BURNIER.,10072375,21:40:00,16,0,0,6,2025-01-21T00:00:00.000Z,-43.327420830000,-21.762727850000,"Rua Natalino José de Paula, 319"
412,PARQUE BURNIER.,10071503,21:40:00,15,0,0,6,2025-01-21T00:00:00.000Z,-43.326207040000,-21.762717810000,"Rua Natalino José de Paula, 421"
412,PARQUE BURNIER.,10073557,21:40:00,6,0,0,11,2025-01-21T00:00:00.000Z,-43.332479840000,-21.762640710000,"Rua Olga Burnier, 356"
412,PARQUE BURNIER.,10072359,21:40:00,14,0,1,6,2025-01-21T00:00:00.000Z,-43.326282500000,-21.763143540000,"Rua Adelaide Campos de Resende, 651"
412,PARQUE BURNIER.,10072377,21:40:00,12,0,2,8,2025-01-21T00:00:00.000Z,-43.327321890000,-21.764062650000,"Rua José Teodoro dos Santos, 25"
412,PARQUE BURNIER.,10072316,21:40:00,11,0,0,10,2025-01-21T00:00:00.000Z,-43.328204750000,-21.763332370000,"Rua José Teodoro dos Santos, 145"
412,PARQUE BURNIER.,10072313,21:40:00,10,0,0,10,2025-01-21T00:00:00.000Z,-43.328846690000,-21.762504770000,"Rua José Teodoro dos Santos, 275"
412,PARQUE BURNIER.,10072296,21:40:00,9,0,1,10,2025-01-21T00:00:00.000Z,-43.329374790000,-21.763440430000,"Rua Adelaide Campos de Resende, 975"
412,PARQUE BURNIER.,10072301,21:40:00,8,0,0,11,2025-01-21T00:00:00.000Z,-43.330138330000,-21.763252970000,"Rua Adelaide Campos de Resende, 1061"
412,PARQUE BURNIER.,10073560,21:40:00,5,0,1,11,2025-01-21T00:00:00.000Z,-43.333589670000,-21.761652280000,"Rua Olga Burnier, 230"
412,PARQUE BURNIER.,10073558,21:40:00,4,0,0,12,2025-01-21T00:00:00.000Z,-43.334645750000,-21.760669710000,"Rua Olga Burnier, 70"
412,PARQUE BURNIER.,10072358,22:10:00,1,0,0,0,2025-01-21T00:00:00.000Z,-43.328687310000,-21.761675740000,"Rua Natalino José de Paula, 112 - Ponto Final do Parque Burnier"
412,PARQUE BURNIER.,10072363,22:10:00,2,0,0,0,2025-01-21T00:00:00.000Z,-43.327885630000,-21.762179390000,"Rua Natalino José de Paula, 288"
412,PARQUE BURNIER.,10072362,22:10:00,3,0,0,0,2025-01-21T00:00:00.000Z,-43.327527760000,-21.762798310000,"Rua Natalino José de Paula, 310"
412,PARQUE BURNIER.,10071108,22:10:00,17,0,6,0,2025-01-21T00:00:00.000Z,-43.349331860000,-21.758144610000,"Avenida Getúlio Vargas, 835"
412,PARQUE BURNIER.,10072302,22:10:00,15,0,0,1,2025-01-21T00:00:00.000Z,-43.338029500000,-21.760323850000,"Avenida Sete de Setembro, 623"
412,PARQUE BURNIER.,10074194,22:10:00,16,5,0,6,2025-01-21T00:00:00.000Z,-43.342338620000,-21.760505960000,"Rua Ângelo Falci, 55"
412,PARQUE BURNIER.,10072382,22:10:00,11,0,0,1,2025-01-21T00:00:00.000Z,-43.332369450000,-21.762522520000,"Rua Olga Burnier, 361"
412,PARQUE BURNIER.,10072332,22:10:00,14,0,0,1,2025-01-21T00:00:00.000Z,-43.335533860000,-21.760131640000,"Rua São Geraldo, 89"
412,PARQUE BURNIER.,10072337,22:10:00,13,0,0,1,2025-01-21T00:00:00.000Z,-43.334540130000,-21.760522960000,"Rua Olga Burnier, 67"
412,PARQUE BURNIER.,10072384,22:10:00,6,0,0,1,2025-01-21T00:00:00.000Z,-43.327999480000,-21.763301540000,"Rua José Teodoro dos Santos, 126"
412,PARQUE BURNIER.,10072335,22:10:00,12,0,0,1,2025-01-21T00:00:00.000Z,-43.333453420000,-21.761562350000,"Rua Olga Burnier, 233"
412,PARQUE BURNIER.,10072380,22:10:00,10,0,0,1,2025-01-21T00:00:00.000Z,-43.331466790000,-21.763337580000,"Rua Olga Burnier, 485"
412,PARQUE BURNIER.,10073583,22:10:00,9,0,0,1,2025-01-21T00:00:00.000Z,-43.330207820000,-21.763072230000,"Rua Adelaide Campos de Resende, 1070"
412,PARQUE BURNIER.,10073584,22:10:00,8,0,0,1,2025-01-21T00:00:00.000Z,-43.329363350000,-21.763255450000,"Rua Adelaide Campos de Resende, 984"
412,PARQUE BURNIER.,10072386,22:10:00,7,0,0,1,2025-01-21T00:00:00.000Z,-43.328850270000,-21.762325320000,"Rua José Teodoro dos Santos, 292"
412,PARQUE BURNIER.,10072309,22:10:00,5,0,0,1,2025-01-21T00:00:00.000Z,-43.327273730000,-21.763967940000,"Rua José Teodoro dos Santos, 28"
412,PARQUE BURNIER.,10073589,22:10:00,4,1,0,1,2025-01-21T00:00:00.000Z,-43.326568960000,-21.763629600000,"Rua Adelaide Campos de Resende, 706"
412,PARQUE BURNIER.,10073552,22:30:00,3,0,0,7,2025-01-21T00:00:00.000Z,-43.335479020000,-21.760313550000,"Rua São Geraldo, 84"
412,PARQUE BURNIER.,10072305,22:30:00,2,0,0,7,2025-01-21T00:00:00.000Z,-43.337478970000,-21.760922950000,"Rua Djalma de Carvalho, 37"
412,PARQUE BURNIER.,10073558,22:30:00,4,0,0,7,2025-01-21T00:00:00.000Z,-43.334645750000,-21.760669710000,"Rua Olga Burnier, 70"
412,PARQUE BURNIER.,10071108,22:30:00,1,7,0,7,2025-01-21T00:00:00.000Z,-43.349331860000,-21.758144610000,"Avenida Getúlio Vargas, 835"
412,PARQUE BURNIER.,10072358,22:30:00,18,0,0,4,2025-01-21T00:00:00.000Z,-43.328687310000,-21.761675740000,"Rua Natalino José de Paula, 112 - Ponto Final do Parque Burnier"
412,PARQUE BURNIER.,10073560,22:30:00,5,0,0,7,2025-01-21T00:00:00.000Z,-43.333589670000,-21.761652280000,"Rua Olga Burnier, 230"
412,PARQUE BURNIER.,10072356,22:30:00,17,0,0,4,2025-01-21T00:00:00.000Z,-43.327793950000,-21.762107030000,"Rua Natalino José de Paula, 271"
412,PARQUE BURNIER.,10072375,22:30:00,16,0,0,4,2025-01-21T00:00:00.000Z,-43.327420830000,-21.762727850000,"Rua Natalino José de Paula, 319"
412,PARQUE BURNIER.,10071503,22:30:00,15,0,1,4,2025-01-21T00:00:00.000Z,-43.326207040000,-21.762717810000,"Rua Natalino José de Paula, 421"
412,PARQUE BURNIER.,10072359,22:30:00,14,0,1,5,2025-01-21T00:00:00.000Z,-43.326282500000,-21.763143540000,"Rua Adelaide Campos de Resende, 651"
412,PARQUE BURNIER.,10072328,22:30:00,13,0,1,6,2025-01-21T00:00:00.000Z,-43.326450350000,-21.763683320000,"Rua Adelaide Campos de Resende, 669"
412,PARQUE BURNIER.,10072377,22:30:00,12,0,0,7,2025-01-21T00:00:00.000Z,-43.327321890000,-21.764062650000,"Rua José Teodoro dos Santos, 25"
412,PARQUE BURNIER.,10072313,22:30:00,10,0,0,7,2025-01-21T00:00:00.000Z,-43.328846690000,-21.762504770000,"Rua José Teodoro dos Santos, 275"
412,PARQUE BURNIER.,10072316,22:30:00,11,0,0,7,2025-01-21T00:00:00.000Z,-43.328204750000,-21.763332370000,"Rua José Teodoro dos Santos, 145"
412,PARQUE BURNIER.,10072296,22:30:00,9,0,0,7,2025-01-21T00:00:00.000Z,-43.329374790000,-21.763440430000,"Rua Adelaide Campos de Resende, 975"
412,PARQUE BURNIER.,10072301,22:30:00,8,0,0,7,2025-01-21T00:00:00.000Z,-43.330138330000,-21.763252970000,"Rua Adelaide Campos de Resende, 1061"
412,PARQUE BURNIER.,10073561,22:30:00,7,0,0,7,2025-01-21T00:00:00.000Z,-43.331552510000,-21.763418910000,"Rua Olga Burnier, 480"
412,PARQUE BURNIER.,10073557,22:30:00,6,0,0,7,2025-01-21T00:00:00.000Z,-43.332479840000,-21.762640710000,"Rua Olga Burnier, 356"
412,PARQUE BURNIER.,10071108,05:30:00,17,0,6,3,2025-01-22T00:00:00.000Z,-43.349331860000,-21.758144610000,"Avenida Getúlio Vargas, 835"
412,PARQUE BURNIER.,10074194,05:30:00,16,1,6,9,2025-01-22T00:00:00.000Z,-43.342338620000,-21.760505960000,"Rua Ângelo Falci, 55"
412,PARQUE BURNIER.,10072358,05:30:00,1,0,0,0,2025-01-22T00:00:00.000Z,-43.328687310000,-21.761675740000,"Rua Natalino José de Paula, 112 - Ponto Final do Parque Burnier"
412,PARQUE BURNIER.,10072302,05:30:00,15,0,0,14,2025-01-22T00:00:00.000Z,-43.338029500000,-21.760323850000,"Avenida Sete de Setembro, 623"
412,PARQUE BURNIER.,10072332,05:30:00,14,1,0,14,2025-01-22T00:00:00.000Z,-43.335533860000,-21.760131640000,"Rua São Geraldo, 89"
412,PARQUE BURNIER.,10072337,05:30:00,13,0,1,13,2025-01-22T00:00:00.000Z,-43.334540130000,-21.760522960000,"Rua Olga Burnier, 67"
412,PARQUE BURNIER.,10072335,05:30:00,12,0,0,14,2025-01-22T00:00:00.000Z,-43.333453420000,-21.761562350000,"Rua Olga Burnier, 233"
412,PARQUE BURNIER.,10072382,05:30:00,11,0,0,14,2025-01-22T00:00:00.000Z,-43.332369450000,-21.762522520000,"Rua Olga Burnier, 361"
412,PARQUE BURNIER.,10072380,05:30:00,10,1,0,14,2025-01-22T00:00:00.000Z,-43.331466790000,-21.763337580000,"Rua Olga Burnier, 485"
412,PARQUE BURNIER.,10073584,05:30:00,8,3,0,13,2025-01-22T00:00:00.000Z,-43.329363350000,-21.763255450000,"Rua Adelaide Campos de Resende, 984"
412,PARQUE BURNIER.,10073583,05:30:00,9,0,0,13,2025-01-22T00:00:00.000Z,-43.330207820000,-21.763072230000,"Rua Adelaide Campos de Resende, 1070"
412,PARQUE BURNIER.,10072386,05:30:00,7,0,0,10,2025-01-22T00:00:00.000Z,-43.328850270000,-21.762325320000,"Rua José Teodoro dos Santos, 292"
412,PARQUE BURNIER.,10072384,05:30:00,6,1,0,10,2025-01-22T00:00:00.000Z,-43.327999480000,-21.763301540000,"Rua José Teodoro dos Santos, 126"
412,PARQUE BURNIER.,10072309,05:30:00,5,1,0,9,2025-01-22T00:00:00.000Z,-43.327273730000,-21.763967940000,"Rua José Teodoro dos Santos, 28"
412,PARQUE BURNIER.,10073589,05:30:00,4,5,0,8,2025-01-22T00:00:00.000Z,-43.326568960000,-21.763629600000,"Rua Adelaide Campos de Resende, 706"
412,PARQUE BURNIER.,10072362,05:30:00,3,2,0,3,2025-01-22T00:00:00.000Z,-43.327527760000,-21.762798310000,"Rua Natalino José de Paula, 310"
412,PARQUE BURNIER.,10072363,05:30:00,2,1,0,1,2025-01-22T00:00:00.000Z,-43.327885630000,-21.762179390000,"Rua Natalino José de Paula, 288"
412,PARQUE BURNIER.,10072305,05:51:00,2,0,0,11,2025-01-22T00:00:00.000Z,-43.337478970000,-21.760922950000,"Rua Djalma de Carvalho, 37"
412,PARQUE BURNIER.,10071108,05:51:00,1,11,0,11,2025-01-22T00:00:00.000Z,-43.349331860000,-21.758144610000,"Avenida Getúlio Vargas, 835"
412,PARQUE BURNIER.,10071503,05:51:00,15,0,0,0,2025-01-22T00:00:00.000Z,-43.326207040000,-21.762717810000,"Rua Natalino José de Paula, 421"
412,PARQUE BURNIER.,10073560,05:51:00,5,0,2,6,2025-01-22T00:00:00.000Z,-43.333589670000,-21.761652280000,"Rua Olga Burnier, 230"
412,PARQUE BURNIER.,10072375,05:51:00,16,0,0,0,2025-01-22T00:00:00.000Z,-43.327420830000,-21.762727850000,"Rua Natalino José de Paula, 319"
412,PARQUE BURNIER.,10073558,05:51:00,4,0,3,8,2025-01-22T00:00:00.000Z,-43.334645750000,-21.760669710000,"Rua Olga Burnier, 70"
412,PARQUE BURNIER.,10072358,05:51:00,18,16,0,16,2025-01-22T00:00:00.000Z,-43.328687310000,-21.761675740000,"Rua Natalino José de Paula, 112 - Ponto Final do Parque Burnier"
412,PARQUE BURNIER.,10073552,05:51:00,3,0,0,11,2025-01-22T00:00:00.000Z,-43.335479020000,-21.760313550000,"Rua São Geraldo, 84"
412,PARQUE BURNIER.,10072356,05:51:00,17,0,0,0,2025-01-22T00:00:00.000Z,-43.327793950000,-21.762107030000,"Rua Natalino José de Paula, 271"
412,PARQUE BURNIER.,10072359,05:51:00,14,0,0,0,2025-01-22T00:00:00.000Z,-43.326282500000,-21.763143540000,"Rua Adelaide Campos de Resende, 651"
412,PARQUE BURNIER.,10072328,05:51:00,13,0,0,0,2025-01-22T00:00:00.000Z,-43.326450350000,-21.763683320000,"Rua Adelaide Campos de Resende, 669"
412,PARQUE BURNIER.,10072377,05:51:00,12,0,1,0,2025-01-22T00:00:00.000Z,-43.327321890000,-21.764062650000,"Rua José Teodoro dos Santos, 25"
412,PARQUE BURNIER.,10072316,05:51:00,11,0,0,1,2025-01-22T00:00:00.000Z,-43.328204750000,-21.763332370000,"Rua José Teodoro dos Santos, 145"
412,PARQUE BURNIER.,10072313,05:51:00,10,0,2,1,2025-01-22T00:00:00.000Z,-43.328846690000,-21.762504770000,"Rua José Teodoro dos Santos, 275"
412,PARQUE BURNIER.,10072296,05:51:00,9,0,2,3,2025-01-22T00:00:00.000Z,-43.329374790000,-21.763440430000,"Rua Adelaide Campos de Resende, 975"
412,PARQUE BURNIER.,10073561,05:51:00,7,0,0,5,2025-01-22T00:00:00.000Z,-43.331552510000,-21.763418910000,"Rua Olga Burnier, 480"
412,PARQUE BURNIER.,10072301,05:51:00,8,0,0,5,2025-01-22T00:00:00.000Z,-43.330138330000,-21.763252970000,"Rua Adelaide Campos de Resende, 1061"
412,PARQUE BURNIER.,10073557,05:51:00,6,0,1,5,2025-01-22T00:00:00.000Z,-43.332479840000,-21.762640710000,"Rua Olga Burnier, 356"
412,PARQUE BURNIER.,10072362,06:17:00,3,1,0,4,2025-01-22T00:00:00.000Z,-43.327527760000,-21.762798310000,"Rua Natalino José de Paula, 310"
412,PARQUE BURNIER.,10072363,06:17:00,2,3,0,3,2025-01-22T00:00:00.000Z,-43.327885630000,-21.762179390000,"Rua Natalino José de Paula, 288"
412,PARQUE BURNIER.,10072358,06:17:00,1,0,0,0,2025-01-22T00:00:00.000Z,-43.328687310000,-21.761675740000,"Rua Natalino José de Paula, 112 - Ponto Final do Parque Burnier"
412,PARQUE BURNIER.,10072302,06:17:00,15,1,1,21,2025-01-22T00:00:00.000Z,-43.338029500000,-21.760323850000,"Avenida Sete de Setembro, 623"
412,PARQUE BURNIER.,10072332,06:17:00,14,0,0,21,2025-01-22T00:00:00.000Z,-43.335533860000,-21.760131640000,"Rua São Geraldo, 89"
412,PARQUE BURNIER.,10071108,06:17:00,17,0,10,4,2025-01-22T00:00:00.000Z,-43.349331860000,-21.758144610000,"Avenida Getúlio Vargas, 835"
412,PARQUE BURNIER.,10072337,06:17:00,13,0,0,21,2025-01-22T00:00:00.000Z,-43.334540130000,-21.760522960000,"Rua Olga Burnier, 67"
412,PARQUE BURNIER.,10073589,06:17:00,4,6,0,10,2025-01-22T00:00:00.000Z,-43.326568960000,-21.763629600000,"Rua Adelaide Campos de Resende, 706"
412,PARQUE BURNIER.,10074194,06:17:00,16,0,7,14,2025-01-22T00:00:00.000Z,-43.342338620000,-21.760505960000,"Rua Ângelo Falci, 55"
412,PARQUE BURNIER.,10072335,06:17:00,12,1,0,21,2025-01-22T00:00:00.000Z,-43.333453420000,-21.761562350000,"Rua Olga Burnier, 233"
412,PARQUE BURNIER.,10072382,06:17:00,11,0,0,20,2025-01-22T00:00:00.000Z,-43.332369450000,-21.762522520000,"Rua Olga Burnier, 361"
412,PARQUE BURNIER.,10072380,06:17:00,10,0,1,20,2025-01-22T00:00:00.000Z,-43.331466790000,-21.763337580000,"Rua Olga Burnier, 485"
412,PARQUE BURNIER.,10073583,06:17:00,9,1,0,21,2025-01-22T00:00:00.000Z,-43.330207820000,-21.763072230000,"Rua Adelaide Campos de Resende, 1070"
412,PARQUE BURNIER.,10072386,06:17:00,7,2,0,16,2025-01-22T00:00:00.000Z,-43.328850270000,-21.762325320000,"Rua José Teodoro dos Santos, 292"
412,PARQUE BURNIER.,10073584,06:17:00,8,4,0,20,2025-01-22T00:00:00.000Z,-43.329363350000,-21.763255450000,"Rua Adelaide Campos de Resende, 984"
412,PARQUE BURNIER.,10072384,06:17:00,6,2,0,14,2025-01-22T00:00:00.000Z,-43.327999480000,-21.763301540000,"Rua José Teodoro dos Santos, 126"
412,PARQUE BURNIER.,10072309,06:17:00,5,2,0,12,2025-01-22T00:00:00.000Z,-43.327273730000,-21.763967940000,"Rua José Teodoro dos Santos, 28"
412,PARQUE BURNIER.,10071108,06:38:00,1,3,0,3,2025-01-22T00:00:00.000Z,-43.349331860000,-21.758144610000,"Avenida Getúlio Vargas, 835"
412,PARQUE BURNIER.,10072305,06:38:00,2,0,2,1,2025-01-22T00:00:00.000Z,-43.337478970000,-21.760922950000,"Rua Djalma de Carvalho, 37"
412,PARQUE BURNIER.,10073560,06:38:00,5,0,0,1,2025-01-22T00:00:00.000Z,-43.333589670000,-21.761652280000,"Rua Olga Burnier, 230"
412,PARQUE BURNIER.,10073558,06:38:00,4,0,0,1,2025-01-22T00:00:00.000Z,-43.334645750000,-21.760669710000,"Rua Olga Burnier, 70"
412,PARQUE BURNIER.,10073552,06:38:00,3,0,0,1,2025-01-22T00:00:00.000Z,-43.335479020000,-21.760313550000,"Rua São Geraldo, 84"
412,PARQUE BURNIER.,10072358,06:38:00,18,10,0,10,2025-01-22T00:00:00.000Z,-43.328687310000,-21.761675740000,"Rua Natalino José de Paula, 112 - Ponto Final do Parque Burnier"
412,PARQUE BURNIER.,10072375,06:38:00,16,0,0,0,2025-01-22T00:00:00.000Z,-43.327420830000,-21.762727850000,"Rua Natalino José de Paula, 319"
412,PARQUE BURNIER.,10072356,06:38:00,17,0,0,0,2025-01-22T00:00:00.000Z,-43.327793950000,-21.762107030000,"Rua Natalino José de Paula, 271"
412,PARQUE BURNIER.,10072328,06:38:00,13,0,0,0,2025-01-22T00:00:00.000Z,-43.326450350000,-21.763683320000,"Rua Adelaide Campos de Resende, 669"
412,PARQUE BURNIER.,10071503,06:38:00,15,0,0,0,2025-01-22T00:00:00.000Z,-43.326207040000,-21.762717810000,"Rua Natalino José de Paula, 421"
412,PARQUE BURNIER.,10072377,06:38:00,12,0,0,0,2025-01-22T00:00:00.000Z,-43.327321890000,-21.764062650000,"Rua José Teodoro dos Santos, 25"
412,PARQUE BURNIER.,10072359,06:38:00,14,0,0,0,2025-01-22T00:00:00.000Z,-43.326282500000,-21.763143540000,"Rua Adelaide Campos de Resende, 651"
412,PARQUE BURNIER.,10072316,06:38:00,11,0,0,0,2025-01-22T00:00:00.000Z,-43.328204750000,-21.763332370000,"Rua José Teodoro dos Santos, 145"
412,PARQUE BURNIER.,10072313,06:38:00,10,0,0,0,2025-01-22T00:00:00.000Z,-43.328846690000,-21.762504770000,"Rua José Teodoro dos Santos, 275"
412,PARQUE BURNIER.,10072296,06:38:00,9,0,0,0,2025-01-22T00:00:00.000Z,-43.329374790000,-21.763440430000,"Rua Adelaide Campos de Resende, 975"
412,PARQUE BURNIER.,10072301,06:38:00,8,0,0,0,2025-01-22T00:00:00.000Z,-43.330138330000,-21.763252970000,"Rua Adelaide Campos de Resende, 1061"
412,PARQUE BURNIER.,10073561,06:38:00,7,0,1,0,2025-01-22T00:00:00.000Z,-43.331552510000,-21.763418910000,"Rua Olga Burnier, 480"
412,PARQUE BURNIER.,10073557,06:38:00,6,0,0,1,2025-01-22T00:00:00.000Z,-43.332479840000,-21.762640710000,"Rua Olga Burnier, 356"
412,PARQUE BURNIER.,10072363,07:04:00,2,5,0,5,2025-01-22T00:00:00.000Z,-43.327885630000,-21.762179390000,"Rua Natalino José de Paula, 288"
412,PARQUE BURNIER.,10072358,07:04:00,1,0,0,0,2025-01-22T00:00:00.000Z,-43.328687310000,-21.761675740000,"Rua Natalino José de Paula, 112 - Ponto Final do Parque Burnier"
412,PARQUE BURNIER.,10072362,07:04:00,3,0,0,5,2025-01-22T00:00:00.000Z,-43.327527760000,-21.762798310000,"Rua Natalino José de Paula, 310"
412,PARQUE BURNIER.,10072335,07:04:00,12,0,1,25,2025-01-22T00:00:00.000Z,-43.333453420000,-21.761562350000,"Rua Olga Burnier, 233"
412,PARQUE BURNIER.,10072382,07:04:00,11,2,0,26,2025-01-22T00:00:00.000Z,-43.332369450000,-21.762522520000,"Rua Olga Burnier, 361"
412,PARQUE BURNIER.,10072380,07:04:00,10,1,0,24,2025-01-22T00:00:00.000Z,-43.331466790000,-21.763337580000,"Rua Olga Burnier, 485"
412,PARQUE BURNIER.,10071108,07:04:00,17,0,21,0,2025-01-22T00:00:00.000Z,-43.349331860000,-21.758144610000,"Avenida Getúlio Vargas, 835"
412,PARQUE BURNIER.,10074194,07:04:00,16,2,5,21,2025-01-22T00:00:00.000Z,-43.342338620000,-21.760505960000,"Rua Ângelo Falci, 55"
412,PARQUE BURNIER.,10072302,07:04:00,15,0,0,24,2025-01-22T00:00:00.000Z,-43.338029500000,-21.760323850000,"Avenida Sete de Setembro, 623"
412,PARQUE BURNIER.,10072332,07:04:00,14,0,0,24,2025-01-22T00:00:00.000Z,-43.335533860000,-21.760131640000,"Rua São Geraldo, 89"
412,PARQUE BURNIER.,10072337,07:04:00,13,0,1,24,2025-01-22T00:00:00.000Z,-43.334540130000,-21.760522960000,"Rua Olga Burnier, 67"
412,PARQUE BURNIER.,10073583,07:04:00,9,0,0,23,2025-01-22T00:00:00.000Z,-43.330207820000,-21.763072230000,"Rua Adelaide Campos de Resende, 1070"
412,PARQUE BURNIER.,10073584,07:04:00,8,2,0,23,2025-01-22T00:00:00.000Z,-43.329363350000,-21.763255450000,"Rua Adelaide Campos de Resende, 984"
412,PARQUE BURNIER.,10072386,07:04:00,7,4,0,21,2025-01-22T00:00:00.000Z,-43.328850270000,-21.762325320000,"Rua José Teodoro dos Santos, 292"
412,PARQUE BURNIER.,10072384,07:04:00,6,2,0,17,2025-01-22T00:00:00.000Z,-43.327999480000,-21.763301540000,"Rua José Teodoro dos Santos, 126"
412,PARQUE BURNIER.,10072309,07:04:00,5,0,0,15,2025-01-22T00:00:00.000Z,-43.327273730000,-21.763967940000,"Rua José Teodoro dos Santos, 28"
412,PARQUE BURNIER.,10073589,07:04:00,4,10,0,15,2025-01-22T00:00:00.000Z,-43.326568960000,-21.763629600000,"Rua Adelaide Campos de Resende, 706"
412,PARQUE BURNIER.,10072362,07:51:00,3,7,0,9,2025-01-22T00:00:00.000Z,-43.327527760000,-21.762798310000,"Rua Natalino José de Paula, 310"
412,PARQUE BURNIER.,10072363,07:51:00,2,2,0,2,2025-01-22T00:00:00.000Z,-43.327885630000,-21.762179390000,"Rua Natalino José de Paula, 288"
412,PARQUE BURNIER.,10073589,07:51:00,4,8,0,17,2025-01-22T00:00:00.000Z,-43.326568960000,-21.763629600000,"Rua Adelaide Campos de Resende, 706"
412,PARQUE BURNIER.,10072358,07:51:00,1,0,0,0,2025-01-22T00:00:00.000Z,-43.328687310000,-21.761675740000,"Rua Natalino José de Paula, 112 - Ponto Final do Parque Burnier"
412,PARQUE BURNIER.,10071108,07:51:00,17,0,19,14,2025-01-22T00:00:00.000Z,-43.349331860000,-21.758144610000,"Avenida Getúlio Vargas, 835"
412,PARQUE BURNIER.,10073583,07:51:00,9,1,1,31,2025-01-22T00:00:00.000Z,-43.330207820000,-21.763072230000,"Rua Adelaide Campos de Resende, 1070"
412,PARQUE BURNIER.,10072309,07:51:00,5,2,0,19,2025-01-22T00:00:00.000Z,-43.327273730000,-21.763967940000,"Rua José Teodoro dos Santos, 28"
412,PARQUE BURNIER.,10074194,07:51:00,16,2,6,33,2025-01-22T00:00:00.000Z,-43.342338620000,-21.760505960000,"Rua Ângelo Falci, 55"
412,PARQUE BURNIER.,10072302,07:51:00,15,1,0,37,2025-01-22T00:00:00.000Z,-43.338029500000,-21.760323850000,"Avenida Sete de Setembro, 623"
412,PARQUE BURNIER.,10072332,07:51:00,14,0,0,36,2025-01-22T00:00:00.000Z,-43.335533860000,-21.760131640000,"Rua São Geraldo, 89"
412,PARQUE BURNIER.,10072337,07:51:00,13,0,1,36,2025-01-22T00:00:00.000Z,-43.334540130000,-21.760522960000,"Rua Olga Burnier, 67"
412,PARQUE BURNIER.,10072335,07:51:00,12,4,1,37,2025-01-22T00:00:00.000Z,-43.333453420000,-21.761562350000,"Rua Olga Burnier, 233"
412,PARQUE BURNIER.,10072380,07:51:00,10,1,0,32,2025-01-22T00:00:00.000Z,-43.331466790000,-21.763337580000,"Rua Olga Burnier, 485"
412,PARQUE BURNIER.,10072382,07:51:00,11,2,0,34,2025-01-22T00:00:00.000Z,-43.332369450000,-21.762522520000,"Rua Olga Burnier, 361"
412,PARQUE BURNIER.,10073584,07:51:00,8,3,0,31,2025-01-22T00:00:00.000Z,-43.329363350000,-21.763255450000,"Rua Adelaide Campos de Resende, 984"
412,PARQUE BURNIER.,10072386,07:51:00,7,7,0,28,2025-01-22T00:00:00.000Z,-43.328850270000,-21.762325320000,"Rua José Teodoro dos Santos, 292"
412,PARQUE BURNIER.,10072384,07:51:00,6,2,0,21,2025-01-22T00:00:00.000Z,-43.327999480000,-21.763301540000,"Rua José Teodoro dos Santos, 126"
412,PARQUE BURNIER.,10072301,08:12:00,8,0,0,10,2025-01-22T00:00:00.000Z,-43.330138330000,-21.763252970000,"Rua Adelaide Campos de Resende, 1061"
412,PARQUE BURNIER.,10073558,08:12:00,4,1,0,10,2025-01-22T00:00:00.000Z,-43.334645750000,-21.760669710000,"Rua Olga Burnier, 70"
412,PARQUE BURNIER.,10072296,08:12:00,9,0,0,10,2025-01-22T00:00:00.000Z,-43.329374790000,-21.763440430000,"Rua Adelaide Campos de Resende, 975"
412,PARQUE BURNIER.,10073552,08:12:00,3,0,0,9,2025-01-22T00:00:00.000Z,-43.335479020000,-21.760313550000,"Rua São Geraldo, 84"
412,PARQUE BURNIER.,10072358,08:12:00,18,4,0,9,2025-01-22T00:00:00.000Z,-43.328687310000,-21.761675740000,"Rua Natalino José de Paula, 112 - Ponto Final do Parque Burnier"
412,PARQUE BURNIER.,10072356,08:12:00,17,0,0,5,2025-01-22T00:00:00.000Z,-43.327793950000,-21.762107030000,"Rua Natalino José de Paula, 271"
412,PARQUE BURNIER.,10072305,08:12:00,2,0,0,9,2025-01-22T00:00:00.000Z,-43.337478970000,-21.760922950000,"Rua Djalma de Carvalho, 37"
412,PARQUE BURNIER.,10072375,08:12:00,16,0,0,5,2025-01-22T00:00:00.000Z,-43.327420830000,-21.762727850000,"Rua Natalino José de Paula, 319"
412,PARQUE BURNIER.,10071503,08:12:00,15,0,1,5,2025-01-22T00:00:00.000Z,-43.326207040000,-21.762717810000,"Rua Natalino José de Paula, 421"
412,PARQUE BURNIER.,10072359,08:12:00,14,0,1,6,2025-01-22T00:00:00.000Z,-43.326282500000,-21.763143540000,"Rua Adelaide Campos de Resende, 651"
412,PARQUE BURNIER.,10072328,08:12:00,13,0,1,7,2025-01-22T00:00:00.000Z,-43.326450350000,-21.763683320000,"Rua Adelaide Campos de Resende, 669"
412,PARQUE BURNIER.,10072377,08:12:00,12,0,1,8,2025-01-22T00:00:00.000Z,-43.327321890000,-21.764062650000,"Rua José Teodoro dos Santos, 25"
412,PARQUE BURNIER.,10072313,08:12:00,10,0,1,9,2025-01-22T00:00:00.000Z,-43.328846690000,-21.762504770000,"Rua José Teodoro dos Santos, 275"
412,PARQUE BURNIER.,10071108,08:12:00,1,9,0,9,2025-01-22T00:00:00.000Z,-43.349331860000,-21.758144610000,"Avenida Getúlio Vargas, 835"
412,PARQUE BURNIER.,10072316,08:12:00,11,0,0,9,2025-01-22T00:00:00.000Z,-43.328204750000,-21.763332370000,"Rua José Teodoro dos Santos, 145"
412,PARQUE BURNIER.,10073561,08:12:00,7,0,0,10,2025-01-22T00:00:00.000Z,-43.331552510000,-21.763418910000,"Rua Olga Burnier, 480"
412,PARQUE BURNIER.,10073557,08:12:00,6,0,0,10,2025-01-22T00:00:00.000Z,-43.332479840000,-21.762640710000,"Rua Olga Burnier, 356"
412,PARQUE BURNIER.,10073560,08:12:00,5,0,0,10,2025-01-22T00:00:00.000Z,-43.333589670000,-21.761652280000,"Rua Olga Burnier, 230"
412,PARQUE BURNIER.,10072384,08:38:00,6,3,0,17,2025-01-22T00:00:00.000Z,-43.327999480000,-21.763301540000,"Rua José Teodoro dos Santos, 126"
412,PARQUE BURNIER.,10072309,08:38:00,5,3,1,14,2025-01-22T00:00:00.000Z,-43.327273730000,-21.763967940000,"Rua José Teodoro dos Santos, 28"
412,PARQUE BURNIER.,10072332,08:38:00,14,3,0,36,2025-01-22T00:00:00.000Z,-43.335533860000,-21.760131640000,"Rua São Geraldo, 89"
412,PARQUE BURNIER.,10073589,08:38:00,4,3,0,12,2025-01-22T00:00:00.000Z,-43.326568960000,-21.763629600000,"Rua Adelaide Campos de Resende, 706"
412,PARQUE BURNIER.,10071108,08:38:00,17,0,26,14,2025-01-22T00:00:00.000Z,-43.349331860000,-21.758144610000,"Avenida Getúlio Vargas, 835"
412,PARQUE BURNIER.,10074194,08:38:00,16,7,6,40,2025-01-22T00:00:00.000Z,-43.342338620000,-21.760505960000,"Rua Ângelo Falci, 55"
412,PARQUE BURNIER.,10072362,08:38:00,3,4,0,9,2025-01-22T00:00:00.000Z,-43.327527760000,-21.762798310000,"Rua Natalino José de Paula, 310"
412,PARQUE BURNIER.,10072302,08:38:00,15,3,0,39,2025-01-22T00:00:00.000Z,-43.338029500000,-21.760323850000,"Avenida Sete de Setembro, 623"
412,PARQUE BURNIER.,10072337,08:38:00,13,2,1,33,2025-01-22T00:00:00.000Z,-43.334540130000,-21.760522960000,"Rua Olga Burnier, 67"
412,PARQUE BURNIER.,10072335,08:38:00,12,1,0,32,2025-01-22T00:00:00.000Z,-43.333453420000,-21.761562350000,"Rua Olga Burnier, 233"
412,PARQUE BURNIER.,10072382,08:38:00,11,3,0,31,2025-01-22T00:00:00.000Z,-43.332369450000,-21.762522520000,"Rua Olga Burnier, 361"
412,PARQUE BURNIER.,10072380,08:38:00,10,1,0,28,2025-01-22T00:00:00.000Z,-43.331466790000,-21.763337580000,"Rua Olga Burnier, 485"
412,PARQUE BURNIER.,10073583,08:38:00,9,2,0,27,2025-01-22T00:00:00.000Z,-43.330207820000,-21.763072230000,"Rua Adelaide Campos de Resende, 1070"
412,PARQUE BURNIER.,10072386,08:38:00,7,3,0,20,2025-01-22T00:00:00.000Z,-43.328850270000,-21.762325320000,"Rua José Teodoro dos Santos, 292"
412,PARQUE BURNIER.,10072363,08:38:00,2,5,0,5,2025-01-22T00:00:00.000Z,-43.327885630000,-21.762179390000,"Rua Natalino José de Paula, 288"
412,PARQUE BURNIER.,10073584,08:38:00,8,5,0,25,2025-01-22T00:00:00.000Z,-43.329363350000,-21.763255450000,"Rua Adelaide Campos de Resende, 984"
412,PARQUE BURNIER.,10072358,08:38:00,1,0,0,0,2025-01-22T00:00:00.000Z,-43.328687310000,-21.761675740000,"Rua Natalino José de Paula, 112 - Ponto Final do Parque Burnier"
412,PARQUE BURNIER.,10071108,08:59:00,1,15,0,15,2025-01-22T00:00:00.000Z,-43.349331860000,-21.758144610000,"Avenida Getúlio Vargas, 835"
412,PARQUE BURNIER.,10073560,08:59:00,5,0,0,13,2025-01-22T00:00:00.000Z,-43.333589670000,-21.761652280000,"Rua Olga Burnier, 230"
412,PARQUE BURNIER.,10072305,08:59:00,2,1,2,14,2025-01-22T00:00:00.000Z,-43.337478970000,-21.760922950000,"Rua Djalma de Carvalho, 37"
412,PARQUE BURNIER.,10072356,08:59:00,17,0,0,10,2025-01-22T00:00:00.000Z,-43.327793950000,-21.762107030000,"Rua Natalino José de Paula, 271"
412,PARQUE BURNIER.,10072328,08:59:00,13,0,0,11,2025-01-22T00:00:00.000Z,-43.326450350000,-21.763683320000,"Rua Adelaide Campos de Resende, 669"
412,PARQUE BURNIER.,10072358,08:59:00,18,1,0,11,2025-01-22T00:00:00.000Z,-43.328687310000,-21.761675740000,"Rua Natalino José de Paula, 112 - Ponto Final do Parque Burnier"
412,PARQUE BURNIER.,10072301,08:59:00,8,0,1,11,2025-01-22T00:00:00.000Z,-43.330138330000,-21.763252970000,"Rua Adelaide Campos de Resende, 1061"
412,PARQUE BURNIER.,10072375,08:59:00,16,0,1,10,2025-01-22T00:00:00.000Z,-43.327420830000,-21.762727850000,"Rua Natalino José de Paula, 319"
412,PARQUE BURNIER.,10071503,08:59:00,15,0,0,11,2025-01-22T00:00:00.000Z,-43.326207040000,-21.762717810000,"Rua Natalino José de Paula, 421"
412,PARQUE BURNIER.,10073561,08:59:00,7,0,1,12,2025-01-22T00:00:00.000Z,-43.331552510000,-21.763418910000,"Rua Olga Burnier, 480"
412,PARQUE BURNIER.,10072359,08:59:00,14,0,0,11,2025-01-22T00:00:00.000Z,-43.326282500000,-21.763143540000,"Rua Adelaide Campos de Resende, 651"
412,PARQUE BURNIER.,10072377,08:59:00,12,0,0,11,2025-01-22T00:00:00.000Z,-43.327321890000,-21.764062650000,"Rua José Teodoro dos Santos, 25"
412,PARQUE BURNIER.,10072316,08:59:00,11,0,0,11,2025-01-22T00:00:00.000Z,-43.328204750000,-21.763332370000,"Rua José Teodoro dos Santos, 145"
412,PARQUE BURNIER.,10072313,08:59:00,10,0,0,11,2025-01-22T00:00:00.000Z,-43.328846690000,-21.762504770000,"Rua José Teodoro dos Santos, 275"
412,PARQUE BURNIER.,10072296,08:59:00,9,0,0,11,2025-01-22T00:00:00.000Z,-43.329374790000,-21.763440430000,"Rua Adelaide Campos de Resende, 975"
412,PARQUE BURNIER.,10073557,08:59:00,6,0,0,13,2025-01-22T00:00:00.000Z,-43.332479840000,-21.762640710000,"Rua Olga Burnier, 356"
412,PARQUE BURNIER.,10073558,08:59:00,4,0,0,13,2025-01-22T00:00:00.000Z,-43.334645750000,-21.760669710000,"Rua Olga Burnier, 70"
412,PARQUE BURNIER.,10073552,08:59:00,3,0,1,13,2025-01-22T00:00:00.000Z,-43.335479020000,-21.760313550000,"Rua São Geraldo, 84"
412,PARQUE BURNIER.,10072358,09:25:00,1,0,0,0,2025-01-22T00:00:00.000Z,-43.328687310000,-21.761675740000,"Rua Natalino José de Paula, 112 - Ponto Final do Parque Burnier"
412,PARQUE BURNIER.,10072363,09:25:00,2,1,0,1,2025-01-22T00:00:00.000Z,-43.327885630000,-21.762179390000,"Rua Natalino José de Paula, 288"
412,PARQUE BURNIER.,10072362,09:25:00,3,2,0,3,2025-01-22T00:00:00.000Z,-43.327527760000,-21.762798310000,"Rua Natalino José de Paula, 310"
412,PARQUE BURNIER.,10071108,09:25:00,17,0,24,3,2025-01-22T00:00:00.000Z,-43.349331860000,-21.758144610000,"Avenida Getúlio Vargas, 835"
412,PARQUE BURNIER.,10072302,09:25:00,15,2,1,27,2025-01-22T00:00:00.000Z,-43.338029500000,-21.760323850000,"Avenida Sete de Setembro, 623"
412,PARQUE BURNIER.,10074194,09:25:00,16,11,11,27,2025-01-22T00:00:00.000Z,-43.342338620000,-21.760505960000,"Rua Ângelo Falci, 55"
412,PARQUE BURNIER.,10072382,09:25:00,11,0,0,26,2025-01-22T00:00:00.000Z,-43.332369450000,-21.762522520000,"Rua Olga Burnier, 361"
412,PARQUE BURNIER.,10072332,09:25:00,14,0,0,26,2025-01-22T00:00:00.000Z,-43.335533860000,-21.760131640000,"Rua São Geraldo, 89"
412,PARQUE BURNIER.,10072337,09:25:00,13,1,1,26,2025-01-22T00:00:00.000Z,-43.334540130000,-21.760522960000,"Rua Olga Burnier, 67"
412,PARQUE BURNIER.,10072384,09:25:00,6,2,0,14,2025-01-22T00:00:00.000Z,-43.327999480000,-21.763301540000,"Rua José Teodoro dos Santos, 126"
412,PARQUE BURNIER.,10072335,09:25:00,12,0,0,26,2025-01-22T00:00:00.000Z,-43.333453420000,-21.761562350000,"Rua Olga Burnier, 233"
412,PARQUE BURNIER.,10072380,09:25:00,10,2,0,26,2025-01-22T00:00:00.000Z,-43.331466790000,-21.763337580000,"Rua Olga Burnier, 485"
412,PARQUE BURNIER.,10073583,09:25:00,9,0,0,24,2025-01-22T00:00:00.000Z,-43.330207820000,-21.763072230000,"Rua Adelaide Campos de Resende, 1070"
412,PARQUE BURNIER.,10073584,09:25:00,8,3,0,24,2025-01-22T00:00:00.000Z,-43.329363350000,-21.763255450000,"Rua Adelaide Campos de Resende, 984"
412,PARQUE BURNIER.,10072386,09:25:00,7,7,0,21,2025-01-22T00:00:00.000Z,-43.328850270000,-21.762325320000,"Rua José Teodoro dos Santos, 292"
412,PARQUE BURNIER.,10072309,09:25:00,5,1,0,12,2025-01-22T00:00:00.000Z,-43.327273730000,-21.763967940000,"Rua José Teodoro dos Santos, 28"
412,PARQUE BURNIER.,10073589,09:25:00,4,8,0,11,2025-01-22T00:00:00.000Z,-43.326568960000,-21.763629600000,"Rua Adelaide Campos de Resende, 706"
412,PARQUE BURNIER.,10073552,09:45:00,3,1,0,4,2025-01-22T00:00:00.000Z,-43.335479020000,-21.760313550000,"Rua São Geraldo, 84"
412,PARQUE BURNIER.,10072305,09:45:00,2,3,0,3,2025-01-22T00:00:00.000Z,-43.337478970000,-21.760922950000,"Rua Djalma de Carvalho, 37"
412,PARQUE BURNIER.,10073558,09:45:00,4,0,0,4,2025-01-22T00:00:00.000Z,-43.334645750000,-21.760669710000,"Rua Olga Burnier, 70"
412,PARQUE BURNIER.,10071108,09:45:00,1,0,0,0,2025-01-22T00:00:00.000Z,-43.349331860000,-21.758144610000,"Avenida Getúlio Vargas, 835"
412,PARQUE BURNIER.,10072358,09:45:00,18,5,0,6,2025-01-22T00:00:00.000Z,-43.328687310000,-21.761675740000,"Rua Natalino José de Paula, 112 - Ponto Final do Parque Burnier"
412,PARQUE BURNIER.,10073560,09:45:00,5,0,0,4,2025-01-22T00:00:00.000Z,-43.333589670000,-21.761652280000,"Rua Olga Burnier, 230"
412,PARQUE BURNIER.,10072356,09:45:00,17,1,0,1,2025-01-22T00:00:00.000Z,-43.327793950000,-21.762107030000,"Rua Natalino José de Paula, 271"
412,PARQUE BURNIER.,10072375,09:45:00,16,0,0,0,2025-01-22T00:00:00.000Z,-43.327420830000,-21.762727850000,"Rua Natalino José de Paula, 319"
412,PARQUE BURNIER.,10071503,09:45:00,15,0,1,0,2025-01-22T00:00:00.000Z,-43.326207040000,-21.762717810000,"Rua Natalino José de Paula, 421"
412,PARQUE BURNIER.,10072359,09:45:00,14,0,1,1,2025-01-22T00:00:00.000Z,-43.326282500000,-21.763143540000,"Rua Adelaide Campos de Resende, 651"
412,PARQUE BURNIER.,10072328,09:45:00,13,0,1,2,2025-01-22T00:00:00.000Z,-43.326450350000,-21.763683320000,"Rua Adelaide Campos de Resende, 669"
412,PARQUE BURNIER.,10072377,09:45:00,12,0,0,3,2025-01-22T00:00:00.000Z,-43.327321890000,-21.764062650000,"Rua José Teodoro dos Santos, 25"
412,PARQUE BURNIER.,10072313,09:45:00,10,0,0,3,2025-01-22T00:00:00.000Z,-43.328846690000,-21.762504770000,"Rua José Teodoro dos Santos, 275"
412,PARQUE BURNIER.,10072316,09:45:00,11,0,0,3,2025-01-22T00:00:00.000Z,-43.328204750000,-21.763332370000,"Rua José Teodoro dos Santos, 145"
412,PARQUE BURNIER.,10072296,09:45:00,9,0,0,3,2025-01-22T00:00:00.000Z,-43.329374790000,-21.763440430000,"Rua Adelaide Campos de Resende, 975"
412,PARQUE BURNIER.,10072301,09:45:00,8,0,0,3,2025-01-22T00:00:00.000Z,-43.330138330000,-21.763252970000,"Rua Adelaide Campos de Resende, 1061"
412,PARQUE BURNIER.,10073561,09:45:00,7,0,1,3,2025-01-22T00:00:00.000Z,-43.331552510000,-21.763418910000,"Rua Olga Burnier, 480"
412,PARQUE BURNIER.,10073557,09:45:00,6,0,0,4,2025-01-22T00:00:00.000Z,-43.332479840000,-21.762640710000,"Rua Olga Burnier, 356"
412,PARQUE BURNIER.,10074194,10:20:00,16,7,8,17,2025-01-22T00:00:00.000Z,-43.342338620000,-21.760505960000,"Rua Ângelo Falci, 55"
412,PARQUE BURNIER.,10072362,10:20:00,3,4,0,6,2025-01-22T00:00:00.000Z,-43.327527760000,-21.762798310000,"Rua Natalino José de Paula, 310"
412,PARQUE BURNIER.,10071108,10:20:00,17,0,17,0,2025-01-22T00:00:00.000Z,-43.349331860000,-21.758144610000,"Avenida Getúlio Vargas, 835"
412,PARQUE BURNIER.,10072363,10:20:00,2,2,0,2,2025-01-22T00:00:00.000Z,-43.327885630000,-21.762179390000,"Rua Natalino José de Paula, 288"
412,PARQUE BURNIER.,10072358,10:20:00,1,0,0,0,2025-01-22T00:00:00.000Z,-43.328687310000,-21.761675740000,"Rua Natalino José de Paula, 112 - Ponto Final do Parque Burnier"
412,PARQUE BURNIER.,10072302,10:20:00,15,0,1,18,2025-01-22T00:00:00.000Z,-43.338029500000,-21.760323850000,"Avenida Sete de Setembro, 623"
412,PARQUE BURNIER.,10072332,10:20:00,14,0,0,19,2025-01-22T00:00:00.000Z,-43.335533860000,-21.760131640000,"Rua São Geraldo, 89"
412,PARQUE BURNIER.,10072337,10:20:00,13,3,1,19,2025-01-22T00:00:00.000Z,-43.334540130000,-21.760522960000,"Rua Olga Burnier, 67"
412,PARQUE BURNIER.,10072335,10:20:00,12,2,1,17,2025-01-22T00:00:00.000Z,-43.333453420000,-21.761562350000,"Rua Olga Burnier, 233"
412,PARQUE BURNIER.,10072382,10:20:00,11,1,0,16,2025-01-22T00:00:00.000Z,-43.332369450000,-21.762522520000,"Rua Olga Burnier, 361"
412,PARQUE BURNIER.,10072380,10:20:00,10,0,0,15,2025-01-22T00:00:00.000Z,-43.331466790000,-21.763337580000,"Rua Olga Burnier, 485"
412,PARQUE BURNIER.,10073584,10:20:00,8,2,0,15,2025-01-22T00:00:00.000Z,-43.329363350000,-21.763255450000,"Rua Adelaide Campos de Resende, 984"
412,PARQUE BURNIER.,10073583,10:20:00,9,0,0,15,2025-01-22T00:00:00.000Z,-43.330207820000,-21.763072230000,"Rua Adelaide Campos de Resende, 1070"
412,PARQUE BURNIER.,10072386,10:20:00,7,2,0,13,2025-01-22T00:00:00.000Z,-43.328850270000,-21.762325320000,"Rua José Teodoro dos Santos, 292"
412,PARQUE BURNIER.,10072384,10:20:00,6,0,0,11,2025-01-22T00:00:00.000Z,-43.327999480000,-21.763301540000,"Rua José Teodoro dos Santos, 126"
412,PARQUE BURNIER.,10072309,10:20:00,5,1,0,11,2025-01-22T00:00:00.000Z,-43.327273730000,-21.763967940000,"Rua José Teodoro dos Santos, 28"
412,PARQUE BURNIER.,10073589,10:20:00,4,4,0,10,2025-01-22T00:00:00.000Z,-43.326568960000,-21.763629600000,"Rua Adelaide Campos de Resende, 706"
412,PARQUE BURNIER.,10072305,10:40:00,2,2,2,12,2025-01-22T00:00:00.000Z,-43.337478970000,-21.760922950000,"Rua Djalma de Carvalho, 37"
412,PARQUE BURNIER.,10071108,10:40:00,1,12,0,12,2025-01-22T00:00:00.000Z,-43.349331860000,-21.758144610000,"Avenida Getúlio Vargas, 835"
412,PARQUE BURNIER.,10071503,10:40:00,15,0,0,10,2025-01-22T00:00:00.000Z,-43.326207040000,-21.762717810000,"Rua Natalino José de Paula, 421"
412,PARQUE BURNIER.,10073560,10:40:00,5,0,0,11,2025-01-22T00:00:00.000Z,-43.333589670000,-21.761652280000,"Rua Olga Burnier, 230"
412,PARQUE BURNIER.,10072375,10:40:00,16,0,1,9,2025-01-22T00:00:00.000Z,-43.327420830000,-21.762727850000,"Rua Natalino José de Paula, 319"
412,PARQUE BURNIER.,10073558,10:40:00,4,0,0,11,2025-01-22T00:00:00.000Z,-43.334645750000,-21.760669710000,"Rua Olga Burnier, 70"
412,PARQUE BURNIER.,10072358,10:40:00,18,3,0,13,2025-01-22T00:00:00.000Z,-43.328687310000,-21.761675740000,"Rua Natalino José de Paula, 112 - Ponto Final do Parque Burnier"
412,PARQUE BURNIER.,10073552,10:40:00,3,0,1,11,2025-01-22T00:00:00.000Z,-43.335479020000,-21.760313550000,"Rua São Geraldo, 84"
412,PARQUE BURNIER.,10072356,10:40:00,17,1,0,10,2025-01-22T00:00:00.000Z,-43.327793950000,-21.762107030000,"Rua Natalino José de Paula, 271"
412,PARQUE BURNIER.,10072359,10:40:00,14,0,0,10,2025-01-22T00:00:00.000Z,-43.326282500000,-21.763143540000,"Rua Adelaide Campos de Resende, 651"
412,PARQUE BURNIER.,10072328,10:40:00,13,0,0,10,2025-01-22T00:00:00.000Z,-43.326450350000,-21.763683320000,"Rua Adelaide Campos de Resende, 669"
412,PARQUE BURNIER.,10072377,10:40:00,12,0,0,10,2025-01-22T00:00:00.000Z,-43.327321890000,-21.764062650000,"Rua José Teodoro dos Santos, 25"
412,PARQUE BURNIER.,10072316,10:40:00,11,0,0,10,2025-01-22T00:00:00.000Z,-43.328204750000,-21.763332370000,"Rua José Teodoro dos Santos, 145"
412,PARQUE BURNIER.,10072313,10:40:00,10,0,0,10,2025-01-22T00:00:00.000Z,-43.328846690000,-21.762504770000,"Rua José Teodoro dos Santos, 275"
412,PARQUE BURNIER.,10072296,10:40:00,9,0,0,10,2025-01-22T00:00:00.000Z,-43.329374790000,-21.763440430000,"Rua Adelaide Campos de Resende, 975"
412,PARQUE BURNIER.,10073561,10:40:00,7,0,1,10,2025-01-22T00:00:00.000Z,-43.331552510000,-21.763418910000,"Rua Olga Burnier, 480"
412,PARQUE BURNIER.,10072301,10:40:00,8,0,0,10,2025-01-22T00:00:00.000Z,-43.330138330000,-21.763252970000,"Rua Adelaide Campos de Resende, 1061"
412,PARQUE BURNIER.,10073557,10:40:00,6,0,0,11,2025-01-22T00:00:00.000Z,-43.332479840000,-21.762640710000,"Rua Olga Burnier, 356"
412,PARQUE BURNIER.,10072362,11:15:00,3,0,0,0,2025-01-22T00:00:00.000Z,-43.327527760000,-21.762798310000,"Rua Natalino José de Paula, 310"
412,PARQUE BURNIER.,10072363,11:15:00,2,0,0,0,2025-01-22T00:00:00.000Z,-43.327885630000,-21.762179390000,"Rua Natalino José de Paula, 288"
412,PARQUE BURNIER.,10072358,11:15:00,1,0,0,0,2025-01-22T00:00:00.000Z,-43.328687310000,-21.761675740000,"Rua Natalino José de Paula, 112 - Ponto Final do Parque Burnier"
412,PARQUE BURNIER.,10072302,11:15:00,15,0,3,12,2025-01-22T00:00:00.000Z,-43.338029500000,-21.760323850000,"Avenida Sete de Setembro, 623"
412,PARQUE BURNIER.,10072332,11:15:00,14,1,0,15,2025-01-22T00:00:00.000Z,-43.335533860000,-21.760131640000,"Rua São Geraldo, 89"
412,PARQUE BURNIER.,10071108,11:15:00,17,0,16,5,2025-01-22T00:00:00.000Z,-43.349331860000,-21.758144610000,"Avenida Getúlio Vargas, 835"
412,PARQUE BURNIER.,10072337,11:15:00,13,1,0,14,2025-01-22T00:00:00.000Z,-43.334540130000,-21.760522960000,"Rua Olga Burnier, 67"
412,PARQUE BURNIER.,10073589,11:15:00,4,8,0,8,2025-01-22T00:00:00.000Z,-43.326568960000,-21.763629600000,"Rua Adelaide Campos de Resende, 706"
412,PARQUE BURNIER.,10074194,11:15:00,16,11,2,21,2025-01-22T00:00:00.000Z,-43.342338620000,-21.760505960000,"Rua Ângelo Falci, 55"
412,PARQUE BURNIER.,10072335,11:15:00,12,0,0,13,2025-01-22T00:00:00.000Z,-43.333453420000,-21.761562350000,"Rua Olga Burnier, 233"
412,PARQUE BURNIER.,10072382,11:15:00,11,0,0,13,2025-01-22T00:00:00.000Z,-43.332369450000,-21.762522520000,"Rua Olga Burnier, 361"
412,PARQUE BURNIER.,10072380,11:15:00,10,0,0,13,2025-01-22T00:00:00.000Z,-43.331466790000,-21.763337580000,"Rua Olga Burnier, 485"
412,PARQUE BURNIER.,10073583,11:15:00,9,0,0,13,2025-01-22T00:00:00.000Z,-43.330207820000,-21.763072230000,"Rua Adelaide Campos de Resende, 1070"
412,PARQUE BURNIER.,10072386,11:15:00,7,1,0,9,2025-01-22T00:00:00.000Z,-43.328850270000,-21.762325320000,"Rua José Teodoro dos Santos, 292"
412,PARQUE BURNIER.,10073584,11:15:00,8,4,0,13,2025-01-22T00:00:00.000Z,-43.329363350000,-21.763255450000,"Rua Adelaide Campos de Resende, 984"
412,PARQUE BURNIER.,10072384,11:15:00,6,0,0,8,2025-01-22T00:00:00.000Z,-43.327999480000,-21.763301540000,"Rua José Teodoro dos Santos, 126"
412,PARQUE BURNIER.,10072309,11:15:00,5,0,0,8,2025-01-22T00:00:00.000Z,-43.327273730000,-21.763967940000,"Rua José Teodoro dos Santos, 28"
412,PARQUE BURNIER.,10071108,11:35:00,1,19,0,19,2025-01-22T00:00:00.000Z,-43.349331860000,-21.758144610000,"Avenida Getúlio Vargas, 835"
412,PARQUE BURNIER.,10072305,11:35:00,2,3,1,21,2025-01-22T00:00:00.000Z,-43.337478970000,-21.760922950000,"Rua Djalma de Carvalho, 37"
412,PARQUE BURNIER.,10073560,11:35:00,5,0,0,21,2025-01-22T00:00:00.000Z,-43.333589670000,-21.761652280000,"Rua Olga Burnier, 230"
412,PARQUE BURNIER.,10073558,11:35:00,4,0,0,21,2025-01-22T00:00:00.000Z,-43.334645750000,-21.760669710000,"Rua Olga Burnier, 70"
412,PARQUE BURNIER.,10073552,11:35:00,3,0,0,21,2025-01-22T00:00:00.000Z,-43.335479020000,-21.760313550000,"Rua São Geraldo, 84"
412,PARQUE BURNIER.,10072358,11:35:00,18,2,0,12,2025-01-22T00:00:00.000Z,-43.328687310000,-21.761675740000,"Rua Natalino José de Paula, 112 - Ponto Final do Parque Burnier"
412,PARQUE BURNIER.,10072375,11:35:00,16,0,0,9,2025-01-22T00:00:00.000Z,-43.327420830000,-21.762727850000,"Rua Natalino José de Paula, 319"
412,PARQUE BURNIER.,10072356,11:35:00,17,1,0,10,2025-01-22T00:00:00.000Z,-43.327793950000,-21.762107030000,"Rua Natalino José de Paula, 271"
412,PARQUE BURNIER.,10072328,11:35:00,13,1,1,14,2025-01-22T00:00:00.000Z,-43.326450350000,-21.763683320000,"Rua Adelaide Campos de Resende, 669"
412,PARQUE BURNIER.,10071503,11:35:00,15,0,4,9,2025-01-22T00:00:00.000Z,-43.326207040000,-21.762717810000,"Rua Natalino José de Paula, 421"
412,PARQUE BURNIER.,10072377,11:35:00,12,0,1,14,2025-01-22T00:00:00.000Z,-43.327321890000,-21.764062650000,"Rua José Teodoro dos Santos, 25"
412,PARQUE BURNIER.,10072359,11:35:00,14,0,1,13,2025-01-22T00:00:00.000Z,-43.326282500000,-21.763143540000,"Rua Adelaide Campos de Resende, 651"
412,PARQUE BURNIER.,10072316,11:35:00,11,0,4,15,2025-01-22T00:00:00.000Z,-43.328204750000,-21.763332370000,"Rua José Teodoro dos Santos, 145"
412,PARQUE BURNIER.,10072313,11:35:00,10,0,2,19,2025-01-22T00:00:00.000Z,-43.328846690000,-21.762504770000,"Rua José Teodoro dos Santos, 275"
412,PARQUE BURNIER.,10072296,11:35:00,9,1,1,21,2025-01-22T00:00:00.000Z,-43.329374790000,-21.763440430000,"Rua Adelaide Campos de Resende, 975"
412,PARQUE BURNIER.,10072301,11:35:00,8,0,0,21,2025-01-22T00:00:00.000Z,-43.330138330000,-21.763252970000,"Rua Adelaide Campos de Resende, 1061"
412,PARQUE BURNIER.,10073561,11:35:00,7,0,0,21,2025-01-22T00:00:00.000Z,-43.331552510000,-21.763418910000,"Rua Olga Burnier, 480"
412,PARQUE BURNIER.,10073557,11:35:00,6,0,0,21,2025-01-22T00:00:00.000Z,-43.332479840000,-21.762640710000,"Rua Olga Burnier, 356"
412,PARQUE BURNIER.,10073583,12:10:00,9,0,0,11,2025-01-22T00:00:00.000Z,-43.330207820000,-21.763072230000,"Rua Adelaide Campos de Resende, 1070"
412,PARQUE BURNIER.,10073584,12:10:00,8,1,0,11,2025-01-22T00:00:00.000Z,-43.329363350000,-21.763255450000,"Rua Adelaide Campos de Resende, 984"
412,PARQUE BURNIER.,10072386,12:10:00,7,3,1,10,2025-01-22T00:00:00.000Z,-43.328850270000,-21.762325320000,"Rua José Teodoro dos Santos, 292"
412,PARQUE BURNIER.,10072384,12:10:00,6,0,0,8,2025-01-22T00:00:00.000Z,-43.327999480000,-21.763301540000,"Rua José Teodoro dos Santos, 126"
412,PARQUE BURNIER.,10072309,12:10:00,5,2,0,8,2025-01-22T00:00:00.000Z,-43.327273730000,-21.763967940000,"Rua José Teodoro dos Santos, 28"
412,PARQUE BURNIER.,10073589,12:10:00,4,4,0,6,2025-01-22T00:00:00.000Z,-43.326568960000,-21.763629600000,"Rua Adelaide Campos de Resende, 706"
412,PARQUE BURNIER.,10072362,12:10:00,3,2,0,2,2025-01-22T00:00:00.000Z,-43.327527760000,-21.762798310000,"Rua Natalino José de Paula, 310"
412,PARQUE BURNIER.,10072363,12:10:00,2,0,0,0,2025-01-22T00:00:00.000Z,-43.327885630000,-21.762179390000,"Rua Natalino José de Paula, 288"
412,PARQUE BURNIER.,10072382,12:10:00,11,0,0,11,2025-01-22T00:00:00.000Z,-43.332369450000,-21.762522520000,"Rua Olga Burnier, 361"
412,PARQUE BURNIER.,10072380,12:10:00,10,0,0,11,2025-01-22T00:00:00.000Z,-43.331466790000,-21.763337580000,"Rua Olga Burnier, 485"
412,PARQUE BURNIER.,10072335,12:10:00,12,0,1,10,2025-01-22T00:00:00.000Z,-43.333453420000,-21.761562350000,"Rua Olga Burnier, 233"
412,PARQUE BURNIER.,10072358,12:10:00,1,0,0,0,2025-01-22T00:00:00.000Z,-43.328687310000,-21.761675740000,"Rua Natalino José de Paula, 112 - Ponto Final do Parque Burnier"
412,PARQUE BURNIER.,10072302,12:10:00,15,0,3,8,2025-01-22T00:00:00.000Z,-43.338029500000,-21.760323850000,"Avenida Sete de Setembro, 623"
412,PARQUE BURNIER.,10072332,12:10:00,14,1,0,11,2025-01-22T00:00:00.000Z,-43.335533860000,-21.760131640000,"Rua São Geraldo, 89"
412,PARQUE BURNIER.,10072337,12:10:00,13,0,0,10,2025-01-22T00:00:00.000Z,-43.334540130000,-21.760522960000,"Rua Olga Burnier, 67"
412,PARQUE BURNIER.,10071108,12:10:00,17,0,13,0,2025-01-22T00:00:00.000Z,-43.349331860000,-21.758144610000,"Avenida Getúlio Vargas, 835"
412,PARQUE BURNIER.,10074194,12:10:00,16,5,0,13,2025-01-22T00:00:00.000Z,-43.342338620000,-21.760505960000,"Rua Ângelo Falci, 55"
412,PARQUE BURNIER.,10073560,12:30:00,5,0,0,27,2025-01-22T00:00:00.000Z,-43.333589670000,-21.761652280000,"Rua Olga Burnier, 230"
412,PARQUE BURNIER.,10073558,12:30:00,4,0,0,27,2025-01-22T00:00:00.000Z,-43.334645750000,-21.760669710000,"Rua Olga Burnier, 70"
412,PARQUE BURNIER.,10073557,12:30:00,6,0,0,27,2025-01-22T00:00:00.000Z,-43.332479840000,-21.762640710000,"Rua Olga Burnier, 356"
412,PARQUE BURNIER.,10073552,12:30:00,3,0,0,27,2025-01-22T00:00:00.000Z,-43.335479020000,-21.760313550000,"Rua São Geraldo, 84"
412,PARQUE BURNIER.,10072358,12:30:00,18,3,0,20,2025-01-22T00:00:00.000Z,-43.328687310000,-21.761675740000,"Rua Natalino José de Paula, 112 - Ponto Final do Parque Burnier"
412,PARQUE BURNIER.,10072356,12:30:00,17,0,0,17,2025-01-22T00:00:00.000Z,-43.327793950000,-21.762107030000,"Rua Natalino José de Paula, 271"
412,PARQUE BURNIER.,10072305,12:30:00,2,0,1,27,2025-01-22T00:00:00.000Z,-43.337478970000,-21.760922950000,"Rua Djalma de Carvalho, 37"
412,PARQUE BURNIER.,10072296,12:30:00,9,0,0,27,2025-01-22T00:00:00.000Z,-43.329374790000,-21.763440430000,"Rua Adelaide Campos de Resende, 975"
412,PARQUE BURNIER.,10072375,12:30:00,16,0,0,17,2025-01-22T00:00:00.000Z,-43.327420830000,-21.762727850000,"Rua Natalino José de Paula, 319"
412,PARQUE BURNIER.,10071503,12:30:00,15,0,1,17,2025-01-22T00:00:00.000Z,-43.326207040000,-21.762717810000,"Rua Natalino José de Paula, 421"
412,PARQUE BURNIER.,10072359,12:30:00,14,0,1,18,2025-01-22T00:00:00.000Z,-43.326282500000,-21.763143540000,"Rua Adelaide Campos de Resende, 651"
412,PARQUE BURNIER.,10072328,12:30:00,13,0,1,19,2025-01-22T00:00:00.000Z,-43.326450350000,-21.763683320000,"Rua Adelaide Campos de Resende, 669"
412,PARQUE BURNIER.,10072377,12:30:00,12,0,1,20,2025-01-22T00:00:00.000Z,-43.327321890000,-21.764062650000,"Rua José Teodoro dos Santos, 25"
412,PARQUE BURNIER.,10072313,12:30:00,10,0,2,25,2025-01-22T00:00:00.000Z,-43.328846690000,-21.762504770000,"Rua José Teodoro dos Santos, 275"
412,PARQUE BURNIER.,10071108,12:30:00,1,28,0,28,2025-01-22T00:00:00.000Z,-43.349331860000,-21.758144610000,"Avenida Getúlio Vargas, 835"
412,PARQUE BURNIER.,10072316,12:30:00,11,0,4,21,2025-01-22T00:00:00.000Z,-43.328204750000,-21.763332370000,"Rua José Teodoro dos Santos, 145"
412,PARQUE BURNIER.,10072301,12:30:00,8,0,0,27,2025-01-22T00:00:00.000Z,-43.330138330000,-21.763252970000,"Rua Adelaide Campos de Resende, 1061"
412,PARQUE BURNIER.,10073561,12:30:00,7,0,0,27,2025-01-22T00:00:00.000Z,-43.331552510000,-21.763418910000,"Rua Olga Burnier, 480"
412,PARQUE BURNIER.,10072358,13:05:00,1,0,0,0,2025-01-22T00:00:00.000Z,-43.328687310000,-21.761675740000,"Rua Natalino José de Paula, 112 - Ponto Final do Parque Burnier"
412,PARQUE BURNIER.,10072386,13:05:00,7,3,1,7,2025-01-22T00:00:00.000Z,-43.328850270000,-21.762325320000,"Rua José Teodoro dos Santos, 292"
412,PARQUE BURNIER.,10072309,13:05:00,5,0,0,5,2025-01-22T00:00:00.000Z,-43.327273730000,-21.763967940000,"Rua José Teodoro dos Santos, 28"
412,PARQUE BURNIER.,10073584,13:05:00,8,0,0,7,2025-01-22T00:00:00.000Z,-43.329363350000,-21.763255450000,"Rua Adelaide Campos de Resende, 984"
412,PARQUE BURNIER.,10073589,13:05:00,4,2,0,5,2025-01-22T00:00:00.000Z,-43.326568960000,-21.763629600000,"Rua Adelaide Campos de Resende, 706"
412,PARQUE BURNIER.,10071108,13:05:00,17,0,12,0,2025-01-22T00:00:00.000Z,-43.349331860000,-21.758144610000,"Avenida Getúlio Vargas, 835"
412,PARQUE BURNIER.,10074194,13:05:00,16,8,0,12,2025-01-22T00:00:00.000Z,-43.342338620000,-21.760505960000,"Rua Ângelo Falci, 55"
412,PARQUE BURNIER.,10072362,13:05:00,3,3,0,3,2025-01-22T00:00:00.000Z,-43.327527760000,-21.762798310000,"Rua Natalino José de Paula, 310"
412,PARQUE BURNIER.,10072302,13:05:00,15,0,3,4,2025-01-22T00:00:00.000Z,-43.338029500000,-21.760323850000,"Avenida Sete de Setembro, 623"
412,PARQUE BURNIER.,10072332,13:05:00,14,0,0,7,2025-01-22T00:00:00.000Z,-43.335533860000,-21.760131640000,"Rua São Geraldo, 89"
412,PARQUE BURNIER.,10072337,13:05:00,13,0,0,7,2025-01-22T00:00:00.000Z,-43.334540130000,-21.760522960000,"Rua Olga Burnier, 67"
412,PARQUE BURNIER.,10072335,13:05:00,12,0,1,7,2025-01-22T00:00:00.000Z,-43.333453420000,-21.761562350000,"Rua Olga Burnier, 233"
412,PARQUE BURNIER.,10072382,13:05:00,11,1,0,8,2025-01-22T00:00:00.000Z,-43.332369450000,-21.762522520000,"Rua Olga Burnier, 361"
412,PARQUE BURNIER.,10073583,13:05:00,9,1,0,8,2025-01-22T00:00:00.000Z,-43.330207820000,-21.763072230000,"Rua Adelaide Campos de Resende, 1070"
412,PARQUE BURNIER.,10072363,13:05:00,2,0,0,0,2025-01-22T00:00:00.000Z,-43.327885630000,-21.762179390000,"Rua Natalino José de Paula, 288"
412,PARQUE BURNIER.,10072380,13:05:00,10,0,1,7,2025-01-22T00:00:00.000Z,-43.331466790000,-21.763337580000,"Rua Olga Burnier, 485"
412,PARQUE BURNIER.,10072384,13:05:00,6,0,0,5,2025-01-22T00:00:00.000Z,-43.327999480000,-21.763301540000,"Rua José Teodoro dos Santos, 126"
412,PARQUE BURNIER.,10072386,14:00:00,7,0,0,13,2025-01-22T00:00:00.000Z,-43.328850270000,-21.762325320000,"Rua José Teodoro dos Santos, 292"
412,PARQUE BURNIER.,10072384,14:00:00,6,1,0,13,2025-01-22T00:00:00.000Z,-43.327999480000,-21.763301540000,"Rua José Teodoro dos Santos, 126"
412,PARQUE BURNIER.,10072332,14:00:00,14,0,1,19,2025-01-22T00:00:00.000Z,-43.335533860000,-21.760131640000,"Rua São Geraldo, 89"
412,PARQUE BURNIER.,10072309,14:00:00,5,3,0,12,2025-01-22T00:00:00.000Z,-43.327273730000,-21.763967940000,"Rua José Teodoro dos Santos, 28"
412,PARQUE BURNIER.,10071108,14:00:00,17,0,7,15,2025-01-22T00:00:00.000Z,-43.349331860000,-21.758144610000,"Avenida Getúlio Vargas, 835"
412,PARQUE BURNIER.,10074194,14:00:00,16,6,3,22,2025-01-22T00:00:00.000Z,-43.342338620000,-21.760505960000,"Rua Ângelo Falci, 55"
412,PARQUE BURNIER.,10073589,14:00:00,4,6,0,9,2025-01-22T00:00:00.000Z,-43.326568960000,-21.763629600000,"Rua Adelaide Campos de Resende, 706"
412,PARQUE BURNIER.,10072302,14:00:00,15,0,0,19,2025-01-22T00:00:00.000Z,-43.338029500000,-21.760323850000,"Avenida Sete de Setembro, 623"
412,PARQUE BURNIER.,10072337,14:00:00,13,0,0,20,2025-01-22T00:00:00.000Z,-43.334540130000,-21.760522960000,"Rua Olga Burnier, 67"
412,PARQUE BURNIER.,10072335,14:00:00,12,0,0,20,2025-01-22T00:00:00.000Z,-43.333453420000,-21.761562350000,"Rua Olga Burnier, 233"
412,PARQUE BURNIER.,10072382,14:00:00,11,0,0,20,2025-01-22T00:00:00.000Z,-43.332369450000,-21.762522520000,"Rua Olga Burnier, 361"
412,PARQUE BURNIER.,10072380,14:00:00,10,1,0,20,2025-01-22T00:00:00.000Z,-43.331466790000,-21.763337580000,"Rua Olga Burnier, 485"
412,PARQUE BURNIER.,10073584,14:00:00,8,5,0,18,2025-01-22T00:00:00.000Z,-43.329363350000,-21.763255450000,"Rua Adelaide Campos de Resende, 984"
412,PARQUE BURNIER.,10072362,14:00:00,3,2,0,3,2025-01-22T00:00:00.000Z,-43.327527760000,-21.762798310000,"Rua Natalino José de Paula, 310"
412,PARQUE BURNIER.,10073583,14:00:00,9,1,0,19,2025-01-22T00:00:00.000Z,-43.330207820000,-21.763072230000,"Rua Adelaide Campos de Resende, 1070"
412,PARQUE BURNIER.,10072363,14:00:00,2,1,0,1,2025-01-22T00:00:00.000Z,-43.327885630000,-21.762179390000,"Rua Natalino José de Paula, 288"
412,PARQUE BURNIER.,10072358,14:00:00,1,0,0,0,2025-01-22T00:00:00.000Z,-43.328687310000,-21.761675740000,"Rua Natalino José de Paula, 112 - Ponto Final do Parque Burnier"
412,PARQUE BURNIER.,10071108,14:20:00,1,19,0,19,2025-01-22T00:00:00.000Z,-43.349331860000,-21.758144610000,"Avenida Getúlio Vargas, 835"
412,PARQUE BURNIER.,10072305,14:20:00,2,1,3,17,2025-01-22T00:00:00.000Z,-43.337478970000,-21.760922950000,"Rua Djalma de Carvalho, 37"
412,PARQUE BURNIER.,10073558,14:20:00,4,0,1,16,2025-01-22T00:00:00.000Z,-43.334645750000,-21.760669710000,"Rua Olga Burnier, 70"
412,PARQUE BURNIER.,10073552,14:20:00,3,0,0,17,2025-01-22T00:00:00.000Z,-43.335479020000,-21.760313550000,"Rua São Geraldo, 84"
412,PARQUE BURNIER.,10072356,14:20:00,17,0,1,13,2025-01-22T00:00:00.000Z,-43.327793950000,-21.762107030000,"Rua Natalino José de Paula, 271"
412,PARQUE BURNIER.,10072328,14:20:00,13,0,0,15,2025-01-22T00:00:00.000Z,-43.326450350000,-21.763683320000,"Rua Adelaide Campos de Resende, 669"
412,PARQUE BURNIER.,10072358,14:20:00,18,1,0,14,2025-01-22T00:00:00.000Z,-43.328687310000,-21.761675740000,"Rua Natalino José de Paula, 112 - Ponto Final do Parque Burnier"
412,PARQUE BURNIER.,10073561,14:20:00,7,0,0,16,2025-01-22T00:00:00.000Z,-43.331552510000,-21.763418910000,"Rua Olga Burnier, 480"
412,PARQUE BURNIER.,10072375,14:20:00,16,0,1,14,2025-01-22T00:00:00.000Z,-43.327420830000,-21.762727850000,"Rua Natalino José de Paula, 319"
412,PARQUE BURNIER.,10071503,14:20:00,15,0,0,15,2025-01-22T00:00:00.000Z,-43.326207040000,-21.762717810000,"Rua Natalino José de Paula, 421"
412,PARQUE BURNIER.,10073557,14:20:00,6,0,0,16,2025-01-22T00:00:00.000Z,-43.332479840000,-21.762640710000,"Rua Olga Burnier, 356"
412,PARQUE BURNIER.,10072359,14:20:00,14,0,0,15,2025-01-22T00:00:00.000Z,-43.326282500000,-21.763143540000,"Rua Adelaide Campos de Resende, 651"
412,PARQUE BURNIER.,10072377,14:20:00,12,0,0,15,2025-01-22T00:00:00.000Z,-43.327321890000,-21.764062650000,"Rua José Teodoro dos Santos, 25"
412,PARQUE BURNIER.,10072316,14:20:00,11,0,0,15,2025-01-22T00:00:00.000Z,-43.328204750000,-21.763332370000,"Rua José Teodoro dos Santos, 145"
412,PARQUE BURNIER.,10072313,14:20:00,10,0,0,15,2025-01-22T00:00:00.000Z,-43.328846690000,-21.762504770000,"Rua José Teodoro dos Santos, 275"
412,PARQUE BURNIER.,10072296,14:20:00,9,0,1,15,2025-01-22T00:00:00.000Z,-43.329374790000,-21.763440430000,"Rua Adelaide Campos de Resende, 975"
412,PARQUE BURNIER.,10072301,14:20:00,8,0,0,16,2025-01-22T00:00:00.000Z,-43.330138330000,-21.763252970000,"Rua Adelaide Campos de Resende, 1061"
412,PARQUE BURNIER.,10073560,14:20:00,5,0,0,16,2025-01-22T00:00:00.000Z,-43.333589670000,-21.761652280000,"Rua Olga Burnier, 230"
412,PARQUE BURNIER.,10072363,14:55:00,2,2,0,2,2025-01-22T00:00:00.000Z,-43.327885630000,-21.762179390000,"Rua Natalino José de Paula, 288"
412,PARQUE BURNIER.,10072358,14:55:00,1,0,0,0,2025-01-22T00:00:00.000Z,-43.328687310000,-21.761675740000,"Rua Natalino José de Paula, 112 - Ponto Final do Parque Burnier"
412,PARQUE BURNIER.,10072362,14:55:00,3,2,0,4,2025-01-22T00:00:00.000Z,-43.327527760000,-21.762798310000,"Rua Natalino José de Paula, 310"
412,PARQUE BURNIER.,10073589,14:55:00,4,1,0,5,2025-01-22T00:00:00.000Z,-43.326568960000,-21.763629600000,"Rua Adelaide Campos de Resende, 706"
412,PARQUE BURNIER.,10071108,14:55:00,17,0,14,1,2025-01-22T00:00:00.000Z,-43.349331860000,-21.758144610000,"Avenida Getúlio Vargas, 835"
412,PARQUE BURNIER.,10072302,14:55:00,15,0,3,9,2025-01-22T00:00:00.000Z,-43.338029500000,-21.760323850000,"Avenida Sete de Setembro, 623"
412,PARQUE BURNIER.,10074194,14:55:00,16,8,2,15,2025-01-22T00:00:00.000Z,-43.342338620000,-21.760505960000,"Rua Ângelo Falci, 55"
412,PARQUE BURNIER.,10072382,14:55:00,11,0,0,12,2025-01-22T00:00:00.000Z,-43.332369450000,-21.762522520000,"Rua Olga Burnier, 361"
412,PARQUE BURNIER.,10072332,14:55:00,14,0,0,12,2025-01-22T00:00:00.000Z,-43.335533860000,-21.760131640000,"Rua São Geraldo, 89"
412,PARQUE BURNIER.,10072337,14:55:00,13,0,0,12,2025-01-22T00:00:00.000Z,-43.334540130000,-21.760522960000,"Rua Olga Burnier, 67"
412,PARQUE BURNIER.,10072386,14:55:00,7,4,0,11,2025-01-22T00:00:00.000Z,-43.328850270000,-21.762325320000,"Rua José Teodoro dos Santos, 292"
412,PARQUE BURNIER.,10072335,14:55:00,12,0,0,12,2025-01-22T00:00:00.000Z,-43.333453420000,-21.761562350000,"Rua Olga Burnier, 233"
412,PARQUE BURNIER.,10072380,14:55:00,10,0,0,12,2025-01-22T00:00:00.000Z,-43.331466790000,-21.763337580000,"Rua Olga Burnier, 485"
412,PARQUE BURNIER.,10073583,14:55:00,9,0,0,12,2025-01-22T00:00:00.000Z,-43.330207820000,-21.763072230000,"Rua Adelaide Campos de Resende, 1070"
412,PARQUE BURNIER.,10073584,14:55:00,8,1,0,12,2025-01-22T00:00:00.000Z,-43.329363350000,-21.763255450000,"Rua Adelaide Campos de Resende, 984"
412,PARQUE BURNIER.,10072384,14:55:00,6,1,0,7,2025-01-22T00:00:00.000Z,-43.327999480000,-21.763301540000,"Rua José Teodoro dos Santos, 126"
412,PARQUE BURNIER.,10072309,14:55:00,5,1,0,6,2025-01-22T00:00:00.000Z,-43.327273730000,-21.763967940000,"Rua José Teodoro dos Santos, 28"
412,PARQUE BURNIER.,10073558,15:15:00,4,0,0,10,2025-01-22T00:00:00.000Z,-43.334645750000,-21.760669710000,"Rua Olga Burnier, 70"
412,PARQUE BURNIER.,10073552,15:15:00,3,0,0,10,2025-01-22T00:00:00.000Z,-43.335479020000,-21.760313550000,"Rua São Geraldo, 84"
412,PARQUE BURNIER.,10073560,15:15:00,5,1,0,11,2025-01-22T00:00:00.000Z,-43.333589670000,-21.761652280000,"Rua Olga Burnier, 230"
412,PARQUE BURNIER.,10072305,15:15:00,2,0,0,10,2025-01-22T00:00:00.000Z,-43.337478970000,-21.760922950000,"Rua Djalma de Carvalho, 37"
412,PARQUE BURNIER.,10072358,15:15:00,18,2,0,8,2025-01-22T00:00:00.000Z,-43.328687310000,-21.761675740000,"Rua Natalino José de Paula, 112 - Ponto Final do Parque Burnier"
412,PARQUE BURNIER.,10071108,15:15:00,1,10,0,10,2025-01-22T00:00:00.000Z,-43.349331860000,-21.758144610000,"Avenida Getúlio Vargas, 835"
412,PARQUE BURNIER.,10073557,15:15:00,6,0,0,11,2025-01-22T00:00:00.000Z,-43.332479840000,-21.762640710000,"Rua Olga Burnier, 356"
412,PARQUE BURNIER.,10072356,15:15:00,17,0,0,6,2025-01-22T00:00:00.000Z,-43.327793950000,-21.762107030000,"Rua Natalino José de Paula, 271"
412,PARQUE BURNIER.,10072375,15:15:00,16,0,0,6,2025-01-22T00:00:00.000Z,-43.327420830000,-21.762727850000,"Rua Natalino José de Paula, 319"
412,PARQUE BURNIER.,10071503,15:15:00,15,0,0,6,2025-01-22T00:00:00.000Z,-43.326207040000,-21.762717810000,"Rua Natalino José de Paula, 421"
412,PARQUE BURNIER.,10072359,15:15:00,14,0,1,6,2025-01-22T00:00:00.000Z,-43.326282500000,-21.763143540000,"Rua Adelaide Campos de Resende, 651"
412,PARQUE BURNIER.,10072328,15:15:00,13,0,1,7,2025-01-22T00:00:00.000Z,-43.326450350000,-21.763683320000,"Rua Adelaide Campos de Resende, 669"
412,PARQUE BURNIER.,10072377,15:15:00,12,0,1,8,2025-01-22T00:00:00.000Z,-43.327321890000,-21.764062650000,"Rua José Teodoro dos Santos, 25"
412,PARQUE BURNIER.,10072313,15:15:00,10,0,1,8,2025-01-22T00:00:00.000Z,-43.328846690000,-21.762504770000,"Rua José Teodoro dos Santos, 275"
412,PARQUE BURNIER.,10072316,15:15:00,11,1,0,9,2025-01-22T00:00:00.000Z,-43.328204750000,-21.763332370000,"Rua José Teodoro dos Santos, 145"
412,PARQUE BURNIER.,10072296,15:15:00,9,0,1,9,2025-01-22T00:00:00.000Z,-43.329374790000,-21.763440430000,"Rua Adelaide Campos de Resende, 975"
412,PARQUE BURNIER.,10072301,15:15:00,8,0,1,10,2025-01-22T00:00:00.000Z,-43.330138330000,-21.763252970000,"Rua Adelaide Campos de Resende, 1061"
412,PARQUE BURNIER.,10073561,15:15:00,7,0,0,11,2025-01-22T00:00:00.000Z,-43.331552510000,-21.763418910000,"Rua Olga Burnier, 480"
412,PARQUE BURNIER.,10072358,15:50:00,1,0,0,0,2025-01-22T00:00:00.000Z,-43.328687310000,-21.761675740000,"Rua Natalino José de Paula, 112 - Ponto Final do Parque Burnier"
412,PARQUE BURNIER.,10071108,15:50:00,17,0,12,0,2025-01-22T00:00:00.000Z,-43.349331860000,-21.758144610000,"Avenida Getúlio Vargas, 835"
412,PARQUE BURNIER.,10074194,15:50:00,16,10,1,12,2025-01-22T00:00:00.000Z,-43.342338620000,-21.760505960000,"Rua Ângelo Falci, 55"
412,PARQUE BURNIER.,10072362,15:50:00,3,0,0,0,2025-01-22T00:00:00.000Z,-43.327527760000,-21.762798310000,"Rua Natalino José de Paula, 310"
412,PARQUE BURNIER.,10072363,15:50:00,2,0,0,0,2025-01-22T00:00:00.000Z,-43.327885630000,-21.762179390000,"Rua Natalino José de Paula, 288"
412,PARQUE BURNIER.,10072302,15:50:00,15,0,1,3,2025-01-22T00:00:00.000Z,-43.338029500000,-21.760323850000,"Avenida Sete de Setembro, 623"
412,PARQUE BURNIER.,10072332,15:50:00,14,0,0,4,2025-01-22T00:00:00.000Z,-43.335533860000,-21.760131640000,"Rua São Geraldo, 89"
412,PARQUE BURNIER.,10072337,15:50:00,13,0,0,4,2025-01-22T00:00:00.000Z,-43.334540130000,-21.760522960000,"Rua Olga Burnier, 67"
412,PARQUE BURNIER.,10072335,15:50:00,12,0,0,4,2025-01-22T00:00:00.000Z,-43.333453420000,-21.761562350000,"Rua Olga Burnier, 233"
412,PARQUE BURNIER.,10072382,15:50:00,11,0,0,4,2025-01-22T00:00:00.000Z,-43.332369450000,-21.762522520000,"Rua Olga Burnier, 361"
412,PARQUE BURNIER.,10072380,15:50:00,10,0,0,4,2025-01-22T00:00:00.000Z,-43.331466790000,-21.763337580000,"Rua Olga Burnier, 485"
412,PARQUE BURNIER.,10073584,15:50:00,8,1,0,4,2025-01-22T00:00:00.000Z,-43.329363350000,-21.763255450000,"Rua Adelaide Campos de Resende, 984"
412,PARQUE BURNIER.,10073583,15:50:00,9,0,0,4,2025-01-22T00:00:00.000Z,-43.330207820000,-21.763072230000,"Rua Adelaide Campos de Resende, 1070"
412,PARQUE BURNIER.,10072386,15:50:00,7,1,0,3,2025-01-22T00:00:00.000Z,-43.328850270000,-21.762325320000,"Rua José Teodoro dos Santos, 292"
412,PARQUE BURNIER.,10072384,15:50:00,6,0,0,2,2025-01-22T00:00:00.000Z,-43.327999480000,-21.763301540000,"Rua José Teodoro dos Santos, 126"
412,PARQUE BURNIER.,10072309,15:50:00,5,1,0,2,2025-01-22T00:00:00.000Z,-43.327273730000,-21.763967940000,"Rua José Teodoro dos Santos, 28"
412,PARQUE BURNIER.,10073589,15:50:00,4,1,0,1,2025-01-22T00:00:00.000Z,-43.326568960000,-21.763629600000,"Rua Adelaide Campos de Resende, 706"
412,PARQUE BURNIER.,10073552,16:10:00,3,0,1,21,2025-01-22T00:00:00.000Z,-43.335479020000,-21.760313550000,"Rua São Geraldo, 84"
412,PARQUE BURNIER.,10072305,16:10:00,2,3,0,22,2025-01-22T00:00:00.000Z,-43.337478970000,-21.760922950000,"Rua Djalma de Carvalho, 37"
412,PARQUE BURNIER.,10071108,16:10:00,1,19,0,19,2025-01-22T00:00:00.000Z,-43.349331860000,-21.758144610000,"Avenida Getúlio Vargas, 835"
412,PARQUE BURNIER.,10071503,16:10:00,15,1,0,14,2025-01-22T00:00:00.000Z,-43.326207040000,-21.762717810000,"Rua Natalino José de Paula, 421"
412,PARQUE BURNIER.,10073557,16:10:00,6,0,0,21,2025-01-22T00:00:00.000Z,-43.332479840000,-21.762640710000,"Rua Olga Burnier, 356"
412,PARQUE BURNIER.,10072375,16:10:00,16,0,2,12,2025-01-22T00:00:00.000Z,-43.327420830000,-21.762727850000,"Rua Natalino José de Paula, 319"
412,PARQUE BURNIER.,10073560,16:10:00,5,0,0,21,2025-01-22T00:00:00.000Z,-43.333589670000,-21.761652280000,"Rua Olga Burnier, 230"
412,PARQUE BURNIER.,10072358,16:10:00,18,0,0,11,2025-01-22T00:00:00.000Z,-43.328687310000,-21.761675740000,"Rua Natalino José de Paula, 112 - Ponto Final do Parque Burnier"
412,PARQUE BURNIER.,10073558,16:10:00,4,0,0,21,2025-01-22T00:00:00.000Z,-43.334645750000,-21.760669710000,"Rua Olga Burnier, 70"
412,PARQUE BURNIER.,10072356,16:10:00,17,1,2,11,2025-01-22T00:00:00.000Z,-43.327793950000,-21.762107030000,"Rua Natalino José de Paula, 271"
412,PARQUE BURNIER.,10072359,16:10:00,14,0,1,13,2025-01-22T00:00:00.000Z,-43.326282500000,-21.763143540000,"Rua Adelaide Campos de Resende, 651"
412,PARQUE BURNIER.,10072328,16:10:00,13,0,1,14,2025-01-22T00:00:00.000Z,-43.326450350000,-21.763683320000,"Rua Adelaide Campos de Resende, 669"
412,PARQUE BURNIER.,10072377,16:10:00,12,0,1,15,2025-01-22T00:00:00.000Z,-43.327321890000,-21.764062650000,"Rua José Teodoro dos Santos, 25"
412,PARQUE BURNIER.,10072316,16:10:00,11,0,1,16,2025-01-22T00:00:00.000Z,-43.328204750000,-21.763332370000,"Rua José Teodoro dos Santos, 145"
412,PARQUE BURNIER.,10072313,16:10:00,10,0,4,17,2025-01-22T00:00:00.000Z,-43.328846690000,-21.762504770000,"Rua José Teodoro dos Santos, 275"
412,PARQUE BURNIER.,10072301,16:10:00,8,0,0,21,2025-01-22T00:00:00.000Z,-43.330138330000,-21.763252970000,"Rua Adelaide Campos de Resende, 1061"
412,PARQUE BURNIER.,10072296,16:10:00,9,0,0,21,2025-01-22T00:00:00.000Z,-43.329374790000,-21.763440430000,"Rua Adelaide Campos de Resende, 975"
412,PARQUE BURNIER.,10073561,16:10:00,7,0,0,21,2025-01-22T00:00:00.000Z,-43.331552510000,-21.763418910000,"Rua Olga Burnier, 480"
412,PARQUE BURNIER.,10072358,16:45:00,1,0,0,0,2025-01-22T00:00:00.000Z,-43.328687310000,-21.761675740000,"Rua Natalino José de Paula, 112 - Ponto Final do Parque Burnier"
412,PARQUE BURNIER.,10073589,16:45:00,4,2,0,5,2025-01-22T00:00:00.000Z,-43.326568960000,-21.763629600000,"Rua Adelaide Campos de Resende, 706"
412,PARQUE BURNIER.,10072362,16:45:00,3,1,0,3,2025-01-22T00:00:00.000Z,-43.327527760000,-21.762798310000,"Rua Natalino José de Paula, 310"
412,PARQUE BURNIER.,10072363,16:45:00,2,2,0,2,2025-01-22T00:00:00.000Z,-43.327885630000,-21.762179390000,"Rua Natalino José de Paula, 288"
412,PARQUE BURNIER.,10072302,16:45:00,15,5,0,16,2025-01-22T00:00:00.000Z,-43.338029500000,-21.760323850000,"Avenida Sete de Setembro, 623"
412,PARQUE BURNIER.,10072332,16:45:00,14,0,0,11,2025-01-22T00:00:00.000Z,-43.335533860000,-21.760131640000,"Rua São Geraldo, 89"
412,PARQUE BURNIER.,10071108,16:45:00,17,0,27,4,2025-01-22T00:00:00.000Z,-43.349331860000,-21.758144610000,"Avenida Getúlio Vargas, 835"
412,PARQUE BURNIER.,10072337,16:45:00,13,1,1,11,2025-01-22T00:00:00.000Z,-43.334540130000,-21.760522960000,"Rua Olga Burnier, 67"
412,PARQUE BURNIER.,10072309,16:45:00,5,0,0,5,2025-01-22T00:00:00.000Z,-43.327273730000,-21.763967940000,"Rua José Teodoro dos Santos, 28"
412,PARQUE BURNIER.,10074194,16:45:00,16,17,2,31,2025-01-22T00:00:00.000Z,-43.342338620000,-21.760505960000,"Rua Ângelo Falci, 55"
412,PARQUE BURNIER.,10072335,16:45:00,12,0,0,11,2025-01-22T00:00:00.000Z,-43.333453420000,-21.761562350000,"Rua Olga Burnier, 233"
412,PARQUE BURNIER.,10072382,16:45:00,11,0,0,11,2025-01-22T00:00:00.000Z,-43.332369450000,-21.762522520000,"Rua Olga Burnier, 361"
412,PARQUE BURNIER.,10072380,16:45:00,10,0,0,11,2025-01-22T00:00:00.000Z,-43.331466790000,-21.763337580000,"Rua Olga Burnier, 485"
412,PARQUE BURNIER.,10073583,16:45:00,9,0,0,11,2025-01-22T00:00:00.000Z,-43.330207820000,-21.763072230000,"Rua Adelaide Campos de Resende, 1070"
412,PARQUE BURNIER.,10073584,16:45:00,8,1,0,11,2025-01-22T00:00:00.000Z,-43.329363350000,-21.763255450000,"Rua Adelaide Campos de Resende, 984"
412,PARQUE BURNIER.,10072386,16:45:00,7,5,0,10,2025-01-22T00:00:00.000Z,-43.328850270000,-21.762325320000,"Rua José Teodoro dos Santos, 292"
412,PARQUE BURNIER.,10072384,16:45:00,6,0,0,5,2025-01-22T00:00:00.000Z,-43.327999480000,-21.763301540000,"Rua José Teodoro dos Santos, 126"
412,PARQUE BURNIER.,10072305,17:05:00,2,2,2,34,2025-01-22T00:00:00.000Z,-43.337478970000,-21.760922950000,"Rua Djalma de Carvalho, 37"
412,PARQUE BURNIER.,10071108,17:05:00,1,34,0,34,2025-01-22T00:00:00.000Z,-43.349331860000,-21.758144610000,"Avenida Getúlio Vargas, 835"
412,PARQUE BURNIER.,10073552,17:05:00,3,0,0,34,2025-01-22T00:00:00.000Z,-43.335479020000,-21.760313550000,"Rua São Geraldo, 84"
412,PARQUE BURNIER.,10073557,17:05:00,6,0,0,34,2025-01-22T00:00:00.000Z,-43.332479840000,-21.762640710000,"Rua Olga Burnier, 356"
412,PARQUE BURNIER.,10073560,17:05:00,5,0,0,34,2025-01-22T00:00:00.000Z,-43.333589670000,-21.761652280000,"Rua Olga Burnier, 230"
412,PARQUE BURNIER.,10073558,17:05:00,4,1,1,34,2025-01-22T00:00:00.000Z,-43.334645750000,-21.760669710000,"Rua Olga Burnier, 70"
412,PARQUE BURNIER.,10072358,17:05:00,18,5,0,6,2025-01-22T00:00:00.000Z,-43.328687310000,-21.761675740000,"Rua Natalino José de Paula, 112 - Ponto Final do Parque Burnier"
412,PARQUE BURNIER.,10072375,17:05:00,16,0,0,0,2025-01-22T00:00:00.000Z,-43.327420830000,-21.762727850000,"Rua Natalino José de Paula, 319"
412,PARQUE BURNIER.,10072356,17:05:00,17,1,0,1,2025-01-22T00:00:00.000Z,-43.327793950000,-21.762107030000,"Rua Natalino José de Paula, 271"
412,PARQUE BURNIER.,10072328,17:05:00,13,0,8,14,2025-01-22T00:00:00.000Z,-43.326450350000,-21.763683320000,"Rua Adelaide Campos de Resende, 669"
412,PARQUE BURNIER.,10071503,17:05:00,15,0,6,0,2025-01-22T00:00:00.000Z,-43.326207040000,-21.762717810000,"Rua Natalino José de Paula, 421"
412,PARQUE BURNIER.,10072377,17:05:00,12,0,1,22,2025-01-22T00:00:00.000Z,-43.327321890000,-21.764062650000,"Rua José Teodoro dos Santos, 25"
412,PARQUE BURNIER.,10072359,17:05:00,14,0,8,6,2025-01-22T00:00:00.000Z,-43.326282500000,-21.763143540000,"Rua Adelaide Campos de Resende, 651"
412,PARQUE BURNIER.,10072316,17:05:00,11,0,2,23,2025-01-22T00:00:00.000Z,-43.328204750000,-21.763332370000,"Rua José Teodoro dos Santos, 145"
412,PARQUE BURNIER.,10072313,17:05:00,10,0,7,25,2025-01-22T00:00:00.000Z,-43.328846690000,-21.762504770000,"Rua José Teodoro dos Santos, 275"
412,PARQUE BURNIER.,10072296,17:05:00,9,0,0,32,2025-01-22T00:00:00.000Z,-43.329374790000,-21.763440430000,"Rua Adelaide Campos de Resende, 975"
412,PARQUE BURNIER.,10072301,17:05:00,8,0,0,32,2025-01-22T00:00:00.000Z,-43.330138330000,-21.763252970000,"Rua Adelaide Campos de Resende, 1061"
412,PARQUE BURNIER.,10073561,17:05:00,7,0,2,32,2025-01-22T00:00:00.000Z,-43.331552510000,-21.763418910000,"Rua Olga Burnier, 480"
412,PARQUE BURNIER.,10072362,17:40:00,3,0,0,0,2025-01-22T00:00:00.000Z,-43.327527760000,-21.762798310000,"Rua Natalino José de Paula, 310"
412,PARQUE BURNIER.,10072363,17:40:00,2,0,0,0,2025-01-22T00:00:00.000Z,-43.327885630000,-21.762179390000,"Rua Natalino José de Paula, 288"
412,PARQUE BURNIER.,10073589,17:40:00,4,1,0,1,2025-01-22T00:00:00.000Z,-43.326568960000,-21.763629600000,"Rua Adelaide Campos de Resende, 706"
412,PARQUE BURNIER.,10072358,17:40:00,1,0,0,0,2025-01-22T00:00:00.000Z,-43.328687310000,-21.761675740000,"Rua Natalino José de Paula, 112 - Ponto Final do Parque Burnier"
412,PARQUE BURNIER.,10072335,17:40:00,12,0,1,7,2025-01-22T00:00:00.000Z,-43.333453420000,-21.761562350000,"Rua Olga Burnier, 233"
412,PARQUE BURNIER.,10072382,17:40:00,11,0,0,8,2025-01-22T00:00:00.000Z,-43.332369450000,-21.762522520000,"Rua Olga Burnier, 361"
412,PARQUE BURNIER.,10072380,17:40:00,10,0,0,8,2025-01-22T00:00:00.000Z,-43.331466790000,-21.763337580000,"Rua Olga Burnier, 485"
412,PARQUE BURNIER.,10071108,17:40:00,17,0,24,0,2025-01-22T00:00:00.000Z,-43.349331860000,-21.758144610000,"Avenida Getúlio Vargas, 835"
412,PARQUE BURNIER.,10074194,17:40:00,16,19,1,24,2025-01-22T00:00:00.000Z,-43.342338620000,-21.760505960000,"Rua Ângelo Falci, 55"
412,PARQUE BURNIER.,10072302,17:40:00,15,1,1,6,2025-01-22T00:00:00.000Z,-43.338029500000,-21.760323850000,"Avenida Sete de Setembro, 623"
412,PARQUE BURNIER.,10072332,17:40:00,14,0,0,6,2025-01-22T00:00:00.000Z,-43.335533860000,-21.760131640000,"Rua São Geraldo, 89"
412,PARQUE BURNIER.,10072337,17:40:00,13,0,1,6,2025-01-22T00:00:00.000Z,-43.334540130000,-21.760522960000,"Rua Olga Burnier, 67"
412,PARQUE BURNIER.,10073583,17:40:00,9,0,0,8,2025-01-22T00:00:00.000Z,-43.330207820000,-21.763072230000,"Rua Adelaide Campos de Resende, 1070"
412,PARQUE BURNIER.,10073584,17:40:00,8,0,0,8,2025-01-22T00:00:00.000Z,-43.329363350000,-21.763255450000,"Rua Adelaide Campos de Resende, 984"
412,PARQUE BURNIER.,10072386,17:40:00,7,2,0,8,2025-01-22T00:00:00.000Z,-43.328850270000,-21.762325320000,"Rua José Teodoro dos Santos, 292"
412,PARQUE BURNIER.,10072384,17:40:00,6,4,0,6,2025-01-22T00:00:00.000Z,-43.327999480000,-21.763301540000,"Rua José Teodoro dos Santos, 126"
412,PARQUE BURNIER.,10072309,17:40:00,5,1,0,2,2025-01-22T00:00:00.000Z,-43.327273730000,-21.763967940000,"Rua José Teodoro dos Santos, 28"
412,PARQUE BURNIER.,10073560,18:00:00,5,0,0,2,2025-01-22T00:00:00.000Z,-43.333589670000,-21.761652280000,"Rua Olga Burnier, 230"
412,PARQUE BURNIER.,10073558,18:00:00,4,0,0,2,2025-01-22T00:00:00.000Z,-43.334645750000,-21.760669710000,"Rua Olga Burnier, 70"
412,PARQUE BURNIER.,10073557,18:00:00,6,0,0,2,2025-01-22T00:00:00.000Z,-43.332479840000,-21.762640710000,"Rua Olga Burnier, 356"
412,PARQUE BURNIER.,10073552,18:00:00,3,0,0,2,2025-01-22T00:00:00.000Z,-43.335479020000,-21.760313550000,"Rua São Geraldo, 84"
412,PARQUE BURNIER.,10072358,18:00:00,18,2,3,3,2025-01-22T00:00:00.000Z,-43.328687310000,-21.761675740000,"Rua Natalino José de Paula, 112 - Ponto Final do Parque Burnier"
412,PARQUE BURNIER.,10072356,18:00:00,17,3,0,4,2025-01-22T00:00:00.000Z,-43.327793950000,-21.762107030000,"Rua Natalino José de Paula, 271"
412,PARQUE BURNIER.,10072305,18:00:00,2,1,0,2,2025-01-22T00:00:00.000Z,-43.337478970000,-21.760922950000,"Rua Djalma de Carvalho, 37"
412,PARQUE BURNIER.,10072296,18:00:00,9,0,0,1,2025-01-22T00:00:00.000Z,-43.329374790000,-21.763440430000,"Rua Adelaide Campos de Resende, 975"
412,PARQUE BURNIER.,10072375,18:00:00,16,0,0,1,2025-01-22T00:00:00.000Z,-43.327420830000,-21.762727850000,"Rua Natalino José de Paula, 319"
412,PARQUE BURNIER.,10071503,18:00:00,15,1,0,1,2025-01-22T00:00:00.000Z,-43.326207040000,-21.762717810000,"Rua Natalino José de Paula, 421"
412,PARQUE BURNIER.,10072359,18:00:00,14,0,0,0,2025-01-22T00:00:00.000Z,-43.326282500000,-21.763143540000,"Rua Adelaide Campos de Resende, 651"
412,PARQUE BURNIER.,10072328,18:00:00,13,0,1,0,2025-01-22T00:00:00.000Z,-43.326450350000,-21.763683320000,"Rua Adelaide Campos de Resende, 669"
412,PARQUE BURNIER.,10072377,18:00:00,12,0,0,1,2025-01-22T00:00:00.000Z,-43.327321890000,-21.764062650000,"Rua José Teodoro dos Santos, 25"
412,PARQUE BURNIER.,10072313,18:00:00,10,0,0,1,2025-01-22T00:00:00.000Z,-43.328846690000,-21.762504770000,"Rua José Teodoro dos Santos, 275"
412,PARQUE BURNIER.,10071108,18:00:00,1,1,0,1,2025-01-22T00:00:00.000Z,-43.349331860000,-21.758144610000,"Avenida Getúlio Vargas, 835"
412,PARQUE BURNIER.,10072316,18:00:00,11,0,0,1,2025-01-22T00:00:00.000Z,-43.328204750000,-21.763332370000,"Rua José Teodoro dos Santos, 145"
412,PARQUE BURNIER.,10072301,18:00:00,8,0,0,1,2025-01-22T00:00:00.000Z,-43.330138330000,-21.763252970000,"Rua Adelaide Campos de Resende, 1061"
412,PARQUE BURNIER.,10073561,18:00:00,7,0,1,1,2025-01-22T00:00:00.000Z,-43.331552510000,-21.763418910000,"Rua Olga Burnier, 480"
412,PARQUE BURNIER.,10072358,18:35:00,1,0,0,0,2025-01-22T00:00:00.000Z,-43.328687310000,-21.761675740000,"Rua Natalino José de Paula, 112 - Ponto Final do Parque Burnier"
412,PARQUE BURNIER.,10072386,18:35:00,7,0,0,2,2025-01-22T00:00:00.000Z,-43.328850270000,-21.762325320000,"Rua José Teodoro dos Santos, 292"
412,PARQUE BURNIER.,10072309,18:35:00,5,0,0,2,2025-01-22T00:00:00.000Z,-43.327273730000,-21.763967940000,"Rua José Teodoro dos Santos, 28"
412,PARQUE BURNIER.,10073584,18:35:00,8,0,0,2,2025-01-22T00:00:00.000Z,-43.329363350000,-21.763255450000,"Rua Adelaide Campos de Resende, 984"
412,PARQUE BURNIER.,10073589,18:35:00,4,0,0,2,2025-01-22T00:00:00.000Z,-43.326568960000,-21.763629600000,"Rua Adelaide Campos de Resende, 706"
412,PARQUE BURNIER.,10071108,18:35:00,17,0,18,2,2025-01-22T00:00:00.000Z,-43.349331860000,-21.758144610000,"Avenida Getúlio Vargas, 835"
412,PARQUE BURNIER.,10074194,18:35:00,16,15,1,20,2025-01-22T00:00:00.000Z,-43.342338620000,-21.760505960000,"Rua Ângelo Falci, 55"
412,PARQUE BURNIER.,10072362,18:35:00,3,1,0,2,2025-01-22T00:00:00.000Z,-43.327527760000,-21.762798310000,"Rua Natalino José de Paula, 310"
412,PARQUE BURNIER.,10072302,18:35:00,15,3,0,6,2025-01-22T00:00:00.000Z,-43.338029500000,-21.760323850000,"Avenida Sete de Setembro, 623"
412,PARQUE BURNIER.,10072332,18:35:00,14,0,0,3,2025-01-22T00:00:00.000Z,-43.335533860000,-21.760131640000,"Rua São Geraldo, 89"
412,PARQUE BURNIER.,10072337,18:35:00,13,1,0,3,2025-01-22T00:00:00.000Z,-43.334540130000,-21.760522960000,"Rua Olga Burnier, 67"
412,PARQUE BURNIER.,10072335,18:35:00,12,0,0,2,2025-01-22T00:00:00.000Z,-43.333453420000,-21.761562350000,"Rua Olga Burnier, 233"
412,PARQUE BURNIER.,10072382,18:35:00,11,0,0,2,2025-01-22T00:00:00.000Z,-43.332369450000,-21.762522520000,"Rua Olga Burnier, 361"
412,PARQUE BURNIER.,10073583,18:35:00,9,0,0,2,2025-01-22T00:00:00.000Z,-43.330207820000,-21.763072230000,"Rua Adelaide Campos de Resende, 1070"
412,PARQUE BURNIER.,10072363,18:35:00,2,1,0,1,2025-01-22T00:00:00.000Z,-43.327885630000,-21.762179390000,"Rua Natalino José de Paula, 288"
412,PARQUE BURNIER.,10072380,18:35:00,10,0,0,2,2025-01-22T00:00:00.000Z,-43.331466790000,-21.763337580000,"Rua Olga Burnier, 485"
412,PARQUE BURNIER.,10072384,18:35:00,6,0,0,2,2025-01-22T00:00:00.000Z,-43.327999480000,-21.763301540000,"Rua José Teodoro dos Santos, 126"
412,PARQUE BURNIER.,10072359,18:55:00,14,0,2,9,2025-01-22T00:00:00.000Z,-43.326282500000,-21.763143540000,"Rua Adelaide Campos de Resende, 651"
412,PARQUE BURNIER.,10073561,18:55:00,7,0,0,18,2025-01-22T00:00:00.000Z,-43.331552510000,-21.763418910000,"Rua Olga Burnier, 480"
412,PARQUE BURNIER.,10072358,18:55:00,18,0,0,3,2025-01-22T00:00:00.000Z,-43.328687310000,-21.761675740000,"Rua Natalino José de Paula, 112 - Ponto Final do Parque Burnier"
412,PARQUE BURNIER.,10073557,18:55:00,6,0,1,18,2025-01-22T00:00:00.000Z,-43.332479840000,-21.762640710000,"Rua Olga Burnier, 356"
412,PARQUE BURNIER.,10072356,18:55:00,17,0,1,3,2025-01-22T00:00:00.000Z,-43.327793950000,-21.762107030000,"Rua Natalino José de Paula, 271"
412,PARQUE BURNIER.,10072375,18:55:00,16,1,3,4,2025-01-22T00:00:00.000Z,-43.327420830000,-21.762727850000,"Rua Natalino José de Paula, 319"
412,PARQUE BURNIER.,10073560,18:55:00,5,1,0,19,2025-01-22T00:00:00.000Z,-43.333589670000,-21.761652280000,"Rua Olga Burnier, 230"
412,PARQUE BURNIER.,10071503,18:55:00,15,0,3,6,2025-01-22T00:00:00.000Z,-43.326207040000,-21.762717810000,"Rua Natalino José de Paula, 421"
412,PARQUE BURNIER.,10072328,18:55:00,13,0,2,11,2025-01-22T00:00:00.000Z,-43.326450350000,-21.763683320000,"Rua Adelaide Campos de Resende, 669"
412,PARQUE BURNIER.,10072377,18:55:00,12,0,0,13,2025-01-22T00:00:00.000Z,-43.327321890000,-21.764062650000,"Rua José Teodoro dos Santos, 25"
412,PARQUE BURNIER.,10072316,18:55:00,11,0,0,13,2025-01-22T00:00:00.000Z,-43.328204750000,-21.763332370000,"Rua José Teodoro dos Santos, 145"
412,PARQUE BURNIER.,10072313,18:55:00,10,1,3,13,2025-01-22T00:00:00.000Z,-43.328846690000,-21.762504770000,"Rua José Teodoro dos Santos, 275"
412,PARQUE BURNIER.,10072301,18:55:00,8,0,1,17,2025-01-22T00:00:00.000Z,-43.330138330000,-21.763252970000,"Rua Adelaide Campos de Resende, 1061"
412,PARQUE BURNIER.,10073558,18:55:00,4,0,0,18,2025-01-22T00:00:00.000Z,-43.334645750000,-21.760669710000,"Rua Olga Burnier, 70"
412,PARQUE BURNIER.,10072296,18:55:00,9,0,2,15,2025-01-22T00:00:00.000Z,-43.329374790000,-21.763440430000,"Rua Adelaide Campos de Resende, 975"
412,PARQUE BURNIER.,10073552,18:55:00,3,0,0,18,2025-01-22T00:00:00.000Z,-43.335479020000,-21.760313550000,"Rua São Geraldo, 84"
412,PARQUE BURNIER.,10072305,18:55:00,2,3,0,18,2025-01-22T00:00:00.000Z,-43.337478970000,-21.760922950000,"Rua Djalma de Carvalho, 37"
412,PARQUE BURNIER.,10071108,18:55:00,1,15,0,15,2025-01-22T00:00:00.000Z,-43.349331860000,-21.758144610000,"Avenida Getúlio Vargas, 835"
412,PARQUE BURNIER.,10072358,19:30:00,1,0,0,0,2025-01-22T00:00:00.000Z,-43.328687310000,-21.761675740000,"Rua Natalino José de Paula, 112 - Ponto Final do Parque Burnier"
412,PARQUE BURNIER.,10072363,19:30:00,2,0,0,0,2025-01-22T00:00:00.000Z,-43.327885630000,-21.762179390000,"Rua Natalino José de Paula, 288"
412,PARQUE BURNIER.,10072309,19:30:00,5,0,0,1,2025-01-22T00:00:00.000Z,-43.327273730000,-21.763967940000,"Rua José Teodoro dos Santos, 28"
412,PARQUE BURNIER.,10073589,19:30:00,4,0,0,1,2025-01-22T00:00:00.000Z,-43.326568960000,-21.763629600000,"Rua Adelaide Campos de Resende, 706"
412,PARQUE BURNIER.,10074194,19:30:00,16,10,2,11,2025-01-22T00:00:00.000Z,-43.342338620000,-21.760505960000,"Rua Ângelo Falci, 55"
412,PARQUE BURNIER.,10072335,19:30:00,12,0,0,3,2025-01-22T00:00:00.000Z,-43.333453420000,-21.761562350000,"Rua Olga Burnier, 233"
412,PARQUE BURNIER.,10071108,19:30:00,17,0,11,0,2025-01-22T00:00:00.000Z,-43.349331860000,-21.758144610000,"Avenida Getúlio Vargas, 835"
412,PARQUE BURNIER.,10073584,19:30:00,8,0,0,1,2025-01-22T00:00:00.000Z,-43.329363350000,-21.763255450000,"Rua Adelaide Campos de Resende, 984"
412,PARQUE BURNIER.,10072302,19:30:00,15,2,1,3,2025-01-22T00:00:00.000Z,-43.338029500000,-21.760323850000,"Avenida Sete de Setembro, 623"
412,PARQUE BURNIER.,10072332,19:30:00,14,0,1,2,2025-01-22T00:00:00.000Z,-43.335533860000,-21.760131640000,"Rua São Geraldo, 89"
412,PARQUE BURNIER.,10072386,19:30:00,7,0,0,1,2025-01-22T00:00:00.000Z,-43.328850270000,-21.762325320000,"Rua José Teodoro dos Santos, 292"
412,PARQUE BURNIER.,10072337,19:30:00,13,0,0,3,2025-01-22T00:00:00.000Z,-43.334540130000,-21.760522960000,"Rua Olga Burnier, 67"
412,PARQUE BURNIER.,10072382,19:30:00,11,0,0,3,2025-01-22T00:00:00.000Z,-43.332369450000,-21.762522520000,"Rua Olga Burnier, 361"
412,PARQUE BURNIER.,10072380,19:30:00,10,1,0,3,2025-01-22T00:00:00.000Z,-43.331466790000,-21.763337580000,"Rua Olga Burnier, 485"
412,PARQUE BURNIER.,10073583,19:30:00,9,1,0,2,2025-01-22T00:00:00.000Z,-43.330207820000,-21.763072230000,"Rua Adelaide Campos de Resende, 1070"
412,PARQUE BURNIER.,10072384,19:30:00,6,0,0,1,2025-01-22T00:00:00.000Z,-43.327999480000,-21.763301540000,"Rua José Teodoro dos Santos, 126"
412,PARQUE BURNIER.,10072362,19:30:00,3,1,0,1,2025-01-22T00:00:00.000Z,-43.327527760000,-21.762798310000,"Rua Natalino José de Paula, 310"
412,PARQUE BURNIER.,10073552,19:50:00,3,1,0,10,2025-01-22T00:00:00.000Z,-43.335479020000,-21.760313550000,"Rua São Geraldo, 84"
412,PARQUE BURNIER.,10072305,19:50:00,2,0,0,9,2025-01-22T00:00:00.000Z,-43.337478970000,-21.760922950000,"Rua Djalma de Carvalho, 37"
412,PARQUE BURNIER.,10073558,19:50:00,4,0,0,10,2025-01-22T00:00:00.000Z,-43.334645750000,-21.760669710000,"Rua Olga Burnier, 70"
412,PARQUE BURNIER.,10071108,19:50:00,1,9,0,9,2025-01-22T00:00:00.000Z,-43.349331860000,-21.758144610000,"Avenida Getúlio Vargas, 835"
412,PARQUE BURNIER.,10073560,19:50:00,5,0,0,10,2025-01-22T00:00:00.000Z,-43.333589670000,-21.761652280000,"Rua Olga Burnier, 230"
412,PARQUE BURNIER.,10072358,19:50:00,18,0,0,0,2025-01-22T00:00:00.000Z,-43.328687310000,-21.761675740000,"Rua Natalino José de Paula, 112 - Ponto Final do Parque Burnier"
412,PARQUE BURNIER.,10072356,19:50:00,17,0,4,0,2025-01-22T00:00:00.000Z,-43.327793950000,-21.762107030000,"Rua Natalino José de Paula, 271"
412,PARQUE BURNIER.,10072375,19:50:00,16,0,1,4,2025-01-22T00:00:00.000Z,-43.327420830000,-21.762727850000,"Rua Natalino José de Paula, 319"
412,PARQUE BURNIER.,10071503,19:50:00,15,0,2,5,2025-01-22T00:00:00.000Z,-43.326207040000,-21.762717810000,"Rua Natalino José de Paula, 421"
412,PARQUE BURNIER.,10072359,19:50:00,14,0,1,7,2025-01-22T00:00:00.000Z,-43.326282500000,-21.763143540000,"Rua Adelaide Campos de Resende, 651"
412,PARQUE BURNIER.,10072328,19:50:00,13,0,1,8,2025-01-22T00:00:00.000Z,-43.326450350000,-21.763683320000,"Rua Adelaide Campos de Resende, 669"
412,PARQUE BURNIER.,10072316,19:50:00,11,0,0,10,2025-01-22T00:00:00.000Z,-43.328204750000,-21.763332370000,"Rua José Teodoro dos Santos, 145"
412,PARQUE BURNIER.,10072377,19:50:00,12,0,1,9,2025-01-22T00:00:00.000Z,-43.327321890000,-21.764062650000,"Rua José Teodoro dos Santos, 25"
412,PARQUE BURNIER.,10072313,19:50:00,10,0,0,10,2025-01-22T00:00:00.000Z,-43.328846690000,-21.762504770000,"Rua José Teodoro dos Santos, 275"
412,PARQUE BURNIER.,10072296,19:50:00,9,0,1,10,2025-01-22T00:00:00.000Z,-43.329374790000,-21.763440430000,"Rua Adelaide Campos de Resende, 975"
412,PARQUE BURNIER.,10072301,19:50:00,8,0,0,11,2025-01-22T00:00:00.000Z,-43.330138330000,-21.763252970000,"Rua Adelaide Campos de Resende, 1061"
412,PARQUE BURNIER.,10073561,19:50:00,7,1,0,11,2025-01-22T00:00:00.000Z,-43.331552510000,-21.763418910000,"Rua Olga Burnier, 480"
412,PARQUE BURNIER.,10073557,19:50:00,6,0,0,10,2025-01-22T00:00:00.000Z,-43.332479840000,-21.762640710000,"Rua Olga Burnier, 356"
412,PARQUE BURNIER.,10073589,20:25:00,4,1,0,1,2025-01-22T00:00:00.000Z,-43.326568960000,-21.763629600000,"Rua Adelaide Campos de Resende, 706"
412,PARQUE BURNIER.,10072362,20:25:00,3,0,0,0,2025-01-22T00:00:00.000Z,-43.327527760000,-21.762798310000,"Rua Natalino José de Paula, 310"
412,PARQUE BURNIER.,10072309,20:25:00,5,0,0,1,2025-01-22T00:00:00.000Z,-43.327273730000,-21.763967940000,"Rua José Teodoro dos Santos, 28"
412,PARQUE BURNIER.,10072363,20:25:00,2,0,0,0,2025-01-22T00:00:00.000Z,-43.327885630000,-21.762179390000,"Rua Natalino José de Paula, 288"
412,PARQUE BURNIER.,10071108,20:25:00,17,0,9,1,2025-01-22T00:00:00.000Z,-43.349331860000,-21.758144610000,"Avenida Getúlio Vargas, 835"
412,PARQUE BURNIER.,10072358,20:25:00,1,0,0,0,2025-01-22T00:00:00.000Z,-43.328687310000,-21.761675740000,"Rua Natalino José de Paula, 112 - Ponto Final do Parque Burnier"
412,PARQUE BURNIER.,10072384,20:25:00,6,0,0,1,2025-01-22T00:00:00.000Z,-43.327999480000,-21.763301540000,"Rua José Teodoro dos Santos, 126"
412,PARQUE BURNIER.,10074194,20:25:00,16,8,0,10,2025-01-22T00:00:00.000Z,-43.342338620000,-21.760505960000,"Rua Ângelo Falci, 55"
412,PARQUE BURNIER.,10072302,20:25:00,15,0,0,2,2025-01-22T00:00:00.000Z,-43.338029500000,-21.760323850000,"Avenida Sete de Setembro, 623"
412,PARQUE BURNIER.,10072332,20:25:00,14,0,0,2,2025-01-22T00:00:00.000Z,-43.335533860000,-21.760131640000,"Rua São Geraldo, 89"
412,PARQUE BURNIER.,10072337,20:25:00,13,0,0,2,2025-01-22T00:00:00.000Z,-43.334540130000,-21.760522960000,"Rua Olga Burnier, 67"
412,PARQUE BURNIER.,10072335,20:25:00,12,0,0,2,2025-01-22T00:00:00.000Z,-43.333453420000,-21.761562350000,"Rua Olga Burnier, 233"
412,PARQUE BURNIER.,10072382,20:25:00,11,0,0,2,2025-01-22T00:00:00.000Z,-43.332369450000,-21.762522520000,"Rua Olga Burnier, 361"
412,PARQUE BURNIER.,10073583,20:25:00,9,0,0,1,2025-01-22T00:00:00.000Z,-43.330207820000,-21.763072230000,"Rua Adelaide Campos de Resende, 1070"
412,PARQUE BURNIER.,10072380,20:25:00,10,1,0,2,2025-01-22T00:00:00.000Z,-43.331466790000,-21.763337580000,"Rua Olga Burnier, 485"
412,PARQUE BURNIER.,10073584,20:25:00,8,0,0,1,2025-01-22T00:00:00.000Z,-43.329363350000,-21.763255450000,"Rua Adelaide Campos de Resende, 984"
412,PARQUE BURNIER.,10072386,20:25:00,7,0,0,1,2025-01-22T00:00:00.000Z,-43.328850270000,-21.762325320000,"Rua José Teodoro dos Santos, 292"
412,PARQUE BURNIER.,10072305,20:45:00,2,0,5,27,2025-01-22T00:00:00.000Z,-43.337478970000,-21.760922950000,"Rua Djalma de Carvalho, 37"
412,PARQUE BURNIER.,10071108,20:45:00,1,32,0,32,2025-01-22T00:00:00.000Z,-43.349331860000,-21.758144610000,"Avenida Getúlio Vargas, 835"
412,PARQUE BURNIER.,10072356,20:45:00,17,0,2,12,2025-01-22T00:00:00.000Z,-43.327793950000,-21.762107030000,"Rua Natalino José de Paula, 271"
412,PARQUE BURNIER.,10072375,20:45:00,16,0,1,14,2025-01-22T00:00:00.000Z,-43.327420830000,-21.762727850000,"Rua Natalino José de Paula, 319"
412,PARQUE BURNIER.,10072358,20:45:00,18,1,0,13,2025-01-22T00:00:00.000Z,-43.328687310000,-21.761675740000,"Rua Natalino José de Paula, 112 - Ponto Final do Parque Burnier"
412,PARQUE BURNIER.,10073558,20:45:00,4,1,1,27,2025-01-22T00:00:00.000Z,-43.334645750000,-21.760669710000,"Rua Olga Burnier, 70"
412,PARQUE BURNIER.,10073552,20:45:00,3,0,0,27,2025-01-22T00:00:00.000Z,-43.335479020000,-21.760313550000,"Rua São Geraldo, 84"
412,PARQUE BURNIER.,10071503,20:45:00,15,0,2,15,2025-01-22T00:00:00.000Z,-43.326207040000,-21.762717810000,"Rua Natalino José de Paula, 421"
412,PARQUE BURNIER.,10072359,20:45:00,14,0,2,17,2025-01-22T00:00:00.000Z,-43.326282500000,-21.763143540000,"Rua Adelaide Campos de Resende, 651"
412,PARQUE BURNIER.,10072328,20:45:00,13,0,2,19,2025-01-22T00:00:00.000Z,-43.326450350000,-21.763683320000,"Rua Adelaide Campos de Resende, 669"
412,PARQUE BURNIER.,10072377,20:45:00,12,0,0,21,2025-01-22T00:00:00.000Z,-43.327321890000,-21.764062650000,"Rua José Teodoro dos Santos, 25"
412,PARQUE BURNIER.,10072316,20:45:00,11,0,0,21,2025-01-22T00:00:00.000Z,-43.328204750000,-21.763332370000,"Rua José Teodoro dos Santos, 145"
412,PARQUE BURNIER.,10072313,20:45:00,10,0,5,21,2025-01-22T00:00:00.000Z,-43.328846690000,-21.762504770000,"Rua José Teodoro dos Santos, 275"
412,PARQUE BURNIER.,10072301,20:45:00,8,0,0,28,2025-01-22T00:00:00.000Z,-43.330138330000,-21.763252970000,"Rua Adelaide Campos de Resende, 1061"
412,PARQUE BURNIER.,10072296,20:45:00,9,0,2,26,2025-01-22T00:00:00.000Z,-43.329374790000,-21.763440430000,"Rua Adelaide Campos de Resende, 975"
412,PARQUE BURNIER.,10073561,20:45:00,7,0,0,28,2025-01-22T00:00:00.000Z,-43.331552510000,-21.763418910000,"Rua Olga Burnier, 480"
412,PARQUE BURNIER.,10073557,20:45:00,6,0,0,28,2025-01-22T00:00:00.000Z,-43.332479840000,-21.762640710000,"Rua Olga Burnier, 356"
412,PARQUE BURNIER.,10073560,20:45:00,5,1,0,28,2025-01-22T00:00:00.000Z,-43.333589670000,-21.761652280000,"Rua Olga Burnier, 230"
412,PARQUE BURNIER.,10072362,21:20:00,3,0,0,0,2025-01-22T00:00:00.000Z,-43.327527760000,-21.762798310000,"Rua Natalino José de Paula, 310"
412,PARQUE BURNIER.,10072363,21:20:00,2,0,0,0,2025-01-22T00:00:00.000Z,-43.327885630000,-21.762179390000,"Rua Natalino José de Paula, 288"
412,PARQUE BURNIER.,10072358,21:20:00,1,0,0,0,2025-01-22T00:00:00.000Z,-43.328687310000,-21.761675740000,"Rua Natalino José de Paula, 112 - Ponto Final do Parque Burnier"
412,PARQUE BURNIER.,10072332,21:20:00,14,0,0,0,2025-01-22T00:00:00.000Z,-43.335533860000,-21.760131640000,"Rua São Geraldo, 89"
412,PARQUE BURNIER.,10072384,21:20:00,6,0,0,0,2025-01-22T00:00:00.000Z,-43.327999480000,-21.763301540000,"Rua José Teodoro dos Santos, 126"
412,PARQUE BURNIER.,10072302,21:20:00,15,0,0,0,2025-01-22T00:00:00.000Z,-43.338029500000,-21.760323850000,"Avenida Sete de Setembro, 623"
412,PARQUE BURNIER.,10072309,21:20:00,5,0,0,0,2025-01-22T00:00:00.000Z,-43.327273730000,-21.763967940000,"Rua José Teodoro dos Santos, 28"
412,PARQUE BURNIER.,10071108,21:20:00,17,0,0,5,2025-01-22T00:00:00.000Z,-43.349331860000,-21.758144610000,"Avenida Getúlio Vargas, 835"
412,PARQUE BURNIER.,10073589,21:20:00,4,0,0,0,2025-01-22T00:00:00.000Z,-43.326568960000,-21.763629600000,"Rua Adelaide Campos de Resende, 706"
412,PARQUE BURNIER.,10074194,21:20:00,16,5,0,5,2025-01-22T00:00:00.000Z,-43.342338620000,-21.760505960000,"Rua Ângelo Falci, 55"
412,PARQUE BURNIER.,10072337,21:20:00,13,0,1,0,2025-01-22T00:00:00.000Z,-43.334540130000,-21.760522960000,"Rua Olga Burnier, 67"
412,PARQUE BURNIER.,10072335,21:20:00,12,0,0,1,2025-01-22T00:00:00.000Z,-43.333453420000,-21.761562350000,"Rua Olga Burnier, 233"
412,PARQUE BURNIER.,10072382,21:20:00,11,0,0,1,2025-01-22T00:00:00.000Z,-43.332369450000,-21.762522520000,"Rua Olga Burnier, 361"
412,PARQUE BURNIER.,10072380,21:20:00,10,0,0,1,2025-01-22T00:00:00.000Z,-43.331466790000,-21.763337580000,"Rua Olga Burnier, 485"
412,PARQUE BURNIER.,10073584,21:20:00,8,1,0,1,2025-01-22T00:00:00.000Z,-43.329363350000,-21.763255450000,"Rua Adelaide Campos de Resende, 984"
412,PARQUE BURNIER.,10073583,21:20:00,9,0,0,1,2025-01-22T00:00:00.000Z,-43.330207820000,-21.763072230000,"Rua Adelaide Campos de Resende, 1070"
412,PARQUE BURNIER.,10072386,21:20:00,7,0,0,0,2025-01-22T00:00:00.000Z,-43.328850270000,-21.762325320000,"Rua José Teodoro dos Santos, 292"
412,PARQUE BURNIER.,10072358,22:10:00,1,0,0,0,2025-01-22T00:00:00.000Z,-43.328687310000,-21.761675740000,"Rua Natalino José de Paula, 112 - Ponto Final do Parque Burnier"
412,PARQUE BURNIER.,10073589,22:10:00,4,0,0,0,2025-01-22T00:00:00.000Z,-43.326568960000,-21.763629600000,"Rua Adelaide Campos de Resende, 706"
412,PARQUE BURNIER.,10072362,22:10:00,3,0,0,0,2025-01-22T00:00:00.000Z,-43.327527760000,-21.762798310000,"Rua Natalino José de Paula, 310"
412,PARQUE BURNIER.,10072363,22:10:00,2,0,0,0,2025-01-22T00:00:00.000Z,-43.327885630000,-21.762179390000,"Rua Natalino José de Paula, 288"
412,PARQUE BURNIER.,10072302,22:10:00,15,0,0,0,2025-01-22T00:00:00.000Z,-43.338029500000,-21.760323850000,"Avenida Sete de Setembro, 623"
412,PARQUE BURNIER.,10072332,22:10:00,14,0,0,0,2025-01-22T00:00:00.000Z,-43.335533860000,-21.760131640000,"Rua São Geraldo, 89"
412,PARQUE BURNIER.,10071108,22:10:00,17,0,0,6,2025-01-22T00:00:00.000Z,-43.349331860000,-21.758144610000,"Avenida Getúlio Vargas, 835"
412,PARQUE BURNIER.,10072337,22:10:00,13,0,0,0,2025-01-22T00:00:00.000Z,-43.334540130000,-21.760522960000,"Rua Olga Burnier, 67"
412,PARQUE BURNIER.,10072309,22:10:00,5,0,0,0,2025-01-22T00:00:00.000Z,-43.327273730000,-21.763967940000,"Rua José Teodoro dos Santos, 28"
412,PARQUE BURNIER.,10074194,22:10:00,16,6,0,6,2025-01-22T00:00:00.000Z,-43.342338620000,-21.760505960000,"Rua Ângelo Falci, 55"
412,PARQUE BURNIER.,10072335,22:10:00,12,0,0,0,2025-01-22T00:00:00.000Z,-43.333453420000,-21.761562350000,"Rua Olga Burnier, 233"
412,PARQUE BURNIER.,10072382,22:10:00,11,0,0,0,2025-01-22T00:00:00.000Z,-43.332369450000,-21.762522520000,"Rua Olga Burnier, 361"
412,PARQUE BURNIER.,10072380,22:10:00,10,0,0,0,2025-01-22T00:00:00.000Z,-43.331466790000,-21.763337580000,"Rua Olga Burnier, 485"
412,PARQUE BURNIER.,10073583,22:10:00,9,0,0,0,2025-01-22T00:00:00.000Z,-43.330207820000,-21.763072230000,"Rua Adelaide Campos de Resende, 1070"
412,PARQUE BURNIER.,10073584,22:10:00,8,0,0,0,2025-01-22T00:00:00.000Z,-43.329363350000,-21.763255450000,"Rua Adelaide Campos de Resende, 984"
412,PARQUE BURNIER.,10072386,22:10:00,7,0,0,0,2025-01-22T00:00:00.000Z,-43.328850270000,-21.762325320000,"Rua José Teodoro dos Santos, 292"
412,PARQUE BURNIER.,10072384,22:10:00,6,0,0,0,2025-01-22T00:00:00.000Z,-43.327999480000,-21.763301540000,"Rua José Teodoro dos Santos, 126"
412,PARQUE BURNIER.,10072305,22:30:00,2,0,0,11,2025-01-22T00:00:00.000Z,-43.337478970000,-21.760922950000,"Rua Djalma de Carvalho, 37"
412,PARQUE BURNIER.,10071108,22:30:00,1,11,0,11,2025-01-22T00:00:00.000Z,-43.349331860000,-21.758144610000,"Avenida Getúlio Vargas, 835"
412,PARQUE BURNIER.,10073552,22:30:00,3,0,0,11,2025-01-22T00:00:00.000Z,-43.335479020000,-21.760313550000,"Rua São Geraldo, 84"
412,PARQUE BURNIER.,10073557,22:30:00,6,0,0,11,2025-01-22T00:00:00.000Z,-43.332479840000,-21.762640710000,"Rua Olga Burnier, 356"
412,PARQUE BURNIER.,10073560,22:30:00,5,0,0,11,2025-01-22T00:00:00.000Z,-43.333589670000,-21.761652280000,"Rua Olga Burnier, 230"
412,PARQUE BURNIER.,10073558,22:30:00,4,0,0,11,2025-01-22T00:00:00.000Z,-43.334645750000,-21.760669710000,"Rua Olga Burnier, 70"
412,PARQUE BURNIER.,10072358,22:30:00,18,0,0,7,2025-01-22T00:00:00.000Z,-43.328687310000,-21.761675740000,"Rua Natalino José de Paula, 112 - Ponto Final do Parque Burnier"
412,PARQUE BURNIER.,10072375,22:30:00,16,0,0,7,2025-01-22T00:00:00.000Z,-43.327420830000,-21.762727850000,"Rua Natalino José de Paula, 319"
412,PARQUE BURNIER.,10072356,22:30:00,17,0,0,7,2025-01-22T00:00:00.000Z,-43.327793950000,-21.762107030000,"Rua Natalino José de Paula, 271"
412,PARQUE BURNIER.,10072328,22:30:00,13,0,1,9,2025-01-22T00:00:00.000Z,-43.326450350000,-21.763683320000,"Rua Adelaide Campos de Resende, 669"
412,PARQUE BURNIER.,10071503,22:30:00,15,0,1,7,2025-01-22T00:00:00.000Z,-43.326207040000,-21.762717810000,"Rua Natalino José de Paula, 421"
412,PARQUE BURNIER.,10072377,22:30:00,12,0,0,10,2025-01-22T00:00:00.000Z,-43.327321890000,-21.764062650000,"Rua José Teodoro dos Santos, 25"
412,PARQUE BURNIER.,10072359,22:30:00,14,0,1,8,2025-01-22T00:00:00.000Z,-43.326282500000,-21.763143540000,"Rua Adelaide Campos de Resende, 651"
412,PARQUE BURNIER.,10072316,22:30:00,11,0,0,10,2025-01-22T00:00:00.000Z,-43.328204750000,-21.763332370000,"Rua José Teodoro dos Santos, 145"
412,PARQUE BURNIER.,10072313,22:30:00,10,0,0,10,2025-01-22T00:00:00.000Z,-43.328846690000,-21.762504770000,"Rua José Teodoro dos Santos, 275"
412,PARQUE BURNIER.,10072296,22:30:00,9,0,0,10,2025-01-22T00:00:00.000Z,-43.329374790000,-21.763440430000,"Rua Adelaide Campos de Resende, 975"
412,PARQUE BURNIER.,10072301,22:30:00,8,0,0,10,2025-01-22T00:00:00.000Z,-43.330138330000,-21.763252970000,"Rua Adelaide Campos de Resende, 1061"
412,PARQUE BURNIER.,10073561,22:30:00,7,0,1,10,2025-01-22T00:00:00.000Z,-43.331552510000,-21.763418910000,"Rua Olga Burnier, 480"
412,PARQUE BURNIER.,10072362,05:30:00,3,3,0,4,2025-01-23T00:00:00.000Z,-43.327527760000,-21.762798310000,"Rua Natalino José de Paula, 310"
412,PARQUE BURNIER.,10072363,05:30:00,2,1,0,1,2025-01-23T00:00:00.000Z,-43.327885630000,-21.762179390000,"Rua Natalino José de Paula, 288"
412,PARQUE BURNIER.,10072380,05:30:00,10,0,0,15,2025-01-23T00:00:00.000Z,-43.331466790000,-21.763337580000,"Rua Olga Burnier, 485"
412,PARQUE BURNIER.,10072358,05:30:00,1,0,0,0,2025-01-23T00:00:00.000Z,-43.328687310000,-21.761675740000,"Rua Natalino José de Paula, 112 - Ponto Final do Parque Burnier"
412,PARQUE BURNIER.,10072337,05:30:00,13,0,0,15,2025-01-23T00:00:00.000Z,-43.334540130000,-21.760522960000,"Rua Olga Burnier, 67"
412,PARQUE BURNIER.,10072335,05:30:00,12,0,0,15,2025-01-23T00:00:00.000Z,-43.333453420000,-21.761562350000,"Rua Olga Burnier, 233"
412,PARQUE BURNIER.,10072382,05:30:00,11,0,0,15,2025-01-23T00:00:00.000Z,-43.332369450000,-21.762522520000,"Rua Olga Burnier, 361"
412,PARQUE BURNIER.,10071108,05:30:00,17,0,10,0,2025-01-23T00:00:00.000Z,-43.349331860000,-21.758144610000,"Avenida Getúlio Vargas, 835"
412,PARQUE BURNIER.,10074194,05:30:00,16,0,7,10,2025-01-23T00:00:00.000Z,-43.342338620000,-21.760505960000,"Rua Ângelo Falci, 55"
412,PARQUE BURNIER.,10072302,05:30:00,15,2,0,17,2025-01-23T00:00:00.000Z,-43.338029500000,-21.760323850000,"Avenida Sete de Setembro, 623"
412,PARQUE BURNIER.,10072332,05:30:00,14,0,0,15,2025-01-23T00:00:00.000Z,-43.335533860000,-21.760131640000,"Rua São Geraldo, 89"
412,PARQUE BURNIER.,10073583,05:30:00,9,0,0,15,2025-01-23T00:00:00.000Z,-43.330207820000,-21.763072230000,"Rua Adelaide Campos de Resende, 1070"
412,PARQUE BURNIER.,10073584,05:30:00,8,3,0,15,2025-01-23T00:00:00.000Z,-43.329363350000,-21.763255450000,"Rua Adelaide Campos de Resende, 984"
412,PARQUE BURNIER.,10072386,05:30:00,7,3,0,12,2025-01-23T00:00:00.000Z,-43.328850270000,-21.762325320000,"Rua José Teodoro dos Santos, 292"
412,PARQUE BURNIER.,10072384,05:30:00,6,1,0,9,2025-01-23T00:00:00.000Z,-43.327999480000,-21.763301540000,"Rua José Teodoro dos Santos, 126"
412,PARQUE BURNIER.,10072309,05:30:00,5,0,0,8,2025-01-23T00:00:00.000Z,-43.327273730000,-21.763967940000,"Rua José Teodoro dos Santos, 28"
412,PARQUE BURNIER.,10073589,05:30:00,4,4,0,8,2025-01-23T00:00:00.000Z,-43.326568960000,-21.763629600000,"Rua Adelaide Campos de Resende, 706"
412,PARQUE BURNIER.,10073560,05:51:00,5,0,0,9,2025-01-23T00:00:00.000Z,-43.333589670000,-21.761652280000,"Rua Olga Burnier, 230"
412,PARQUE BURNIER.,10073558,05:51:00,4,0,0,9,2025-01-23T00:00:00.000Z,-43.334645750000,-21.760669710000,"Rua Olga Burnier, 70"
412,PARQUE BURNIER.,10073557,05:51:00,6,0,0,9,2025-01-23T00:00:00.000Z,-43.332479840000,-21.762640710000,"Rua Olga Burnier, 356"
412,PARQUE BURNIER.,10073552,05:51:00,3,0,0,9,2025-01-23T00:00:00.000Z,-43.335479020000,-21.760313550000,"Rua São Geraldo, 84"
412,PARQUE BURNIER.,10072358,05:51:00,18,15,0,15,2025-01-23T00:00:00.000Z,-43.328687310000,-21.761675740000,"Rua Natalino José de Paula, 112 - Ponto Final do Parque Burnier"
412,PARQUE BURNIER.,10072356,05:51:00,17,0,0,0,2025-01-23T00:00:00.000Z,-43.327793950000,-21.762107030000,"Rua Natalino José de Paula, 271"
412,PARQUE BURNIER.,10072305,05:51:00,2,0,0,9,2025-01-23T00:00:00.000Z,-43.337478970000,-21.760922950000,"Rua Djalma de Carvalho, 37"
412,PARQUE BURNIER.,10072296,05:51:00,9,0,2,6,2025-01-23T00:00:00.000Z,-43.329374790000,-21.763440430000,"Rua Adelaide Campos de Resende, 975"
412,PARQUE BURNIER.,10072375,05:51:00,16,0,0,0,2025-01-23T00:00:00.000Z,-43.327420830000,-21.762727850000,"Rua Natalino José de Paula, 319"
412,PARQUE BURNIER.,10071503,05:51:00,15,0,0,0,2025-01-23T00:00:00.000Z,-43.326207040000,-21.762717810000,"Rua Natalino José de Paula, 421"
412,PARQUE BURNIER.,10072359,05:51:00,14,0,0,0,2025-01-23T00:00:00.000Z,-43.326282500000,-21.763143540000,"Rua Adelaide Campos de Resende, 651"
412,PARQUE BURNIER.,10072328,05:51:00,13,0,0,0,2025-01-23T00:00:00.000Z,-43.326450350000,-21.763683320000,"Rua Adelaide Campos de Resende, 669"
412,PARQUE BURNIER.,10072377,05:51:00,12,0,3,0,2025-01-23T00:00:00.000Z,-43.327321890000,-21.764062650000,"Rua José Teodoro dos Santos, 25"
412,PARQUE BURNIER.,10072313,05:51:00,10,0,2,4,2025-01-23T00:00:00.000Z,-43.328846690000,-21.762504770000,"Rua José Teodoro dos Santos, 275"
412,PARQUE BURNIER.,10071108,05:51:00,1,9,0,9,2025-01-23T00:00:00.000Z,-43.349331860000,-21.758144610000,"Avenida Getúlio Vargas, 835"
412,PARQUE BURNIER.,10072316,05:51:00,11,0,1,3,2025-01-23T00:00:00.000Z,-43.328204750000,-21.763332370000,"Rua José Teodoro dos Santos, 145"
412,PARQUE BURNIER.,10072301,05:51:00,8,0,1,8,2025-01-23T00:00:00.000Z,-43.330138330000,-21.763252970000,"Rua Adelaide Campos de Resende, 1061"
412,PARQUE BURNIER.,10073561,05:51:00,7,0,0,9,2025-01-23T00:00:00.000Z,-43.331552510000,-21.763418910000,"Rua Olga Burnier, 480"
412,PARQUE BURNIER.,10072358,06:17:00,1,0,0,0,2025-01-23T00:00:00.000Z,-43.328687310000,-21.761675740000,"Rua Natalino José de Paula, 112 - Ponto Final do Parque Burnier"
412,PARQUE BURNIER.,10072386,06:17:00,7,0,0,20,2025-01-23T00:00:00.000Z,-43.328850270000,-21.762325320000,"Rua José Teodoro dos Santos, 292"
412,PARQUE BURNIER.,10072309,06:17:00,5,3,0,19,2025-01-23T00:00:00.000Z,-43.327273730000,-21.763967940000,"Rua José Teodoro dos Santos, 28"
412,PARQUE BURNIER.,10073584,06:17:00,8,1,0,21,2025-01-23T00:00:00.000Z,-43.329363350000,-21.763255450000,"Rua Adelaide Campos de Resende, 984"
412,PARQUE BURNIER.,10073589,06:17:00,4,11,0,16,2025-01-23T00:00:00.000Z,-43.326568960000,-21.763629600000,"Rua Adelaide Campos de Resende, 706"
412,PARQUE BURNIER.,10071108,06:17:00,17,0,9,18,2025-01-23T00:00:00.000Z,-43.349331860000,-21.758144610000,"Avenida Getúlio Vargas, 835"
412,PARQUE BURNIER.,10074194,06:17:00,16,3,3,27,2025-01-23T00:00:00.000Z,-43.342338620000,-21.760505960000,"Rua Ângelo Falci, 55"
412,PARQUE BURNIER.,10072362,06:17:00,3,0,0,5,2025-01-23T00:00:00.000Z,-43.327527760000,-21.762798310000,"Rua Natalino José de Paula, 310"
412,PARQUE BURNIER.,10072302,06:17:00,15,2,0,27,2025-01-23T00:00:00.000Z,-43.338029500000,-21.760323850000,"Avenida Sete de Setembro, 623"
412,PARQUE BURNIER.,10072332,06:17:00,14,0,0,25,2025-01-23T00:00:00.000Z,-43.335533860000,-21.760131640000,"Rua São Geraldo, 89"
412,PARQUE BURNIER.,10072337,06:17:00,13,0,0,25,2025-01-23T00:00:00.000Z,-43.334540130000,-21.760522960000,"Rua Olga Burnier, 67"
412,PARQUE BURNIER.,10072335,06:17:00,12,1,0,25,2025-01-23T00:00:00.000Z,-43.333453420000,-21.761562350000,"Rua Olga Burnier, 233"
412,PARQUE BURNIER.,10072382,06:17:00,11,1,0,24,2025-01-23T00:00:00.000Z,-43.332369450000,-21.762522520000,"Rua Olga Burnier, 361"
412,PARQUE BURNIER.,10073583,06:17:00,9,1,0,22,2025-01-23T00:00:00.000Z,-43.330207820000,-21.763072230000,"Rua Adelaide Campos de Resende, 1070"
412,PARQUE BURNIER.,10072363,06:17:00,2,5,0,5,2025-01-23T00:00:00.000Z,-43.327885630000,-21.762179390000,"Rua Natalino José de Paula, 288"
412,PARQUE BURNIER.,10072380,06:17:00,10,1,0,23,2025-01-23T00:00:00.000Z,-43.331466790000,-21.763337580000,"Rua Olga Burnier, 485"
412,PARQUE BURNIER.,10072384,06:17:00,6,1,0,20,2025-01-23T00:00:00.000Z,-43.327999480000,-21.763301540000,"Rua José Teodoro dos Santos, 126"
412,PARQUE BURNIER.,10071108,06:38:00,1,6,0,6,2025-01-23T00:00:00.000Z,-43.349331860000,-21.758144610000,"Avenida Getúlio Vargas, 835"
412,PARQUE BURNIER.,10072359,06:38:00,14,0,3,2,2025-01-23T00:00:00.000Z,-43.326282500000,-21.763143540000,"Rua Adelaide Campos de Resende, 651"
412,PARQUE BURNIER.,10073561,06:38:00,7,0,0,6,2025-01-23T00:00:00.000Z,-43.331552510000,-21.763418910000,"Rua Olga Burnier, 480"
412,PARQUE BURNIER.,10072358,06:38:00,18,9,0,9,2025-01-23T00:00:00.000Z,-43.328687310000,-21.761675740000,"Rua Natalino José de Paula, 112 - Ponto Final do Parque Burnier"
412,PARQUE BURNIER.,10073557,06:38:00,6,0,0,6,2025-01-23T00:00:00.000Z,-43.332479840000,-21.762640710000,"Rua Olga Burnier, 356"
412,PARQUE BURNIER.,10072356,06:38:00,17,0,0,0,2025-01-23T00:00:00.000Z,-43.327793950000,-21.762107030000,"Rua Natalino José de Paula, 271"
412,PARQUE BURNIER.,10072375,06:38:00,16,0,0,0,2025-01-23T00:00:00.000Z,-43.327420830000,-21.762727850000,"Rua Natalino José de Paula, 319"
412,PARQUE BURNIER.,10073560,06:38:00,5,0,0,6,2025-01-23T00:00:00.000Z,-43.333589670000,-21.761652280000,"Rua Olga Burnier, 230"
412,PARQUE BURNIER.,10071503,06:38:00,15,0,2,0,2025-01-23T00:00:00.000Z,-43.326207040000,-21.762717810000,"Rua Natalino José de Paula, 421"
412,PARQUE BURNIER.,10072328,06:38:00,13,0,3,5,2025-01-23T00:00:00.000Z,-43.326450350000,-21.763683320000,"Rua Adelaide Campos de Resende, 669"
412,PARQUE BURNIER.,10072377,06:38:00,12,0,0,8,2025-01-23T00:00:00.000Z,-43.327321890000,-21.764062650000,"Rua José Teodoro dos Santos, 25"
412,PARQUE BURNIER.,10072316,06:38:00,11,2,0,8,2025-01-23T00:00:00.000Z,-43.328204750000,-21.763332370000,"Rua José Teodoro dos Santos, 145"
412,PARQUE BURNIER.,10072313,06:38:00,10,0,0,6,2025-01-23T00:00:00.000Z,-43.328846690000,-21.762504770000,"Rua José Teodoro dos Santos, 275"
412,PARQUE BURNIER.,10072301,06:38:00,8,0,0,6,2025-01-23T00:00:00.000Z,-43.330138330000,-21.763252970000,"Rua Adelaide Campos de Resende, 1061"
412,PARQUE BURNIER.,10073558,06:38:00,4,0,0,6,2025-01-23T00:00:00.000Z,-43.334645750000,-21.760669710000,"Rua Olga Burnier, 70"
412,PARQUE BURNIER.,10072296,06:38:00,9,0,0,6,2025-01-23T00:00:00.000Z,-43.329374790000,-21.763440430000,"Rua Adelaide Campos de Resende, 975"
412,PARQUE BURNIER.,10073552,06:38:00,3,0,0,6,2025-01-23T00:00:00.000Z,-43.335479020000,-21.760313550000,"Rua São Geraldo, 84"
412,PARQUE BURNIER.,10072305,06:38:00,2,0,0,6,2025-01-23T00:00:00.000Z,-43.337478970000,-21.760922950000,"Rua Djalma de Carvalho, 37"
412,PARQUE BURNIER.,10072358,07:04:00,1,0,0,0,2025-01-23T00:00:00.000Z,-43.328687310000,-21.761675740000,"Rua Natalino José de Paula, 112 - Ponto Final do Parque Burnier"
412,PARQUE BURNIER.,10072363,07:04:00,2,4,0,4,2025-01-23T00:00:00.000Z,-43.327885630000,-21.762179390000,"Rua Natalino José de Paula, 288"
412,PARQUE BURNIER.,10073589,07:04:00,4,12,0,17,2025-01-23T00:00:00.000Z,-43.326568960000,-21.763629600000,"Rua Adelaide Campos de Resende, 706"
412,PARQUE BURNIER.,10072362,07:04:00,3,1,0,5,2025-01-23T00:00:00.000Z,-43.327527760000,-21.762798310000,"Rua Natalino José de Paula, 310"
412,PARQUE BURNIER.,10074194,07:04:00,16,2,4,24,2025-01-23T00:00:00.000Z,-43.342338620000,-21.760505960000,"Rua Ângelo Falci, 55"
412,PARQUE BURNIER.,10072335,07:04:00,12,1,0,27,2025-01-23T00:00:00.000Z,-43.333453420000,-21.761562350000,"Rua Olga Burnier, 233"
412,PARQUE BURNIER.,10071108,07:04:00,17,0,5,19,2025-01-23T00:00:00.000Z,-43.349331860000,-21.758144610000,"Avenida Getúlio Vargas, 835"
412,PARQUE BURNIER.,10072386,07:04:00,7,3,0,23,2025-01-23T00:00:00.000Z,-43.328850270000,-21.762325320000,"Rua José Teodoro dos Santos, 292"
412,PARQUE BURNIER.,10072302,07:04:00,15,0,1,26,2025-01-23T00:00:00.000Z,-43.338029500000,-21.760323850000,"Avenida Sete de Setembro, 623"
412,PARQUE BURNIER.,10072332,07:04:00,14,0,0,27,2025-01-23T00:00:00.000Z,-43.335533860000,-21.760131640000,"Rua São Geraldo, 89"
412,PARQUE BURNIER.,10072384,07:04:00,6,3,0,20,2025-01-23T00:00:00.000Z,-43.327999480000,-21.763301540000,"Rua José Teodoro dos Santos, 126"
412,PARQUE BURNIER.,10072337,07:04:00,13,0,0,27,2025-01-23T00:00:00.000Z,-43.334540130000,-21.760522960000,"Rua Olga Burnier, 67"
412,PARQUE BURNIER.,10072382,07:04:00,11,1,0,26,2025-01-23T00:00:00.000Z,-43.332369450000,-21.762522520000,"Rua Olga Burnier, 361"
412,PARQUE BURNIER.,10072380,07:04:00,10,0,0,25,2025-01-23T00:00:00.000Z,-43.331466790000,-21.763337580000,"Rua Olga Burnier, 485"
412,PARQUE BURNIER.,10073583,07:04:00,9,0,0,25,2025-01-23T00:00:00.000Z,-43.330207820000,-21.763072230000,"Rua Adelaide Campos de Resende, 1070"
412,PARQUE BURNIER.,10073584,07:04:00,8,2,0,25,2025-01-23T00:00:00.000Z,-43.329363350000,-21.763255450000,"Rua Adelaide Campos de Resende, 984"
412,PARQUE BURNIER.,10072309,07:04:00,5,0,0,17,2025-01-23T00:00:00.000Z,-43.327273730000,-21.763967940000,"Rua José Teodoro dos Santos, 28"
412,PARQUE BURNIER.,10073552,07:25:00,3,0,0,3,2025-01-23T00:00:00.000Z,-43.335479020000,-21.760313550000,"Rua São Geraldo, 84"
412,PARQUE BURNIER.,10072305,07:25:00,2,1,0,3,2025-01-23T00:00:00.000Z,-43.337478970000,-21.760922950000,"Rua Djalma de Carvalho, 37"
412,PARQUE BURNIER.,10073558,07:25:00,4,0,0,3,2025-01-23T00:00:00.000Z,-43.334645750000,-21.760669710000,"Rua Olga Burnier, 70"
412,PARQUE BURNIER.,10071108,07:25:00,1,2,0,2,2025-01-23T00:00:00.000Z,-43.349331860000,-21.758144610000,"Avenida Getúlio Vargas, 835"
412,PARQUE BURNIER.,10073560,07:25:00,5,0,0,3,2025-01-23T00:00:00.000Z,-43.333589670000,-21.761652280000,"Rua Olga Burnier, 230"
412,PARQUE BURNIER.,10072358,07:25:00,18,2,0,5,2025-01-23T00:00:00.000Z,-43.328687310000,-21.761675740000,"Rua Natalino José de Paula, 112 - Ponto Final do Parque Burnier"
412,PARQUE BURNIER.,10072356,07:25:00,17,0,1,3,2025-01-23T00:00:00.000Z,-43.327793950000,-21.762107030000,"Rua Natalino José de Paula, 271"
412,PARQUE BURNIER.,10072375,07:25:00,16,0,0,4,2025-01-23T00:00:00.000Z,-43.327420830000,-21.762727850000,"Rua Natalino José de Paula, 319"
412,PARQUE BURNIER.,10071503,07:25:00,15,0,0,4,2025-01-23T00:00:00.000Z,-43.326207040000,-21.762717810000,"Rua Natalino José de Paula, 421"
412,PARQUE BURNIER.,10072359,07:25:00,14,0,0,4,2025-01-23T00:00:00.000Z,-43.326282500000,-21.763143540000,"Rua Adelaide Campos de Resende, 651"
412,PARQUE BURNIER.,10072328,07:25:00,13,0,0,4,2025-01-23T00:00:00.000Z,-43.326450350000,-21.763683320000,"Rua Adelaide Campos de Resende, 669"
412,PARQUE BURNIER.,10072316,07:25:00,11,0,0,4,2025-01-23T00:00:00.000Z,-43.328204750000,-21.763332370000,"Rua José Teodoro dos Santos, 145"
412,PARQUE BURNIER.,10072377,07:25:00,12,0,0,4,2025-01-23T00:00:00.000Z,-43.327321890000,-21.764062650000,"Rua José Teodoro dos Santos, 25"
412,PARQUE BURNIER.,10072313,07:25:00,10,0,0,4,2025-01-23T00:00:00.000Z,-43.328846690000,-21.762504770000,"Rua José Teodoro dos Santos, 275"
412,PARQUE BURNIER.,10072296,07:25:00,9,0,0,4,2025-01-23T00:00:00.000Z,-43.329374790000,-21.763440430000,"Rua Adelaide Campos de Resende, 975"
412,PARQUE BURNIER.,10072301,07:25:00,8,0,0,4,2025-01-23T00:00:00.000Z,-43.330138330000,-21.763252970000,"Rua Adelaide Campos de Resende, 1061"
412,PARQUE BURNIER.,10073561,07:25:00,7,0,0,4,2025-01-23T00:00:00.000Z,-43.331552510000,-21.763418910000,"Rua Olga Burnier, 480"
412,PARQUE BURNIER.,10073557,07:25:00,6,1,0,4,2025-01-23T00:00:00.000Z,-43.332479840000,-21.762640710000,"Rua Olga Burnier, 356"
412,PARQUE BURNIER.,10073589,07:51:00,4,4,0,14,2025-01-23T00:00:00.000Z,-43.326568960000,-21.763629600000,"Rua Adelaide Campos de Resende, 706"
412,PARQUE BURNIER.,10072362,07:51:00,3,6,0,10,2025-01-23T00:00:00.000Z,-43.327527760000,-21.762798310000,"Rua Natalino José de Paula, 310"
412,PARQUE BURNIER.,10072309,07:51:00,5,1,1,14,2025-01-23T00:00:00.000Z,-43.327273730000,-21.763967940000,"Rua José Teodoro dos Santos, 28"
412,PARQUE BURNIER.,10072363,07:51:00,2,4,0,4,2025-01-23T00:00:00.000Z,-43.327885630000,-21.762179390000,"Rua Natalino José de Paula, 288"
412,PARQUE BURNIER.,10071108,07:51:00,17,0,20,11,2025-01-23T00:00:00.000Z,-43.349331860000,-21.758144610000,"Avenida Getúlio Vargas, 835"
412,PARQUE BURNIER.,10072358,07:51:00,1,0,0,0,2025-01-23T00:00:00.000Z,-43.328687310000,-21.761675740000,"Rua Natalino José de Paula, 112 - Ponto Final do Parque Burnier"
412,PARQUE BURNIER.,10072384,07:51:00,6,3,0,17,2025-01-23T00:00:00.000Z,-43.327999480000,-21.763301540000,"Rua José Teodoro dos Santos, 126"
412,PARQUE BURNIER.,10074194,07:51:00,16,2,9,31,2025-01-23T00:00:00.000Z,-43.342338620000,-21.760505960000,"Rua Ângelo Falci, 55"
412,PARQUE BURNIER.,10072302,07:51:00,15,4,0,38,2025-01-23T00:00:00.000Z,-43.338029500000,-21.760323850000,"Avenida Sete de Setembro, 623"
412,PARQUE BURNIER.,10072332,07:51:00,14,1,0,34,2025-01-23T00:00:00.000Z,-43.335533860000,-21.760131640000,"Rua São Geraldo, 89"
412,PARQUE BURNIER.,10072337,07:51:00,13,0,0,33,2025-01-23T00:00:00.000Z,-43.334540130000,-21.760522960000,"Rua Olga Burnier, 67"
412,PARQUE BURNIER.,10072335,07:51:00,12,2,0,33,2025-01-23T00:00:00.000Z,-43.333453420000,-21.761562350000,"Rua Olga Burnier, 233"
412,PARQUE BURNIER.,10072382,07:51:00,11,2,0,31,2025-01-23T00:00:00.000Z,-43.332369450000,-21.762522520000,"Rua Olga Burnier, 361"
412,PARQUE BURNIER.,10073583,07:51:00,9,2,0,29,2025-01-23T00:00:00.000Z,-43.330207820000,-21.763072230000,"Rua Adelaide Campos de Resende, 1070"
412,PARQUE BURNIER.,10072380,07:51:00,10,0,0,29,2025-01-23T00:00:00.000Z,-43.331466790000,-21.763337580000,"Rua Olga Burnier, 485"
412,PARQUE BURNIER.,10073584,07:51:00,8,5,1,27,2025-01-23T00:00:00.000Z,-43.329363350000,-21.763255450000,"Rua Adelaide Campos de Resende, 984"
412,PARQUE BURNIER.,10072386,07:51:00,7,6,0,23,2025-01-23T00:00:00.000Z,-43.328850270000,-21.762325320000,"Rua José Teodoro dos Santos, 292"
412,PARQUE BURNIER.,10072375,08:12:00,16,0,0,0,2025-01-23T00:00:00.000Z,-43.327420830000,-21.762727850000,"Rua Natalino José de Paula, 319"
412,PARQUE BURNIER.,10071108,08:12:00,1,7,0,7,2025-01-23T00:00:00.000Z,-43.349331860000,-21.758144610000,"Avenida Getúlio Vargas, 835"
412,PARQUE BURNIER.,10072358,08:12:00,18,4,0,4,2025-01-23T00:00:00.000Z,-43.328687310000,-21.761675740000,"Rua Natalino José de Paula, 112 - Ponto Final do Parque Burnier"
412,PARQUE BURNIER.,10072356,08:12:00,17,0,0,0,2025-01-23T00:00:00.000Z,-43.327793950000,-21.762107030000,"Rua Natalino José de Paula, 271"
412,PARQUE BURNIER.,10071503,08:12:00,15,0,0,0,2025-01-23T00:00:00.000Z,-43.326207040000,-21.762717810000,"Rua Natalino José de Paula, 421"
412,PARQUE BURNIER.,10072359,08:12:00,14,0,0,0,2025-01-23T00:00:00.000Z,-43.326282500000,-21.763143540000,"Rua Adelaide Campos de Resende, 651"
412,PARQUE BURNIER.,10072328,08:12:00,13,0,0,0,2025-01-23T00:00:00.000Z,-43.326450350000,-21.763683320000,"Rua Adelaide Campos de Resende, 669"
412,PARQUE BURNIER.,10072377,08:12:00,12,0,0,0,2025-01-23T00:00:00.000Z,-43.327321890000,-21.764062650000,"Rua José Teodoro dos Santos, 25"
412,PARQUE BURNIER.,10072316,08:12:00,11,0,1,0,2025-01-23T00:00:00.000Z,-43.328204750000,-21.763332370000,"Rua José Teodoro dos Santos, 145"
412,PARQUE BURNIER.,10072313,08:12:00,10,0,2,1,2025-01-23T00:00:00.000Z,-43.328846690000,-21.762504770000,"Rua José Teodoro dos Santos, 275"
412,PARQUE BURNIER.,10072301,08:12:00,8,0,0,5,2025-01-23T00:00:00.000Z,-43.330138330000,-21.763252970000,"Rua Adelaide Campos de Resende, 1061"
412,PARQUE BURNIER.,10072296,08:12:00,9,2,4,3,2025-01-23T00:00:00.000Z,-43.329374790000,-21.763440430000,"Rua Adelaide Campos de Resende, 975"
412,PARQUE BURNIER.,10073561,08:12:00,7,0,0,5,2025-01-23T00:00:00.000Z,-43.331552510000,-21.763418910000,"Rua Olga Burnier, 480"
412,PARQUE BURNIER.,10073557,08:12:00,6,0,0,5,2025-01-23T00:00:00.000Z,-43.332479840000,-21.762640710000,"Rua Olga Burnier, 356"
412,PARQUE BURNIER.,10073560,08:12:00,5,0,0,5,2025-01-23T00:00:00.000Z,-43.333589670000,-21.761652280000,"Rua Olga Burnier, 230"
412,PARQUE BURNIER.,10073558,08:12:00,4,0,0,5,2025-01-23T00:00:00.000Z,-43.334645750000,-21.760669710000,"Rua Olga Burnier, 70"
412,PARQUE BURNIER.,10073552,08:12:00,3,0,0,5,2025-01-23T00:00:00.000Z,-43.335479020000,-21.760313550000,"Rua São Geraldo, 84"
412,PARQUE BURNIER.,10072305,08:12:00,2,0,2,5,2025-01-23T00:00:00.000Z,-43.337478970000,-21.760922950000,"Rua Djalma de Carvalho, 37"
412,PARQUE BURNIER.,10072362,08:38:00,3,5,0,6,2025-01-23T00:00:00.000Z,-43.327527760000,-21.762798310000,"Rua Natalino José de Paula, 310"
412,PARQUE BURNIER.,10072363,08:38:00,2,1,0,1,2025-01-23T00:00:00.000Z,-43.327885630000,-21.762179390000,"Rua Natalino José de Paula, 288"
412,PARQUE BURNIER.,10072358,08:38:00,1,0,0,0,2025-01-23T00:00:00.000Z,-43.328687310000,-21.761675740000,"Rua Natalino José de Paula, 112 - Ponto Final do Parque Burnier"
412,PARQUE BURNIER.,10072332,08:38:00,14,1,0,33,2025-01-23T00:00:00.000Z,-43.335533860000,-21.760131640000,"Rua São Geraldo, 89"
412,PARQUE BURNIER.,10072384,08:38:00,6,1,0,17,2025-01-23T00:00:00.000Z,-43.327999480000,-21.763301540000,"Rua José Teodoro dos Santos, 126"
412,PARQUE BURNIER.,10072302,08:38:00,15,3,1,35,2025-01-23T00:00:00.000Z,-43.338029500000,-21.760323850000,"Avenida Sete de Setembro, 623"
412,PARQUE BURNIER.,10072309,08:38:00,5,2,0,16,2025-01-23T00:00:00.000Z,-43.327273730000,-21.763967940000,"Rua José Teodoro dos Santos, 28"
412,PARQUE BURNIER.,10071108,08:38:00,17,0,19,15,2025-01-23T00:00:00.000Z,-43.349331860000,-21.758144610000,"Avenida Getúlio Vargas, 835"
412,PARQUE BURNIER.,10073589,08:38:00,4,8,0,14,2025-01-23T00:00:00.000Z,-43.326568960000,-21.763629600000,"Rua Adelaide Campos de Resende, 706"
412,PARQUE BURNIER.,10074194,08:38:00,16,7,8,34,2025-01-23T00:00:00.000Z,-43.342338620000,-21.760505960000,"Rua Ângelo Falci, 55"
412,PARQUE BURNIER.,10072337,08:38:00,13,1,0,32,2025-01-23T00:00:00.000Z,-43.334540130000,-21.760522960000,"Rua Olga Burnier, 67"
412,PARQUE BURNIER.,10072335,08:38:00,12,0,0,31,2025-01-23T00:00:00.000Z,-43.333453420000,-21.761562350000,"Rua Olga Burnier, 233"
412,PARQUE BURNIER.,10072382,08:38:00,11,4,0,31,2025-01-23T00:00:00.000Z,-43.332369450000,-21.762522520000,"Rua Olga Burnier, 361"
412,PARQUE BURNIER.,10072380,08:38:00,10,1,0,27,2025-01-23T00:00:00.000Z,-43.331466790000,-21.763337580000,"Rua Olga Burnier, 485"
412,PARQUE BURNIER.,10073584,08:38:00,8,2,1,23,2025-01-23T00:00:00.000Z,-43.329363350000,-21.763255450000,"Rua Adelaide Campos de Resende, 984"
412,PARQUE BURNIER.,10073583,08:38:00,9,3,0,26,2025-01-23T00:00:00.000Z,-43.330207820000,-21.763072230000,"Rua Adelaide Campos de Resende, 1070"
412,PARQUE BURNIER.,10072386,08:38:00,7,5,0,22,2025-01-23T00:00:00.000Z,-43.328850270000,-21.762325320000,"Rua José Teodoro dos Santos, 292"
412,PARQUE BURNIER.,10071108,08:59:00,1,20,0,20,2025-01-23T00:00:00.000Z,-43.349331860000,-21.758144610000,"Avenida Getúlio Vargas, 835"
412,PARQUE BURNIER.,10072305,08:59:00,2,1,4,17,2025-01-23T00:00:00.000Z,-43.337478970000,-21.760922950000,"Rua Djalma de Carvalho, 37"
412,PARQUE BURNIER.,10073560,08:59:00,5,0,0,16,2025-01-23T00:00:00.000Z,-43.333589670000,-21.761652280000,"Rua Olga Burnier, 230"
412,PARQUE BURNIER.,10073558,08:59:00,4,0,0,16,2025-01-23T00:00:00.000Z,-43.334645750000,-21.760669710000,"Rua Olga Burnier, 70"
412,PARQUE BURNIER.,10073552,08:59:00,3,0,1,16,2025-01-23T00:00:00.000Z,-43.335479020000,-21.760313550000,"Rua São Geraldo, 84"
412,PARQUE BURNIER.,10072356,08:59:00,17,0,1,12,2025-01-23T00:00:00.000Z,-43.327793950000,-21.762107030000,"Rua Natalino José de Paula, 271"
412,PARQUE BURNIER.,10071503,08:59:00,15,1,0,16,2025-01-23T00:00:00.000Z,-43.326207040000,-21.762717810000,"Rua Natalino José de Paula, 421"
412,PARQUE BURNIER.,10072358,08:59:00,18,6,0,18,2025-01-23T00:00:00.000Z,-43.328687310000,-21.761675740000,"Rua Natalino José de Paula, 112 - Ponto Final do Parque Burnier"
412,PARQUE BURNIER.,10072359,08:59:00,14,0,0,15,2025-01-23T00:00:00.000Z,-43.326282500000,-21.763143540000,"Rua Adelaide Campos de Resende, 651"
412,PARQUE BURNIER.,10072328,08:59:00,13,0,0,15,2025-01-23T00:00:00.000Z,-43.326450350000,-21.763683320000,"Rua Adelaide Campos de Resende, 669"
412,PARQUE BURNIER.,10072375,08:59:00,16,0,3,13,2025-01-23T00:00:00.000Z,-43.327420830000,-21.762727850000,"Rua Natalino José de Paula, 319"
412,PARQUE BURNIER.,10072377,08:59:00,12,0,0,15,2025-01-23T00:00:00.000Z,-43.327321890000,-21.764062650000,"Rua José Teodoro dos Santos, 25"
412,PARQUE BURNIER.,10072316,08:59:00,11,0,0,15,2025-01-23T00:00:00.000Z,-43.328204750000,-21.763332370000,"Rua José Teodoro dos Santos, 145"
412,PARQUE BURNIER.,10072313,08:59:00,10,0,1,15,2025-01-23T00:00:00.000Z,-43.328846690000,-21.762504770000,"Rua José Teodoro dos Santos, 275"
412,PARQUE BURNIER.,10072296,08:59:00,9,0,0,16,2025-01-23T00:00:00.000Z,-43.329374790000,-21.763440430000,"Rua Adelaide Campos de Resende, 975"
412,PARQUE BURNIER.,10072301,08:59:00,8,0,0,16,2025-01-23T00:00:00.000Z,-43.330138330000,-21.763252970000,"Rua Adelaide Campos de Resende, 1061"
412,PARQUE BURNIER.,10073561,08:59:00,7,0,0,16,2025-01-23T00:00:00.000Z,-43.331552510000,-21.763418910000,"Rua Olga Burnier, 480"
412,PARQUE BURNIER.,10073557,08:59:00,6,0,0,16,2025-01-23T00:00:00.000Z,-43.332479840000,-21.762640710000,"Rua Olga Burnier, 356"
412,PARQUE BURNIER.,10072363,09:25:00,2,1,0,1,2025-01-23T00:00:00.000Z,-43.327885630000,-21.762179390000,"Rua Natalino José de Paula, 288"
412,PARQUE BURNIER.,10072358,09:25:00,1,0,0,0,2025-01-23T00:00:00.000Z,-43.328687310000,-21.761675740000,"Rua Natalino José de Paula, 112 - Ponto Final do Parque Burnier"
412,PARQUE BURNIER.,10072362,09:25:00,3,2,0,3,2025-01-23T00:00:00.000Z,-43.327527760000,-21.762798310000,"Rua Natalino José de Paula, 310"
412,PARQUE BURNIER.,10072384,09:25:00,6,1,0,7,2025-01-23T00:00:00.000Z,-43.327999480000,-21.763301540000,"Rua José Teodoro dos Santos, 126"
412,PARQUE BURNIER.,10072309,09:25:00,5,0,1,6,2025-01-23T00:00:00.000Z,-43.327273730000,-21.763967940000,"Rua José Teodoro dos Santos, 28"
412,PARQUE BURNIER.,10073589,09:25:00,4,4,0,7,2025-01-23T00:00:00.000Z,-43.326568960000,-21.763629600000,"Rua Adelaide Campos de Resende, 706"
412,PARQUE BURNIER.,10071108,09:25:00,17,0,20,0,2025-01-23T00:00:00.000Z,-43.349331860000,-21.758144610000,"Avenida Getúlio Vargas, 835"
412,PARQUE BURNIER.,10072302,09:25:00,15,0,1,22,2025-01-23T00:00:00.000Z,-43.338029500000,-21.760323850000,"Avenida Sete de Setembro, 623"
412,PARQUE BURNIER.,10074194,09:25:00,16,7,9,20,2025-01-23T00:00:00.000Z,-43.342338620000,-21.760505960000,"Rua Ângelo Falci, 55"
412,PARQUE BURNIER.,10072335,09:25:00,12,0,0,22,2025-01-23T00:00:00.000Z,-43.333453420000,-21.761562350000,"Rua Olga Burnier, 233"
412,PARQUE BURNIER.,10072332,09:25:00,14,1,0,23,2025-01-23T00:00:00.000Z,-43.335533860000,-21.760131640000,"Rua São Geraldo, 89"
412,PARQUE BURNIER.,10072382,09:25:00,11,0,0,22,2025-01-23T00:00:00.000Z,-43.332369450000,-21.762522520000,"Rua Olga Burnier, 361"
412,PARQUE BURNIER.,10072337,09:25:00,13,0,0,22,2025-01-23T00:00:00.000Z,-43.334540130000,-21.760522960000,"Rua Olga Burnier, 67"
412,PARQUE BURNIER.,10072380,09:25:00,10,3,0,22,2025-01-23T00:00:00.000Z,-43.331466790000,-21.763337580000,"Rua Olga Burnier, 485"
412,PARQUE BURNIER.,10073583,09:25:00,9,2,0,19,2025-01-23T00:00:00.000Z,-43.330207820000,-21.763072230000,"Rua Adelaide Campos de Resende, 1070"
412,PARQUE BURNIER.,10073584,09:25:00,8,8,1,17,2025-01-23T00:00:00.000Z,-43.329363350000,-21.763255450000,"Rua Adelaide Campos de Resende, 984"
412,PARQUE BURNIER.,10072386,09:25:00,7,3,0,10,2025-01-23T00:00:00.000Z,-43.328850270000,-21.762325320000,"Rua José Teodoro dos Santos, 292"
412,PARQUE BURNIER.,10073558,09:45:00,4,0,0,1,2025-01-23T00:00:00.000Z,-43.334645750000,-21.760669710000,"Rua Olga Burnier, 70"
412,PARQUE BURNIER.,10073552,09:45:00,3,0,0,1,2025-01-23T00:00:00.000Z,-43.335479020000,-21.760313550000,"Rua São Geraldo, 84"
412,PARQUE BURNIER.,10072313,09:45:00,10,0,0,2,2025-01-23T00:00:00.000Z,-43.328846690000,-21.762504770000,"Rua José Teodoro dos Santos, 275"
412,PARQUE BURNIER.,10072305,09:45:00,2,1,0,1,2025-01-23T00:00:00.000Z,-43.337478970000,-21.760922950000,"Rua Djalma de Carvalho, 37"
412,PARQUE BURNIER.,10072358,09:45:00,18,5,0,5,2025-01-23T00:00:00.000Z,-43.328687310000,-21.761675740000,"Rua Natalino José de Paula, 112 - Ponto Final do Parque Burnier"
412,PARQUE BURNIER.,10072377,09:45:00,12,0,0,2,2025-01-23T00:00:00.000Z,-43.327321890000,-21.764062650000,"Rua José Teodoro dos Santos, 25"
412,PARQUE BURNIER.,10071108,09:45:00,1,0,0,0,2025-01-23T00:00:00.000Z,-43.349331860000,-21.758144610000,"Avenida Getúlio Vargas, 835"
412,PARQUE BURNIER.,10072316,09:45:00,11,0,0,2,2025-01-23T00:00:00.000Z,-43.328204750000,-21.763332370000,"Rua José Teodoro dos Santos, 145"
412,PARQUE BURNIER.,10072356,09:45:00,17,0,0,0,2025-01-23T00:00:00.000Z,-43.327793950000,-21.762107030000,"Rua Natalino José de Paula, 271"
412,PARQUE BURNIER.,10072375,09:45:00,16,0,0,0,2025-01-23T00:00:00.000Z,-43.327420830000,-21.762727850000,"Rua Natalino José de Paula, 319"
412,PARQUE BURNIER.,10071503,09:45:00,15,0,2,0,2025-01-23T00:00:00.000Z,-43.326207040000,-21.762717810000,"Rua Natalino José de Paula, 421"
412,PARQUE BURNIER.,10072359,09:45:00,14,0,0,2,2025-01-23T00:00:00.000Z,-43.326282500000,-21.763143540000,"Rua Adelaide Campos de Resende, 651"
412,PARQUE BURNIER.,10072328,09:45:00,13,0,0,2,2025-01-23T00:00:00.000Z,-43.326450350000,-21.763683320000,"Rua Adelaide Campos de Resende, 669"
412,PARQUE BURNIER.,10072296,09:45:00,9,1,0,2,2025-01-23T00:00:00.000Z,-43.329374790000,-21.763440430000,"Rua Adelaide Campos de Resende, 975"
412,PARQUE BURNIER.,10072301,09:45:00,8,0,0,1,2025-01-23T00:00:00.000Z,-43.330138330000,-21.763252970000,"Rua Adelaide Campos de Resende, 1061"
412,PARQUE BURNIER.,10073561,09:45:00,7,0,0,1,2025-01-23T00:00:00.000Z,-43.331552510000,-21.763418910000,"Rua Olga Burnier, 480"
412,PARQUE BURNIER.,10073557,09:45:00,6,0,0,1,2025-01-23T00:00:00.000Z,-43.332479840000,-21.762640710000,"Rua Olga Burnier, 356"
412,PARQUE BURNIER.,10073560,09:45:00,5,0,0,1,2025-01-23T00:00:00.000Z,-43.333589670000,-21.761652280000,"Rua Olga Burnier, 230"
412,PARQUE BURNIER.,10072309,10:20:00,5,0,0,1,2025-01-23T00:00:00.000Z,-43.327273730000,-21.763967940000,"Rua José Teodoro dos Santos, 28"
412,PARQUE BURNIER.,10073589,10:20:00,4,0,0,1,2025-01-23T00:00:00.000Z,-43.326568960000,-21.763629600000,"Rua Adelaide Campos de Resende, 706"
412,PARQUE BURNIER.,10072384,10:20:00,6,1,1,1,2025-01-23T00:00:00.000Z,-43.327999480000,-21.763301540000,"Rua José Teodoro dos Santos, 126"
412,PARQUE BURNIER.,10072362,10:20:00,3,1,0,1,2025-01-23T00:00:00.000Z,-43.327527760000,-21.762798310000,"Rua Natalino José de Paula, 310"
412,PARQUE BURNIER.,10071108,10:20:00,17,0,15,7,2025-01-23T00:00:00.000Z,-43.349331860000,-21.758144610000,"Avenida Getúlio Vargas, 835"
412,PARQUE BURNIER.,10074194,10:20:00,16,13,0,22,2025-01-23T00:00:00.000Z,-43.342338620000,-21.760505960000,"Rua Ângelo Falci, 55"
412,PARQUE BURNIER.,10072363,10:20:00,2,0,0,0,2025-01-23T00:00:00.000Z,-43.327885630000,-21.762179390000,"Rua Natalino José de Paula, 288"
412,PARQUE BURNIER.,10073584,10:20:00,8,2,2,2,2025-01-23T00:00:00.000Z,-43.329363350000,-21.763255450000,"Rua Adelaide Campos de Resende, 984"
412,PARQUE BURNIER.,10072302,10:20:00,15,4,0,9,2025-01-23T00:00:00.000Z,-43.338029500000,-21.760323850000,"Avenida Sete de Setembro, 623"
412,PARQUE BURNIER.,10072332,10:20:00,14,0,0,5,2025-01-23T00:00:00.000Z,-43.335533860000,-21.760131640000,"Rua São Geraldo, 89"
412,PARQUE BURNIER.,10072337,10:20:00,13,0,0,5,2025-01-23T00:00:00.000Z,-43.334540130000,-21.760522960000,"Rua Olga Burnier, 67"
412,PARQUE BURNIER.,10072335,10:20:00,12,0,0,5,2025-01-23T00:00:00.000Z,-43.333453420000,-21.761562350000,"Rua Olga Burnier, 233"
412,PARQUE BURNIER.,10072382,10:20:00,11,0,0,5,2025-01-23T00:00:00.000Z,-43.332369450000,-21.762522520000,"Rua Olga Burnier, 361"
412,PARQUE BURNIER.,10073583,10:20:00,9,0,0,2,2025-01-23T00:00:00.000Z,-43.330207820000,-21.763072230000,"Rua Adelaide Campos de Resende, 1070"
412,PARQUE BURNIER.,10072358,10:20:00,1,0,0,0,2025-01-23T00:00:00.000Z,-43.328687310000,-21.761675740000,"Rua Natalino José de Paula, 112 - Ponto Final do Parque Burnier"
412,PARQUE BURNIER.,10072380,10:20:00,10,3,0,5,2025-01-23T00:00:00.000Z,-43.331466790000,-21.763337580000,"Rua Olga Burnier, 485"
412,PARQUE BURNIER.,10072386,10:20:00,7,2,1,2,2025-01-23T00:00:00.000Z,-43.328850270000,-21.762325320000,"Rua José Teodoro dos Santos, 292"
412,PARQUE BURNIER.,10072305,10:40:00,2,0,0,12,2025-01-23T00:00:00.000Z,-43.337478970000,-21.760922950000,"Rua Djalma de Carvalho, 37"
412,PARQUE BURNIER.,10071108,10:40:00,1,12,0,12,2025-01-23T00:00:00.000Z,-43.349331860000,-21.758144610000,"Avenida Getúlio Vargas, 835"
412,PARQUE BURNIER.,10072301,10:40:00,8,0,0,11,2025-01-23T00:00:00.000Z,-43.330138330000,-21.763252970000,"Rua Adelaide Campos de Resende, 1061"
412,PARQUE BURNIER.,10073561,10:40:00,7,0,0,11,2025-01-23T00:00:00.000Z,-43.331552510000,-21.763418910000,"Rua Olga Burnier, 480"
412,PARQUE BURNIER.,10071503,10:40:00,15,0,0,11,2025-01-23T00:00:00.000Z,-43.326207040000,-21.762717810000,"Rua Natalino José de Paula, 421"
412,PARQUE BURNIER.,10073560,10:40:00,5,0,0,12,2025-01-23T00:00:00.000Z,-43.333589670000,-21.761652280000,"Rua Olga Burnier, 230"
412,PARQUE BURNIER.,10072358,10:40:00,18,1,0,10,2025-01-23T00:00:00.000Z,-43.328687310000,-21.761675740000,"Rua Natalino José de Paula, 112 - Ponto Final do Parque Burnier"
412,PARQUE BURNIER.,10072356,10:40:00,17,0,1,9,2025-01-23T00:00:00.000Z,-43.327793950000,-21.762107030000,"Rua Natalino José de Paula, 271"
412,PARQUE BURNIER.,10073558,10:40:00,4,0,0,12,2025-01-23T00:00:00.000Z,-43.334645750000,-21.760669710000,"Rua Olga Burnier, 70"
412,PARQUE BURNIER.,10072375,10:40:00,16,0,1,10,2025-01-23T00:00:00.000Z,-43.327420830000,-21.762727850000,"Rua Natalino José de Paula, 319"
412,PARQUE BURNIER.,10072359,10:40:00,14,0,0,11,2025-01-23T00:00:00.000Z,-43.326282500000,-21.763143540000,"Rua Adelaide Campos de Resende, 651"
412,PARQUE BURNIER.,10072328,10:40:00,13,0,0,11,2025-01-23T00:00:00.000Z,-43.326450350000,-21.763683320000,"Rua Adelaide Campos de Resende, 669"
412,PARQUE BURNIER.,10072377,10:40:00,12,0,0,11,2025-01-23T00:00:00.000Z,-43.327321890000,-21.764062650000,"Rua José Teodoro dos Santos, 25"
412,PARQUE BURNIER.,10072316,10:40:00,11,0,0,11,2025-01-23T00:00:00.000Z,-43.328204750000,-21.763332370000,"Rua José Teodoro dos Santos, 145"
412,PARQUE BURNIER.,10072296,10:40:00,9,0,0,11,2025-01-23T00:00:00.000Z,-43.329374790000,-21.763440430000,"Rua Adelaide Campos de Resende, 975"
412,PARQUE BURNIER.,10073552,10:40:00,3,0,0,12,2025-01-23T00:00:00.000Z,-43.335479020000,-21.760313550000,"Rua São Geraldo, 84"
412,PARQUE BURNIER.,10072313,10:40:00,10,0,0,11,2025-01-23T00:00:00.000Z,-43.328846690000,-21.762504770000,"Rua José Teodoro dos Santos, 275"
412,PARQUE BURNIER.,10073557,10:40:00,6,0,1,11,2025-01-23T00:00:00.000Z,-43.332479840000,-21.762640710000,"Rua Olga Burnier, 356"
412,PARQUE BURNIER.,10072337,11:15:00,13,1,0,14,2025-01-23T00:00:00.000Z,-43.334540130000,-21.760522960000,"Rua Olga Burnier, 67"
412,PARQUE BURNIER.,10072386,11:15:00,7,3,1,9,2025-01-23T00:00:00.000Z,-43.328850270000,-21.762325320000,"Rua José Teodoro dos Santos, 292"
412,PARQUE BURNIER.,10071108,11:15:00,17,0,19,0,2025-01-23T00:00:00.000Z,-43.349331860000,-21.758144610000,"Avenida Getúlio Vargas, 835"
412,PARQUE BURNIER.,10072384,11:15:00,6,0,1,7,2025-01-23T00:00:00.000Z,-43.327999480000,-21.763301540000,"Rua José Teodoro dos Santos, 126"
412,PARQUE BURNIER.,10074194,11:15:00,16,12,7,19,2025-01-23T00:00:00.000Z,-43.342338620000,-21.760505960000,"Rua Ângelo Falci, 55"
412,PARQUE BURNIER.,10072302,11:15:00,15,0,0,14,2025-01-23T00:00:00.000Z,-43.338029500000,-21.760323850000,"Avenida Sete de Setembro, 623"
412,PARQUE BURNIER.,10072309,11:15:00,5,1,0,8,2025-01-23T00:00:00.000Z,-43.327273730000,-21.763967940000,"Rua José Teodoro dos Santos, 28"
412,PARQUE BURNIER.,10072332,11:15:00,14,0,0,14,2025-01-23T00:00:00.000Z,-43.335533860000,-21.760131640000,"Rua São Geraldo, 89"
412,PARQUE BURNIER.,10072335,11:15:00,12,0,0,13,2025-01-23T00:00:00.000Z,-43.333453420000,-21.761562350000,"Rua Olga Burnier, 233"
412,PARQUE BURNIER.,10072382,11:15:00,11,0,0,13,2025-01-23T00:00:00.000Z,-43.332369450000,-21.762522520000,"Rua Olga Burnier, 361"
412,PARQUE BURNIER.,10072380,11:15:00,10,1,0,13,2025-01-23T00:00:00.000Z,-43.331466790000,-21.763337580000,"Rua Olga Burnier, 485"
412,PARQUE BURNIER.,10073583,11:15:00,9,1,0,12,2025-01-23T00:00:00.000Z,-43.330207820000,-21.763072230000,"Rua Adelaide Campos de Resende, 1070"
412,PARQUE BURNIER.,10073584,11:15:00,8,5,3,11,2025-01-23T00:00:00.000Z,-43.329363350000,-21.763255450000,"Rua Adelaide Campos de Resende, 984"
412,PARQUE BURNIER.,10073589,11:15:00,4,6,0,7,2025-01-23T00:00:00.000Z,-43.326568960000,-21.763629600000,"Rua Adelaide Campos de Resende, 706"
412,PARQUE BURNIER.,10072362,11:15:00,3,1,0,1,2025-01-23T00:00:00.000Z,-43.327527760000,-21.762798310000,"Rua Natalino José de Paula, 310"
412,PARQUE BURNIER.,10072363,11:15:00,2,0,0,0,2025-01-23T00:00:00.000Z,-43.327885630000,-21.762179390000,"Rua Natalino José de Paula, 288"
412,PARQUE BURNIER.,10072358,11:15:00,1,0,0,0,2025-01-23T00:00:00.000Z,-43.328687310000,-21.761675740000,"Rua Natalino José de Paula, 112 - Ponto Final do Parque Burnier"
412,PARQUE BURNIER.,10072305,11:35:00,2,0,0,16,2025-01-23T00:00:00.000Z,-43.337478970000,-21.760922950000,"Rua Djalma de Carvalho, 37"
412,PARQUE BURNIER.,10071108,11:35:00,1,16,0,16,2025-01-23T00:00:00.000Z,-43.349331860000,-21.758144610000,"Avenida Getúlio Vargas, 835"
412,PARQUE BURNIER.,10073552,11:35:00,3,0,0,16,2025-01-23T00:00:00.000Z,-43.335479020000,-21.760313550000,"Rua São Geraldo, 84"
412,PARQUE BURNIER.,10073560,11:35:00,5,0,0,17,2025-01-23T00:00:00.000Z,-43.333589670000,-21.761652280000,"Rua Olga Burnier, 230"
412,PARQUE BURNIER.,10073558,11:35:00,4,1,0,17,2025-01-23T00:00:00.000Z,-43.334645750000,-21.760669710000,"Rua Olga Burnier, 70"
412,PARQUE BURNIER.,10072358,11:35:00,18,0,1,8,2025-01-23T00:00:00.000Z,-43.328687310000,-21.761675740000,"Rua Natalino José de Paula, 112 - Ponto Final do Parque Burnier"
412,PARQUE BURNIER.,10072375,11:35:00,16,1,0,8,2025-01-23T00:00:00.000Z,-43.327420830000,-21.762727850000,"Rua Natalino José de Paula, 319"
412,PARQUE BURNIER.,10072356,11:35:00,17,1,0,9,2025-01-23T00:00:00.000Z,-43.327793950000,-21.762107030000,"Rua Natalino José de Paula, 271"
412,PARQUE BURNIER.,10072377,11:35:00,12,0,0,16,2025-01-23T00:00:00.000Z,-43.327321890000,-21.764062650000,"Rua José Teodoro dos Santos, 25"
412,PARQUE BURNIER.,10071503,11:35:00,15,0,3,7,2025-01-23T00:00:00.000Z,-43.326207040000,-21.762717810000,"Rua Natalino José de Paula, 421"
412,PARQUE BURNIER.,10072359,11:35:00,14,0,3,10,2025-01-23T00:00:00.000Z,-43.326282500000,-21.763143540000,"Rua Adelaide Campos de Resende, 651"
412,PARQUE BURNIER.,10073561,11:35:00,7,0,0,17,2025-01-23T00:00:00.000Z,-43.331552510000,-21.763418910000,"Rua Olga Burnier, 480"
412,PARQUE BURNIER.,10072328,11:35:00,13,0,3,13,2025-01-23T00:00:00.000Z,-43.326450350000,-21.763683320000,"Rua Adelaide Campos de Resende, 669"
412,PARQUE BURNIER.,10072316,11:35:00,11,0,0,16,2025-01-23T00:00:00.000Z,-43.328204750000,-21.763332370000,"Rua José Teodoro dos Santos, 145"
412,PARQUE BURNIER.,10072313,11:35:00,10,0,0,16,2025-01-23T00:00:00.000Z,-43.328846690000,-21.762504770000,"Rua José Teodoro dos Santos, 275"
412,PARQUE BURNIER.,10072296,11:35:00,9,0,0,16,2025-01-23T00:00:00.000Z,-43.329374790000,-21.763440430000,"Rua Adelaide Campos de Resende, 975"
412,PARQUE BURNIER.,10072301,11:35:00,8,0,1,16,2025-01-23T00:00:00.000Z,-43.330138330000,-21.763252970000,"Rua Adelaide Campos de Resende, 1061"
412,PARQUE BURNIER.,10073557,11:35:00,6,0,0,17,2025-01-23T00:00:00.000Z,-43.332479840000,-21.762640710000,"Rua Olga Burnier, 356"
412,PARQUE BURNIER.,10072362,12:10:00,3,4,0,7,2025-01-23T00:00:00.000Z,-43.327527760000,-21.762798310000,"Rua Natalino José de Paula, 310"
412,PARQUE BURNIER.,10072363,12:10:00,2,3,0,3,2025-01-23T00:00:00.000Z,-43.327885630000,-21.762179390000,"Rua Natalino José de Paula, 288"
412,PARQUE BURNIER.,10073589,12:10:00,4,2,0,9,2025-01-23T00:00:00.000Z,-43.326568960000,-21.763629600000,"Rua Adelaide Campos de Resende, 706"
412,PARQUE BURNIER.,10072358,12:10:00,1,0,0,0,2025-01-23T00:00:00.000Z,-43.328687310000,-21.761675740000,"Rua Natalino José de Paula, 112 - Ponto Final do Parque Burnier"
412,PARQUE BURNIER.,10072309,12:10:00,5,3,0,12,2025-01-23T00:00:00.000Z,-43.327273730000,-21.763967940000,"Rua José Teodoro dos Santos, 28"
412,PARQUE BURNIER.,10071108,12:10:00,17,0,16,3,2025-01-23T00:00:00.000Z,-43.349331860000,-21.758144610000,"Avenida Getúlio Vargas, 835"
412,PARQUE BURNIER.,10074194,12:10:00,16,12,5,19,2025-01-23T00:00:00.000Z,-43.342338620000,-21.760505960000,"Rua Ângelo Falci, 55"
412,PARQUE BURNIER.,10072302,12:10:00,15,0,0,12,2025-01-23T00:00:00.000Z,-43.338029500000,-21.760323850000,"Avenida Sete de Setembro, 623"
412,PARQUE BURNIER.,10072332,12:10:00,14,0,1,12,2025-01-23T00:00:00.000Z,-43.335533860000,-21.760131640000,"Rua São Geraldo, 89"
412,PARQUE BURNIER.,10072337,12:10:00,13,0,0,13,2025-01-23T00:00:00.000Z,-43.334540130000,-21.760522960000,"Rua Olga Burnier, 67"
412,PARQUE BURNIER.,10072335,12:10:00,12,0,0,13,2025-01-23T00:00:00.000Z,-43.333453420000,-21.761562350000,"Rua Olga Burnier, 233"
412,PARQUE BURNIER.,10072380,12:10:00,10,0,0,13,2025-01-23T00:00:00.000Z,-43.331466790000,-21.763337580000,"Rua Olga Burnier, 485"
412,PARQUE BURNIER.,10072382,12:10:00,11,0,0,13,2025-01-23T00:00:00.000Z,-43.332369450000,-21.762522520000,"Rua Olga Burnier, 361"
412,PARQUE BURNIER.,10073583,12:10:00,9,1,0,13,2025-01-23T00:00:00.000Z,-43.330207820000,-21.763072230000,"Rua Adelaide Campos de Resende, 1070"
412,PARQUE BURNIER.,10073584,12:10:00,8,2,3,12,2025-01-23T00:00:00.000Z,-43.329363350000,-21.763255450000,"Rua Adelaide Campos de Resende, 984"
412,PARQUE BURNIER.,10072386,12:10:00,7,2,1,13,2025-01-23T00:00:00.000Z,-43.328850270000,-21.762325320000,"Rua José Teodoro dos Santos, 292"
412,PARQUE BURNIER.,10072384,12:10:00,6,1,1,12,2025-01-23T00:00:00.000Z,-43.327999480000,-21.763301540000,"Rua José Teodoro dos Santos, 126"
412,PARQUE BURNIER.,10071108,12:30:00,1,12,0,12,2025-01-23T00:00:00.000Z,-43.349331860000,-21.758144610000,"Avenida Getúlio Vargas, 835"
412,PARQUE BURNIER.,10073560,12:30:00,5,1,0,16,2025-01-23T00:00:00.000Z,-43.333589670000,-21.761652280000,"Rua Olga Burnier, 230"
412,PARQUE BURNIER.,10073558,12:30:00,4,1,0,15,2025-01-23T00:00:00.000Z,-43.334645750000,-21.760669710000,"Rua Olga Burnier, 70"
412,PARQUE BURNIER.,10073557,12:30:00,6,0,0,16,2025-01-23T00:00:00.000Z,-43.332479840000,-21.762640710000,"Rua Olga Burnier, 356"
412,PARQUE BURNIER.,10073552,12:30:00,3,0,0,14,2025-01-23T00:00:00.000Z,-43.335479020000,-21.760313550000,"Rua São Geraldo, 84"
412,PARQUE BURNIER.,10072358,12:30:00,18,4,0,10,2025-01-23T00:00:00.000Z,-43.328687310000,-21.761675740000,"Rua Natalino José de Paula, 112 - Ponto Final do Parque Burnier"
412,PARQUE BURNIER.,10072305,12:30:00,2,2,0,14,2025-01-23T00:00:00.000Z,-43.337478970000,-21.760922950000,"Rua Djalma de Carvalho, 37"
412,PARQUE BURNIER.,10072356,12:30:00,17,0,0,6,2025-01-23T00:00:00.000Z,-43.327793950000,-21.762107030000,"Rua Natalino José de Paula, 271"
412,PARQUE BURNIER.,10072375,12:30:00,16,0,0,6,2025-01-23T00:00:00.000Z,-43.327420830000,-21.762727850000,"Rua Natalino José de Paula, 319"
412,PARQUE BURNIER.,10071503,12:30:00,15,0,4,6,2025-01-23T00:00:00.000Z,-43.326207040000,-21.762717810000,"Rua Natalino José de Paula, 421"
412,PARQUE BURNIER.,10072359,12:30:00,14,0,3,10,2025-01-23T00:00:00.000Z,-43.326282500000,-21.763143540000,"Rua Adelaide Campos de Resende, 651"
412,PARQUE BURNIER.,10072328,12:30:00,13,0,3,13,2025-01-23T00:00:00.000Z,-43.326450350000,-21.763683320000,"Rua Adelaide Campos de Resende, 669"
412,PARQUE BURNIER.,10072377,12:30:00,12,0,0,16,2025-01-23T00:00:00.000Z,-43.327321890000,-21.764062650000,"Rua José Teodoro dos Santos, 25"
412,PARQUE BURNIER.,10072316,12:30:00,11,0,0,16,2025-01-23T00:00:00.000Z,-43.328204750000,-21.763332370000,"Rua José Teodoro dos Santos, 145"
412,PARQUE BURNIER.,10072296,12:30:00,9,0,0,16,2025-01-23T00:00:00.000Z,-43.329374790000,-21.763440430000,"Rua Adelaide Campos de Resende, 975"
412,PARQUE BURNIER.,10072313,12:30:00,10,0,0,16,2025-01-23T00:00:00.000Z,-43.328846690000,-21.762504770000,"Rua José Teodoro dos Santos, 275"
412,PARQUE BURNIER.,10072301,12:30:00,8,0,0,16,2025-01-23T00:00:00.000Z,-43.330138330000,-21.763252970000,"Rua Adelaide Campos de Resende, 1061"
412,PARQUE BURNIER.,10073561,12:30:00,7,0,0,16,2025-01-23T00:00:00.000Z,-43.331552510000,-21.763418910000,"Rua Olga Burnier, 480"
412,PARQUE BURNIER.,10072363,13:05:00,2,5,0,5,2025-01-23T00:00:00.000Z,-43.327885630000,-21.762179390000,"Rua Natalino José de Paula, 288"
412,PARQUE BURNIER.,10072358,13:05:00,1,0,0,0,2025-01-23T00:00:00.000Z,-43.328687310000,-21.761675740000,"Rua Natalino José de Paula, 112 - Ponto Final do Parque Burnier"
412,PARQUE BURNIER.,10074194,13:05:00,16,9,1,19,2025-01-23T00:00:00.000Z,-43.342338620000,-21.760505960000,"Rua Ângelo Falci, 55"
412,PARQUE BURNIER.,10072302,13:05:00,15,0,0,11,2025-01-23T00:00:00.000Z,-43.338029500000,-21.760323850000,"Avenida Sete de Setembro, 623"
412,PARQUE BURNIER.,10071108,13:05:00,17,0,18,1,2025-01-23T00:00:00.000Z,-43.349331860000,-21.758144610000,"Avenida Getúlio Vargas, 835"
412,PARQUE BURNIER.,10073589,13:05:00,4,3,0,12,2025-01-23T00:00:00.000Z,-43.326568960000,-21.763629600000,"Rua Adelaide Campos de Resende, 706"
412,PARQUE BURNIER.,10072362,13:05:00,3,4,0,9,2025-01-23T00:00:00.000Z,-43.327527760000,-21.762798310000,"Rua Natalino José de Paula, 310"
412,PARQUE BURNIER.,10072332,13:05:00,14,0,1,11,2025-01-23T00:00:00.000Z,-43.335533860000,-21.760131640000,"Rua São Geraldo, 89"
412,PARQUE BURNIER.,10072337,13:05:00,13,0,0,12,2025-01-23T00:00:00.000Z,-43.334540130000,-21.760522960000,"Rua Olga Burnier, 67"
412,PARQUE BURNIER.,10072335,13:05:00,12,0,0,12,2025-01-23T00:00:00.000Z,-43.333453420000,-21.761562350000,"Rua Olga Burnier, 233"
412,PARQUE BURNIER.,10072382,13:05:00,11,0,0,12,2025-01-23T00:00:00.000Z,-43.332369450000,-21.762522520000,"Rua Olga Burnier, 361"
412,PARQUE BURNIER.,10072380,13:05:00,10,0,0,12,2025-01-23T00:00:00.000Z,-43.331466790000,-21.763337580000,"Rua Olga Burnier, 485"
412,PARQUE BURNIER.,10073584,13:05:00,8,1,3,12,2025-01-23T00:00:00.000Z,-43.329363350000,-21.763255450000,"Rua Adelaide Campos de Resende, 984"
412,PARQUE BURNIER.,10073583,13:05:00,9,0,0,12,2025-01-23T00:00:00.000Z,-43.330207820000,-21.763072230000,"Rua Adelaide Campos de Resende, 1070"
412,PARQUE BURNIER.,10072386,13:05:00,7,1,1,14,2025-01-23T00:00:00.000Z,-43.328850270000,-21.762325320000,"Rua José Teodoro dos Santos, 292"
412,PARQUE BURNIER.,10072384,13:05:00,6,1,1,14,2025-01-23T00:00:00.000Z,-43.327999480000,-21.763301540000,"Rua José Teodoro dos Santos, 126"
412,PARQUE BURNIER.,10072309,13:05:00,5,2,0,14,2025-01-23T00:00:00.000Z,-43.327273730000,-21.763967940000,"Rua José Teodoro dos Santos, 28"
412,PARQUE BURNIER.,10071108,13:25:00,1,8,0,8,2025-01-23T00:00:00.000Z,-43.349331860000,-21.758144610000,"Avenida Getúlio Vargas, 835"
412,PARQUE BURNIER.,10073558,13:25:00,4,0,0,9,2025-01-23T00:00:00.000Z,-43.334645750000,-21.760669710000,"Rua Olga Burnier, 70"
412,PARQUE BURNIER.,10073552,13:25:00,3,0,0,9,2025-01-23T00:00:00.000Z,-43.335479020000,-21.760313550000,"Rua São Geraldo, 84"
412,PARQUE BURNIER.,10072305,13:25:00,2,1,0,9,2025-01-23T00:00:00.000Z,-43.337478970000,-21.760922950000,"Rua Djalma de Carvalho, 37"
412,PARQUE BURNIER.,10071503,13:25:00,15,0,2,7,2025-01-23T00:00:00.000Z,-43.326207040000,-21.762717810000,"Rua Natalino José de Paula, 421"
412,PARQUE BURNIER.,10072359,13:25:00,14,0,0,9,2025-01-23T00:00:00.000Z,-43.326282500000,-21.763143540000,"Rua Adelaide Campos de Resende, 651"
412,PARQUE BURNIER.,10072358,13:25:00,18,3,0,8,2025-01-23T00:00:00.000Z,-43.328687310000,-21.761675740000,"Rua Natalino José de Paula, 112 - Ponto Final do Parque Burnier"
412,PARQUE BURNIER.,10073557,13:25:00,6,0,1,8,2025-01-23T00:00:00.000Z,-43.332479840000,-21.762640710000,"Rua Olga Burnier, 356"
412,PARQUE BURNIER.,10072356,13:25:00,17,0,1,5,2025-01-23T00:00:00.000Z,-43.327793950000,-21.762107030000,"Rua Natalino José de Paula, 271"
412,PARQUE BURNIER.,10073560,13:25:00,5,0,0,9,2025-01-23T00:00:00.000Z,-43.333589670000,-21.761652280000,"Rua Olga Burnier, 230"
412,PARQUE BURNIER.,10072375,13:25:00,16,0,1,6,2025-01-23T00:00:00.000Z,-43.327420830000,-21.762727850000,"Rua Natalino José de Paula, 319"
412,PARQUE BURNIER.,10072328,13:25:00,13,1,0,9,2025-01-23T00:00:00.000Z,-43.326450350000,-21.763683320000,"Rua Adelaide Campos de Resende, 669"
412,PARQUE BURNIER.,10072377,13:25:00,12,0,0,8,2025-01-23T00:00:00.000Z,-43.327321890000,-21.764062650000,"Rua José Teodoro dos Santos, 25"
412,PARQUE BURNIER.,10072316,13:25:00,11,0,0,8,2025-01-23T00:00:00.000Z,-43.328204750000,-21.763332370000,"Rua José Teodoro dos Santos, 145"
412,PARQUE BURNIER.,10072313,13:25:00,10,0,0,8,2025-01-23T00:00:00.000Z,-43.328846690000,-21.762504770000,"Rua José Teodoro dos Santos, 275"
412,PARQUE BURNIER.,10072301,13:25:00,8,0,0,8,2025-01-23T00:00:00.000Z,-43.330138330000,-21.763252970000,"Rua Adelaide Campos de Resende, 1061"
412,PARQUE BURNIER.,10072296,13:25:00,9,0,0,8,2025-01-23T00:00:00.000Z,-43.329374790000,-21.763440430000,"Rua Adelaide Campos de Resende, 975"
412,PARQUE BURNIER.,10073561,13:25:00,7,0,0,8,2025-01-23T00:00:00.000Z,-43.331552510000,-21.763418910000,"Rua Olga Burnier, 480"
412,PARQUE BURNIER.,10072358,14:00:00,1,0,0,0,2025-01-23T00:00:00.000Z,-43.328687310000,-21.761675740000,"Rua Natalino José de Paula, 112 - Ponto Final do Parque Burnier"
412,PARQUE BURNIER.,10072363,14:00:00,2,3,0,3,2025-01-23T00:00:00.000Z,-43.327885630000,-21.762179390000,"Rua Natalino José de Paula, 288"
412,PARQUE BURNIER.,10072309,14:00:00,5,2,0,8,2025-01-23T00:00:00.000Z,-43.327273730000,-21.763967940000,"Rua José Teodoro dos Santos, 28"
412,PARQUE BURNIER.,10073589,14:00:00,4,3,0,6,2025-01-23T00:00:00.000Z,-43.326568960000,-21.763629600000,"Rua Adelaide Campos de Resende, 706"
412,PARQUE BURNIER.,10072362,14:00:00,3,0,0,3,2025-01-23T00:00:00.000Z,-43.327527760000,-21.762798310000,"Rua Natalino José de Paula, 310"
412,PARQUE BURNIER.,10074194,14:00:00,16,11,3,16,2025-01-23T00:00:00.000Z,-43.342338620000,-21.760505960000,"Rua Ângelo Falci, 55"
412,PARQUE BURNIER.,10072332,14:00:00,14,0,0,8,2025-01-23T00:00:00.000Z,-43.335533860000,-21.760131640000,"Rua São Geraldo, 89"
412,PARQUE BURNIER.,10071108,14:00:00,17,0,16,0,2025-01-23T00:00:00.000Z,-43.349331860000,-21.758144610000,"Avenida Getúlio Vargas, 835"
412,PARQUE BURNIER.,10072337,14:00:00,13,0,0,8,2025-01-23T00:00:00.000Z,-43.334540130000,-21.760522960000,"Rua Olga Burnier, 67"
412,PARQUE BURNIER.,10072335,14:00:00,12,0,0,8,2025-01-23T00:00:00.000Z,-43.333453420000,-21.761562350000,"Rua Olga Burnier, 233"
412,PARQUE BURNIER.,10072302,14:00:00,15,0,0,8,2025-01-23T00:00:00.000Z,-43.338029500000,-21.760323850000,"Avenida Sete de Setembro, 623"
412,PARQUE BURNIER.,10072382,14:00:00,11,0,0,8,2025-01-23T00:00:00.000Z,-43.332369450000,-21.762522520000,"Rua Olga Burnier, 361"
412,PARQUE BURNIER.,10072380,14:00:00,10,0,0,8,2025-01-23T00:00:00.000Z,-43.331466790000,-21.763337580000,"Rua Olga Burnier, 485"
412,PARQUE BURNIER.,10073583,14:00:00,9,1,0,8,2025-01-23T00:00:00.000Z,-43.330207820000,-21.763072230000,"Rua Adelaide Campos de Resende, 1070"
412,PARQUE BURNIER.,10073584,14:00:00,8,2,3,7,2025-01-23T00:00:00.000Z,-43.329363350000,-21.763255450000,"Rua Adelaide Campos de Resende, 984"
412,PARQUE BURNIER.,10072386,14:00:00,7,2,1,8,2025-01-23T00:00:00.000Z,-43.328850270000,-21.762325320000,"Rua José Teodoro dos Santos, 292"
412,PARQUE BURNIER.,10072384,14:00:00,6,0,1,7,2025-01-23T00:00:00.000Z,-43.327999480000,-21.763301540000,"Rua José Teodoro dos Santos, 126"
412,PARQUE BURNIER.,10073552,14:20:00,3,0,0,11,2025-01-23T00:00:00.000Z,-43.335479020000,-21.760313550000,"Rua São Geraldo, 84"
412,PARQUE BURNIER.,10072305,14:20:00,2,0,0,11,2025-01-23T00:00:00.000Z,-43.337478970000,-21.760922950000,"Rua Djalma de Carvalho, 37"
412,PARQUE BURNIER.,10073558,14:20:00,4,0,0,11,2025-01-23T00:00:00.000Z,-43.334645750000,-21.760669710000,"Rua Olga Burnier, 70"
412,PARQUE BURNIER.,10071108,14:20:00,1,11,0,11,2025-01-23T00:00:00.000Z,-43.349331860000,-21.758144610000,"Avenida Getúlio Vargas, 835"
412,PARQUE BURNIER.,10072316,14:20:00,11,0,0,10,2025-01-23T00:00:00.000Z,-43.328204750000,-21.763332370000,"Rua José Teodoro dos Santos, 145"
412,PARQUE BURNIER.,10073557,14:20:00,6,0,1,10,2025-01-23T00:00:00.000Z,-43.332479840000,-21.762640710000,"Rua Olga Burnier, 356"
412,PARQUE BURNIER.,10073560,14:20:00,5,0,0,11,2025-01-23T00:00:00.000Z,-43.333589670000,-21.761652280000,"Rua Olga Burnier, 230"
412,PARQUE BURNIER.,10072358,14:20:00,18,1,0,9,2025-01-23T00:00:00.000Z,-43.328687310000,-21.761675740000,"Rua Natalino José de Paula, 112 - Ponto Final do Parque Burnier"
412,PARQUE BURNIER.,10072356,14:20:00,17,0,1,8,2025-01-23T00:00:00.000Z,-43.327793950000,-21.762107030000,"Rua Natalino José de Paula, 271"
412,PARQUE BURNIER.,10072375,14:20:00,16,0,1,9,2025-01-23T00:00:00.000Z,-43.327420830000,-21.762727850000,"Rua Natalino José de Paula, 319"
412,PARQUE BURNIER.,10071503,14:20:00,15,0,0,10,2025-01-23T00:00:00.000Z,-43.326207040000,-21.762717810000,"Rua Natalino José de Paula, 421"
412,PARQUE BURNIER.,10072359,14:20:00,14,0,0,10,2025-01-23T00:00:00.000Z,-43.326282500000,-21.763143540000,"Rua Adelaide Campos de Resende, 651"
412,PARQUE BURNIER.,10072377,14:20:00,12,0,0,10,2025-01-23T00:00:00.000Z,-43.327321890000,-21.764062650000,"Rua José Teodoro dos Santos, 25"
412,PARQUE BURNIER.,10072328,14:20:00,13,0,0,10,2025-01-23T00:00:00.000Z,-43.326450350000,-21.763683320000,"Rua Adelaide Campos de Resende, 669"
412,PARQUE BURNIER.,10072313,14:20:00,10,0,0,10,2025-01-23T00:00:00.000Z,-43.328846690000,-21.762504770000,"Rua José Teodoro dos Santos, 275"
412,PARQUE BURNIER.,10072296,14:20:00,9,0,0,10,2025-01-23T00:00:00.000Z,-43.329374790000,-21.763440430000,"Rua Adelaide Campos de Resende, 975"
412,PARQUE BURNIER.,10072301,14:20:00,8,0,0,10,2025-01-23T00:00:00.000Z,-43.330138330000,-21.763252970000,"Rua Adelaide Campos de Resende, 1061"
412,PARQUE BURNIER.,10073561,14:20:00,7,0,0,10,2025-01-23T00:00:00.000Z,-43.331552510000,-21.763418910000,"Rua Olga Burnier, 480"
412,PARQUE BURNIER.,10072380,14:55:00,10,0,0,1,2025-01-23T00:00:00.000Z,-43.331466790000,-21.763337580000,"Rua Olga Burnier, 485"
412,PARQUE BURNIER.,10073583,14:55:00,9,0,0,1,2025-01-23T00:00:00.000Z,-43.330207820000,-21.763072230000,"Rua Adelaide Campos de Resende, 1070"
412,PARQUE BURNIER.,10072382,14:55:00,11,0,0,1,2025-01-23T00:00:00.000Z,-43.332369450000,-21.762522520000,"Rua Olga Burnier, 361"
412,PARQUE BURNIER.,10072363,14:55:00,2,1,0,1,2025-01-23T00:00:00.000Z,-43.327885630000,-21.762179390000,"Rua Natalino José de Paula, 288"
412,PARQUE BURNIER.,10071108,14:55:00,17,0,17,0,2025-01-23T00:00:00.000Z,-43.349331860000,-21.758144610000,"Avenida Getúlio Vargas, 835"
412,PARQUE BURNIER.,10072337,14:55:00,13,0,0,1,2025-01-23T00:00:00.000Z,-43.334540130000,-21.760522960000,"Rua Olga Burnier, 67"
412,PARQUE BURNIER.,10072358,14:55:00,1,0,0,0,2025-01-23T00:00:00.000Z,-43.328687310000,-21.761675740000,"Rua Natalino José de Paula, 112 - Ponto Final do Parque Burnier"
412,PARQUE BURNIER.,10072335,14:55:00,12,0,0,1,2025-01-23T00:00:00.000Z,-43.333453420000,-21.761562350000,"Rua Olga Burnier, 233"
412,PARQUE BURNIER.,10074194,14:55:00,16,16,1,17,2025-01-23T00:00:00.000Z,-43.342338620000,-21.760505960000,"Rua Ângelo Falci, 55"
412,PARQUE BURNIER.,10072302,14:55:00,15,1,0,2,2025-01-23T00:00:00.000Z,-43.338029500000,-21.760323850000,"Avenida Sete de Setembro, 623"
412,PARQUE BURNIER.,10072332,14:55:00,14,0,0,1,2025-01-23T00:00:00.000Z,-43.335533860000,-21.760131640000,"Rua São Geraldo, 89"
412,PARQUE BURNIER.,10073584,14:55:00,8,1,3,1,2025-01-23T00:00:00.000Z,-43.329363350000,-21.763255450000,"Rua Adelaide Campos de Resende, 984"
412,PARQUE BURNIER.,10072386,14:55:00,7,2,1,3,2025-01-23T00:00:00.000Z,-43.328850270000,-21.762325320000,"Rua José Teodoro dos Santos, 292"
412,PARQUE BURNIER.,10072384,14:55:00,6,0,1,2,2025-01-23T00:00:00.000Z,-43.327999480000,-21.763301540000,"Rua José Teodoro dos Santos, 126"
412,PARQUE BURNIER.,10072309,14:55:00,5,1,1,3,2025-01-23T00:00:00.000Z,-43.327273730000,-21.763967940000,"Rua José Teodoro dos Santos, 28"
412,PARQUE BURNIER.,10073589,14:55:00,4,0,0,3,2025-01-23T00:00:00.000Z,-43.326568960000,-21.763629600000,"Rua Adelaide Campos de Resende, 706"
412,PARQUE BURNIER.,10072362,14:55:00,3,2,0,3,2025-01-23T00:00:00.000Z,-43.327527760000,-21.762798310000,"Rua Natalino José de Paula, 310"
412,PARQUE BURNIER.,10073557,15:15:00,6,0,0,23,2025-01-23T00:00:00.000Z,-43.332479840000,-21.762640710000,"Rua Olga Burnier, 356"
412,PARQUE BURNIER.,10073560,15:15:00,5,0,0,23,2025-01-23T00:00:00.000Z,-43.333589670000,-21.761652280000,"Rua Olga Burnier, 230"
412,PARQUE BURNIER.,10072301,15:15:00,8,0,0,23,2025-01-23T00:00:00.000Z,-43.330138330000,-21.763252970000,"Rua Adelaide Campos de Resende, 1061"
412,PARQUE BURNIER.,10073558,15:15:00,4,0,0,23,2025-01-23T00:00:00.000Z,-43.334645750000,-21.760669710000,"Rua Olga Burnier, 70"
412,PARQUE BURNIER.,10072358,15:15:00,18,3,0,20,2025-01-23T00:00:00.000Z,-43.328687310000,-21.761675740000,"Rua Natalino José de Paula, 112 - Ponto Final do Parque Burnier"
412,PARQUE BURNIER.,10072356,15:15:00,17,0,0,17,2025-01-23T00:00:00.000Z,-43.327793950000,-21.762107030000,"Rua Natalino José de Paula, 271"
412,PARQUE BURNIER.,10073552,15:15:00,3,0,0,23,2025-01-23T00:00:00.000Z,-43.335479020000,-21.760313550000,"Rua São Geraldo, 84"
412,PARQUE BURNIER.,10072375,15:15:00,16,0,3,17,2025-01-23T00:00:00.000Z,-43.327420830000,-21.762727850000,"Rua Natalino José de Paula, 319"
412,PARQUE BURNIER.,10071503,15:15:00,15,1,1,20,2025-01-23T00:00:00.000Z,-43.326207040000,-21.762717810000,"Rua Natalino José de Paula, 421"
412,PARQUE BURNIER.,10072359,15:15:00,14,0,0,20,2025-01-23T00:00:00.000Z,-43.326282500000,-21.763143540000,"Rua Adelaide Campos de Resende, 651"
412,PARQUE BURNIER.,10072328,15:15:00,13,0,0,20,2025-01-23T00:00:00.000Z,-43.326450350000,-21.763683320000,"Rua Adelaide Campos de Resende, 669"
412,PARQUE BURNIER.,10072377,15:15:00,12,0,0,20,2025-01-23T00:00:00.000Z,-43.327321890000,-21.764062650000,"Rua José Teodoro dos Santos, 25"
412,PARQUE BURNIER.,10072316,15:15:00,11,0,0,20,2025-01-23T00:00:00.000Z,-43.328204750000,-21.763332370000,"Rua José Teodoro dos Santos, 145"
412,PARQUE BURNIER.,10072296,15:15:00,9,0,2,21,2025-01-23T00:00:00.000Z,-43.329374790000,-21.763440430000,"Rua Adelaide Campos de Resende, 975"
412,PARQUE BURNIER.,10072305,15:15:00,2,3,4,23,2025-01-23T00:00:00.000Z,-43.337478970000,-21.760922950000,"Rua Djalma de Carvalho, 37"
412,PARQUE BURNIER.,10072313,15:15:00,10,0,1,20,2025-01-23T00:00:00.000Z,-43.328846690000,-21.762504770000,"Rua José Teodoro dos Santos, 275"
412,PARQUE BURNIER.,10073561,15:15:00,7,0,0,23,2025-01-23T00:00:00.000Z,-43.331552510000,-21.763418910000,"Rua Olga Burnier, 480"
412,PARQUE BURNIER.,10071108,15:15:00,1,24,0,24,2025-01-23T00:00:00.000Z,-43.349331860000,-21.758144610000,"Avenida Getúlio Vargas, 835"
412,PARQUE BURNIER.,10072363,15:50:00,2,1,0,1,2025-01-23T00:00:00.000Z,-43.327885630000,-21.762179390000,"Rua Natalino José de Paula, 288"
412,PARQUE BURNIER.,10072358,15:50:00,1,0,0,0,2025-01-23T00:00:00.000Z,-43.328687310000,-21.761675740000,"Rua Natalino José de Paula, 112 - Ponto Final do Parque Burnier"
412,PARQUE BURNIER.,10072386,15:50:00,7,3,0,6,2025-01-23T00:00:00.000Z,-43.328850270000,-21.762325320000,"Rua José Teodoro dos Santos, 292"
412,PARQUE BURNIER.,10072384,15:50:00,6,1,0,3,2025-01-23T00:00:00.000Z,-43.327999480000,-21.763301540000,"Rua José Teodoro dos Santos, 126"
412,PARQUE BURNIER.,10072332,15:50:00,14,0,0,10,2025-01-23T00:00:00.000Z,-43.335533860000,-21.760131640000,"Rua São Geraldo, 89"
412,PARQUE BURNIER.,10072309,15:50:00,5,0,0,2,2025-01-23T00:00:00.000Z,-43.327273730000,-21.763967940000,"Rua José Teodoro dos Santos, 28"
412,PARQUE BURNIER.,10071108,15:50:00,17,0,19,0,2025-01-23T00:00:00.000Z,-43.349331860000,-21.758144610000,"Avenida Getúlio Vargas, 835"
412,PARQUE BURNIER.,10074194,15:50:00,16,15,4,19,2025-01-23T00:00:00.000Z,-43.342338620000,-21.760505960000,"Rua Ângelo Falci, 55"
412,PARQUE BURNIER.,10073589,15:50:00,4,1,0,2,2025-01-23T00:00:00.000Z,-43.326568960000,-21.763629600000,"Rua Adelaide Campos de Resende, 706"
412,PARQUE BURNIER.,10072302,15:50:00,15,1,3,8,2025-01-23T00:00:00.000Z,-43.338029500000,-21.760323850000,"Avenida Sete de Setembro, 623"
412,PARQUE BURNIER.,10072337,15:50:00,13,0,0,10,2025-01-23T00:00:00.000Z,-43.334540130000,-21.760522960000,"Rua Olga Burnier, 67"
412,PARQUE BURNIER.,10072335,15:50:00,12,1,0,10,2025-01-23T00:00:00.000Z,-43.333453420000,-21.761562350000,"Rua Olga Burnier, 233"
412,PARQUE BURNIER.,10072382,15:50:00,11,0,0,9,2025-01-23T00:00:00.000Z,-43.332369450000,-21.762522520000,"Rua Olga Burnier, 361"
412,PARQUE BURNIER.,10072380,15:50:00,10,0,0,9,2025-01-23T00:00:00.000Z,-43.331466790000,-21.763337580000,"Rua Olga Burnier, 485"
412,PARQUE BURNIER.,10073584,15:50:00,8,3,0,9,2025-01-23T00:00:00.000Z,-43.329363350000,-21.763255450000,"Rua Adelaide Campos de Resende, 984"
412,PARQUE BURNIER.,10072362,15:50:00,3,0,0,1,2025-01-23T00:00:00.000Z,-43.327527760000,-21.762798310000,"Rua Natalino José de Paula, 310"
412,PARQUE BURNIER.,10073583,15:50:00,9,0,0,9,2025-01-23T00:00:00.000Z,-43.330207820000,-21.763072230000,"Rua Adelaide Campos de Resende, 1070"
412,PARQUE BURNIER.,10071108,16:10:00,1,19,0,19,2025-01-23T00:00:00.000Z,-43.349331860000,-21.758144610000,"Avenida Getúlio Vargas, 835"
412,PARQUE BURNIER.,10072305,16:10:00,2,2,1,20,2025-01-23T00:00:00.000Z,-43.337478970000,-21.760922950000,"Rua Djalma de Carvalho, 37"
412,PARQUE BURNIER.,10072356,16:10:00,17,1,1,14,2025-01-23T00:00:00.000Z,-43.327793950000,-21.762107030000,"Rua Natalino José de Paula, 271"
412,PARQUE BURNIER.,10072328,16:10:00,13,0,0,16,2025-01-23T00:00:00.000Z,-43.326450350000,-21.763683320000,"Rua Adelaide Campos de Resende, 669"
412,PARQUE BURNIER.,10072358,16:10:00,18,1,0,15,2025-01-23T00:00:00.000Z,-43.328687310000,-21.761675740000,"Rua Natalino José de Paula, 112 - Ponto Final do Parque Burnier"
412,PARQUE BURNIER.,10073561,16:10:00,7,0,0,20,2025-01-23T00:00:00.000Z,-43.331552510000,-21.763418910000,"Rua Olga Burnier, 480"
412,PARQUE BURNIER.,10072375,16:10:00,16,0,2,14,2025-01-23T00:00:00.000Z,-43.327420830000,-21.762727850000,"Rua Natalino José de Paula, 319"
412,PARQUE BURNIER.,10071503,16:10:00,15,0,0,16,2025-01-23T00:00:00.000Z,-43.326207040000,-21.762717810000,"Rua Natalino José de Paula, 421"
412,PARQUE BURNIER.,10073557,16:10:00,6,0,0,20,2025-01-23T00:00:00.000Z,-43.332479840000,-21.762640710000,"Rua Olga Burnier, 356"
412,PARQUE BURNIER.,10072359,16:10:00,14,0,0,16,2025-01-23T00:00:00.000Z,-43.326282500000,-21.763143540000,"Rua Adelaide Campos de Resende, 651"
412,PARQUE BURNIER.,10072377,16:10:00,12,0,1,16,2025-01-23T00:00:00.000Z,-43.327321890000,-21.764062650000,"Rua José Teodoro dos Santos, 25"
412,PARQUE BURNIER.,10072316,16:10:00,11,0,0,17,2025-01-23T00:00:00.000Z,-43.328204750000,-21.763332370000,"Rua José Teodoro dos Santos, 145"
412,PARQUE BURNIER.,10072313,16:10:00,10,0,2,17,2025-01-23T00:00:00.000Z,-43.328846690000,-21.762504770000,"Rua José Teodoro dos Santos, 275"
412,PARQUE BURNIER.,10072296,16:10:00,9,0,0,19,2025-01-23T00:00:00.000Z,-43.329374790000,-21.763440430000,"Rua Adelaide Campos de Resende, 975"
412,PARQUE BURNIER.,10072301,16:10:00,8,0,1,19,2025-01-23T00:00:00.000Z,-43.330138330000,-21.763252970000,"Rua Adelaide Campos de Resende, 1061"
412,PARQUE BURNIER.,10073560,16:10:00,5,0,0,20,2025-01-23T00:00:00.000Z,-43.333589670000,-21.761652280000,"Rua Olga Burnier, 230"
412,PARQUE BURNIER.,10073558,16:10:00,4,0,0,20,2025-01-23T00:00:00.000Z,-43.334645750000,-21.760669710000,"Rua Olga Burnier, 70"
412,PARQUE BURNIER.,10073552,16:10:00,3,0,0,20,2025-01-23T00:00:00.000Z,-43.335479020000,-21.760313550000,"Rua São Geraldo, 84"
412,PARQUE BURNIER.,10072363,16:45:00,2,0,0,0,2025-01-23T00:00:00.000Z,-43.327885630000,-21.762179390000,"Rua Natalino José de Paula, 288"
412,PARQUE BURNIER.,10072358,16:45:00,1,0,0,0,2025-01-23T00:00:00.000Z,-43.328687310000,-21.761675740000,"Rua Natalino José de Paula, 112 - Ponto Final do Parque Burnier"
412,PARQUE BURNIER.,10072362,16:45:00,3,0,0,0,2025-01-23T00:00:00.000Z,-43.327527760000,-21.762798310000,"Rua Natalino José de Paula, 310"
412,PARQUE BURNIER.,10072309,16:45:00,5,0,0,3,2025-01-23T00:00:00.000Z,-43.327273730000,-21.763967940000,"Rua José Teodoro dos Santos, 28"
412,PARQUE BURNIER.,10073589,16:45:00,4,3,0,3,2025-01-23T00:00:00.000Z,-43.326568960000,-21.763629600000,"Rua Adelaide Campos de Resende, 706"
412,PARQUE BURNIER.,10071108,16:45:00,17,0,14,3,2025-01-23T00:00:00.000Z,-43.349331860000,-21.758144610000,"Avenida Getúlio Vargas, 835"
412,PARQUE BURNIER.,10072302,16:45:00,15,0,0,2,2025-01-23T00:00:00.000Z,-43.338029500000,-21.760323850000,"Avenida Sete de Setembro, 623"
412,PARQUE BURNIER.,10074194,16:45:00,16,16,1,17,2025-01-23T00:00:00.000Z,-43.342338620000,-21.760505960000,"Rua Ângelo Falci, 55"
412,PARQUE BURNIER.,10072382,16:45:00,11,0,0,3,2025-01-23T00:00:00.000Z,-43.332369450000,-21.762522520000,"Rua Olga Burnier, 361"
412,PARQUE BURNIER.,10072332,16:45:00,14,0,0,2,2025-01-23T00:00:00.000Z,-43.335533860000,-21.760131640000,"Rua São Geraldo, 89"
412,PARQUE BURNIER.,10072337,16:45:00,13,0,1,2,2025-01-23T00:00:00.000Z,-43.334540130000,-21.760522960000,"Rua Olga Burnier, 67"
412,PARQUE BURNIER.,10072386,16:45:00,7,0,0,3,2025-01-23T00:00:00.000Z,-43.328850270000,-21.762325320000,"Rua José Teodoro dos Santos, 292"
412,PARQUE BURNIER.,10072335,16:45:00,12,0,0,3,2025-01-23T00:00:00.000Z,-43.333453420000,-21.761562350000,"Rua Olga Burnier, 233"
412,PARQUE BURNIER.,10072380,16:45:00,10,0,0,3,2025-01-23T00:00:00.000Z,-43.331466790000,-21.763337580000,"Rua Olga Burnier, 485"
412,PARQUE BURNIER.,10073583,16:45:00,9,0,0,3,2025-01-23T00:00:00.000Z,-43.330207820000,-21.763072230000,"Rua Adelaide Campos de Resende, 1070"
412,PARQUE BURNIER.,10073584,16:45:00,8,0,0,3,2025-01-23T00:00:00.000Z,-43.329363350000,-21.763255450000,"Rua Adelaide Campos de Resende, 984"
412,PARQUE BURNIER.,10072384,16:45:00,6,0,0,3,2025-01-23T00:00:00.000Z,-43.327999480000,-21.763301540000,"Rua José Teodoro dos Santos, 126"
412,PARQUE BURNIER.,10073558,17:05:00,4,0,0,28,2025-01-23T00:00:00.000Z,-43.334645750000,-21.760669710000,"Rua Olga Burnier, 70"
412,PARQUE BURNIER.,10073552,17:05:00,3,0,1,28,2025-01-23T00:00:00.000Z,-43.335479020000,-21.760313550000,"Rua São Geraldo, 84"
412,PARQUE BURNIER.,10073560,17:05:00,5,0,2,26,2025-01-23T00:00:00.000Z,-43.333589670000,-21.761652280000,"Rua Olga Burnier, 230"
412,PARQUE BURNIER.,10072305,17:05:00,2,0,4,29,2025-01-23T00:00:00.000Z,-43.337478970000,-21.760922950000,"Rua Djalma de Carvalho, 37"
412,PARQUE BURNIER.,10071108,17:05:00,1,33,0,33,2025-01-23T00:00:00.000Z,-43.349331860000,-21.758144610000,"Avenida Getúlio Vargas, 835"
412,PARQUE BURNIER.,10072358,17:05:00,18,2,1,3,2025-01-23T00:00:00.000Z,-43.328687310000,-21.761675740000,"Rua Natalino José de Paula, 112 - Ponto Final do Parque Burnier"
412,PARQUE BURNIER.,10072356,17:05:00,17,2,0,2,2025-01-23T00:00:00.000Z,-43.327793950000,-21.762107030000,"Rua Natalino José de Paula, 271"
412,PARQUE BURNIER.,10072375,17:05:00,16,0,1,0,2025-01-23T00:00:00.000Z,-43.327420830000,-21.762727850000,"Rua Natalino José de Paula, 319"
412,PARQUE BURNIER.,10071503,17:05:00,15,1,1,1,2025-01-23T00:00:00.000Z,-43.326207040000,-21.762717810000,"Rua Natalino José de Paula, 421"
412,PARQUE BURNIER.,10072359,17:05:00,14,0,4,1,2025-01-23T00:00:00.000Z,-43.326282500000,-21.763143540000,"Rua Adelaide Campos de Resende, 651"
412,PARQUE BURNIER.,10072328,17:05:00,13,0,4,5,2025-01-23T00:00:00.000Z,-43.326450350000,-21.763683320000,"Rua Adelaide Campos de Resende, 669"
412,PARQUE BURNIER.,10072377,17:05:00,12,1,1,9,2025-01-23T00:00:00.000Z,-43.327321890000,-21.764062650000,"Rua José Teodoro dos Santos, 25"
412,PARQUE BURNIER.,10072313,17:05:00,10,0,6,12,2025-01-23T00:00:00.000Z,-43.328846690000,-21.762504770000,"Rua José Teodoro dos Santos, 275"
412,PARQUE BURNIER.,10072316,17:05:00,11,0,3,9,2025-01-23T00:00:00.000Z,-43.328204750000,-21.763332370000,"Rua José Teodoro dos Santos, 145"
412,PARQUE BURNIER.,10072296,17:05:00,9,1,5,18,2025-01-23T00:00:00.000Z,-43.329374790000,-21.763440430000,"Rua Adelaide Campos de Resende, 975"
412,PARQUE BURNIER.,10072301,17:05:00,8,0,2,22,2025-01-23T00:00:00.000Z,-43.330138330000,-21.763252970000,"Rua Adelaide Campos de Resende, 1061"
412,PARQUE BURNIER.,10073561,17:05:00,7,0,0,24,2025-01-23T00:00:00.000Z,-43.331552510000,-21.763418910000,"Rua Olga Burnier, 480"
412,PARQUE BURNIER.,10073557,17:05:00,6,0,2,24,2025-01-23T00:00:00.000Z,-43.332479840000,-21.762640710000,"Rua Olga Burnier, 356"
412,PARQUE BURNIER.,10072358,17:40:00,1,0,0,0,2025-01-23T00:00:00.000Z,-43.328687310000,-21.761675740000,"Rua Natalino José de Paula, 112 - Ponto Final do Parque Burnier"
412,PARQUE BURNIER.,10072309,17:40:00,5,1,0,6,2025-01-23T00:00:00.000Z,-43.327273730000,-21.763967940000,"Rua José Teodoro dos Santos, 28"
412,PARQUE BURNIER.,10073589,17:40:00,4,4,0,5,2025-01-23T00:00:00.000Z,-43.326568960000,-21.763629600000,"Rua Adelaide Campos de Resende, 706"
412,PARQUE BURNIER.,10072384,17:40:00,6,0,0,6,2025-01-23T00:00:00.000Z,-43.327999480000,-21.763301540000,"Rua José Teodoro dos Santos, 126"
412,PARQUE BURNIER.,10072362,17:40:00,3,1,0,1,2025-01-23T00:00:00.000Z,-43.327527760000,-21.762798310000,"Rua Natalino José de Paula, 310"
412,PARQUE BURNIER.,10071108,17:40:00,17,0,16,7,2025-01-23T00:00:00.000Z,-43.349331860000,-21.758144610000,"Avenida Getúlio Vargas, 835"
412,PARQUE BURNIER.,10072363,17:40:00,2,0,0,0,2025-01-23T00:00:00.000Z,-43.327885630000,-21.762179390000,"Rua Natalino José de Paula, 288"
412,PARQUE BURNIER.,10074194,17:40:00,16,13,0,23,2025-01-23T00:00:00.000Z,-43.342338620000,-21.760505960000,"Rua Ângelo Falci, 55"
412,PARQUE BURNIER.,10072302,17:40:00,15,3,1,10,2025-01-23T00:00:00.000Z,-43.338029500000,-21.760323850000,"Avenida Sete de Setembro, 623"
412,PARQUE BURNIER.,10072332,17:40:00,14,0,0,8,2025-01-23T00:00:00.000Z,-43.335533860000,-21.760131640000,"Rua São Geraldo, 89"
412,PARQUE BURNIER.,10072337,17:40:00,13,0,0,8,2025-01-23T00:00:00.000Z,-43.334540130000,-21.760522960000,"Rua Olga Burnier, 67"
412,PARQUE BURNIER.,10072335,17:40:00,12,0,0,8,2025-01-23T00:00:00.000Z,-43.333453420000,-21.761562350000,"Rua Olga Burnier, 233"
412,PARQUE BURNIER.,10072382,17:40:00,11,0,0,8,2025-01-23T00:00:00.000Z,-43.332369450000,-21.762522520000,"Rua Olga Burnier, 361"
412,PARQUE BURNIER.,10072380,17:40:00,10,0,0,8,2025-01-23T00:00:00.000Z,-43.331466790000,-21.763337580000,"Rua Olga Burnier, 485"
412,PARQUE BURNIER.,10073584,17:40:00,8,0,0,8,2025-01-23T00:00:00.000Z,-43.329363350000,-21.763255450000,"Rua Adelaide Campos de Resende, 984"
412,PARQUE BURNIER.,10073583,17:40:00,9,0,0,8,2025-01-23T00:00:00.000Z,-43.330207820000,-21.763072230000,"Rua Adelaide Campos de Resende, 1070"
412,PARQUE BURNIER.,10072386,17:40:00,7,2,0,8,2025-01-23T00:00:00.000Z,-43.328850270000,-21.762325320000,"Rua José Teodoro dos Santos, 292"
412,PARQUE BURNIER.,10072363,18:35:00,2,0,0,0,2025-01-23T00:00:00.000Z,-43.327885630000,-21.762179390000,"Rua Natalino José de Paula, 288"
412,PARQUE BURNIER.,10072358,18:35:00,1,0,0,0,2025-01-23T00:00:00.000Z,-43.328687310000,-21.761675740000,"Rua Natalino José de Paula, 112 - Ponto Final do Parque Burnier"
412,PARQUE BURNIER.,10071108,18:35:00,17,0,20,2,2025-01-23T00:00:00.000Z,-43.349331860000,-21.758144610000,"Avenida Getúlio Vargas, 835"
412,PARQUE BURNIER.,10074194,18:35:00,16,19,2,22,2025-01-23T00:00:00.000Z,-43.342338620000,-21.760505960000,"Rua Ângelo Falci, 55"
412,PARQUE BURNIER.,10072302,18:35:00,15,4,3,5,2025-01-23T00:00:00.000Z,-43.338029500000,-21.760323850000,"Avenida Sete de Setembro, 623"
412,PARQUE BURNIER.,10072362,18:35:00,3,3,0,3,2025-01-23T00:00:00.000Z,-43.327527760000,-21.762798310000,"Rua Natalino José de Paula, 310"
412,PARQUE BURNIER.,10072332,18:35:00,14,0,0,4,2025-01-23T00:00:00.000Z,-43.335533860000,-21.760131640000,"Rua São Geraldo, 89"
412,PARQUE BURNIER.,10072337,18:35:00,13,0,0,4,2025-01-23T00:00:00.000Z,-43.334540130000,-21.760522960000,"Rua Olga Burnier, 67"
412,PARQUE BURNIER.,10072335,18:35:00,12,0,0,4,2025-01-23T00:00:00.000Z,-43.333453420000,-21.761562350000,"Rua Olga Burnier, 233"
412,PARQUE BURNIER.,10072382,18:35:00,11,0,0,4,2025-01-23T00:00:00.000Z,-43.332369450000,-21.762522520000,"Rua Olga Burnier, 361"
412,PARQUE BURNIER.,10072380,18:35:00,10,0,0,4,2025-01-23T00:00:00.000Z,-43.331466790000,-21.763337580000,"Rua Olga Burnier, 485"
412,PARQUE BURNIER.,10073584,18:35:00,8,0,0,4,2025-01-23T00:00:00.000Z,-43.329363350000,-21.763255450000,"Rua Adelaide Campos de Resende, 984"
412,PARQUE BURNIER.,10073583,18:35:00,9,0,0,4,2025-01-23T00:00:00.000Z,-43.330207820000,-21.763072230000,"Rua Adelaide Campos de Resende, 1070"
412,PARQUE BURNIER.,10072386,18:35:00,7,1,0,4,2025-01-23T00:00:00.000Z,-43.328850270000,-21.762325320000,"Rua José Teodoro dos Santos, 292"
412,PARQUE BURNIER.,10072384,18:35:00,6,0,0,3,2025-01-23T00:00:00.000Z,-43.327999480000,-21.763301540000,"Rua José Teodoro dos Santos, 126"
412,PARQUE BURNIER.,10072309,18:35:00,5,0,0,3,2025-01-23T00:00:00.000Z,-43.327273730000,-21.763967940000,"Rua José Teodoro dos Santos, 28"
412,PARQUE BURNIER.,10073589,18:35:00,4,0,0,3,2025-01-23T00:00:00.000Z,-43.326568960000,-21.763629600000,"Rua Adelaide Campos de Resende, 706"
412,PARQUE BURNIER.,10071108,18:55:00,1,20,0,20,2025-01-23T00:00:00.000Z,-43.349331860000,-21.758144610000,"Avenida Getúlio Vargas, 835"
412,PARQUE BURNIER.,10073558,18:55:00,4,0,0,19,2025-01-23T00:00:00.000Z,-43.334645750000,-21.760669710000,"Rua Olga Burnier, 70"
412,PARQUE BURNIER.,10073552,18:55:00,3,0,0,19,2025-01-23T00:00:00.000Z,-43.335479020000,-21.760313550000,"Rua São Geraldo, 84"
412,PARQUE BURNIER.,10072305,18:55:00,2,0,1,19,2025-01-23T00:00:00.000Z,-43.337478970000,-21.760922950000,"Rua Djalma de Carvalho, 37"
412,PARQUE BURNIER.,10071503,18:55:00,15,1,5,16,2025-01-23T00:00:00.000Z,-43.326207040000,-21.762717810000,"Rua Natalino José de Paula, 421"
412,PARQUE BURNIER.,10072359,18:55:00,14,0,0,20,2025-01-23T00:00:00.000Z,-43.326282500000,-21.763143540000,"Rua Adelaide Campos de Resende, 651"
412,PARQUE BURNIER.,10072358,18:55:00,18,0,0,14,2025-01-23T00:00:00.000Z,-43.328687310000,-21.761675740000,"Rua Natalino José de Paula, 112 - Ponto Final do Parque Burnier"
412,PARQUE BURNIER.,10073557,18:55:00,6,0,0,19,2025-01-23T00:00:00.000Z,-43.332479840000,-21.762640710000,"Rua Olga Burnier, 356"
412,PARQUE BURNIER.,10072356,18:55:00,17,0,0,14,2025-01-23T00:00:00.000Z,-43.327793950000,-21.762107030000,"Rua Natalino José de Paula, 271"
412,PARQUE BURNIER.,10073560,18:55:00,5,0,0,19,2025-01-23T00:00:00.000Z,-43.333589670000,-21.761652280000,"Rua Olga Burnier, 230"
412,PARQUE BURNIER.,10072375,18:55:00,16,0,2,14,2025-01-23T00:00:00.000Z,-43.327420830000,-21.762727850000,"Rua Natalino José de Paula, 319"
412,PARQUE BURNIER.,10072328,18:55:00,13,0,0,20,2025-01-23T00:00:00.000Z,-43.326450350000,-21.763683320000,"Rua Adelaide Campos de Resende, 669"
412,PARQUE BURNIER.,10072377,18:55:00,12,0,1,20,2025-01-23T00:00:00.000Z,-43.327321890000,-21.764062650000,"Rua José Teodoro dos Santos, 25"
412,PARQUE BURNIER.,10072316,18:55:00,11,1,0,21,2025-01-23T00:00:00.000Z,-43.328204750000,-21.763332370000,"Rua José Teodoro dos Santos, 145"
412,PARQUE BURNIER.,10072313,18:55:00,10,1,2,20,2025-01-23T00:00:00.000Z,-43.328846690000,-21.762504770000,"Rua José Teodoro dos Santos, 275"
412,PARQUE BURNIER.,10072301,18:55:00,8,0,0,19,2025-01-23T00:00:00.000Z,-43.330138330000,-21.763252970000,"Rua Adelaide Campos de Resende, 1061"
412,PARQUE BURNIER.,10072296,18:55:00,9,3,1,21,2025-01-23T00:00:00.000Z,-43.329374790000,-21.763440430000,"Rua Adelaide Campos de Resende, 975"
412,PARQUE BURNIER.,10073561,18:55:00,7,0,0,19,2025-01-23T00:00:00.000Z,-43.331552510000,-21.763418910000,"Rua Olga Burnier, 480"
412,PARQUE BURNIER.,10072358,19:30:00,1,0,0,0,2025-01-23T00:00:00.000Z,-43.328687310000,-21.761675740000,"Rua Natalino José de Paula, 112 - Ponto Final do Parque Burnier"
412,PARQUE BURNIER.,10072363,19:30:00,2,1,0,1,2025-01-23T00:00:00.000Z,-43.327885630000,-21.762179390000,"Rua Natalino José de Paula, 288"
412,PARQUE BURNIER.,10072309,19:30:00,5,0,0,1,2025-01-23T00:00:00.000Z,-43.327273730000,-21.763967940000,"Rua José Teodoro dos Santos, 28"
412,PARQUE BURNIER.,10073589,19:30:00,4,0,0,1,2025-01-23T00:00:00.000Z,-43.326568960000,-21.763629600000,"Rua Adelaide Campos de Resende, 706"
412,PARQUE BURNIER.,10072362,19:30:00,3,0,0,1,2025-01-23T00:00:00.000Z,-43.327527760000,-21.762798310000,"Rua Natalino José de Paula, 310"
412,PARQUE BURNIER.,10074194,19:30:00,16,6,0,6,2025-01-23T00:00:00.000Z,-43.342338620000,-21.760505960000,"Rua Ângelo Falci, 55"
412,PARQUE BURNIER.,10072332,19:30:00,14,0,0,0,2025-01-23T00:00:00.000Z,-43.335533860000,-21.760131640000,"Rua São Geraldo, 89"
412,PARQUE BURNIER.,10071108,19:30:00,17,0,1,5,2025-01-23T00:00:00.000Z,-43.349331860000,-21.758144610000,"Avenida Getúlio Vargas, 835"
412,PARQUE BURNIER.,10072337,19:30:00,13,0,0,0,2025-01-23T00:00:00.000Z,-43.334540130000,-21.760522960000,"Rua Olga Burnier, 67"
412,PARQUE BURNIER.,10072335,19:30:00,12,0,0,0,2025-01-23T00:00:00.000Z,-43.333453420000,-21.761562350000,"Rua Olga Burnier, 233"
412,PARQUE BURNIER.,10072302,19:30:00,15,0,0,0,2025-01-23T00:00:00.000Z,-43.338029500000,-21.760323850000,"Avenida Sete de Setembro, 623"
412,PARQUE BURNIER.,10072382,19:30:00,11,0,1,0,2025-01-23T00:00:00.000Z,-43.332369450000,-21.762522520000,"Rua Olga Burnier, 361"
412,PARQUE BURNIER.,10072380,19:30:00,10,0,0,1,2025-01-23T00:00:00.000Z,-43.331466790000,-21.763337580000,"Rua Olga Burnier, 485"
412,PARQUE BURNIER.,10073583,19:30:00,9,0,0,1,2025-01-23T00:00:00.000Z,-43.330207820000,-21.763072230000,"Rua Adelaide Campos de Resende, 1070"
412,PARQUE BURNIER.,10073584,19:30:00,8,0,0,1,2025-01-23T00:00:00.000Z,-43.329363350000,-21.763255450000,"Rua Adelaide Campos de Resende, 984"
412,PARQUE BURNIER.,10072386,19:30:00,7,0,0,1,2025-01-23T00:00:00.000Z,-43.328850270000,-21.762325320000,"Rua José Teodoro dos Santos, 292"
412,PARQUE BURNIER.,10072384,19:30:00,6,0,0,1,2025-01-23T00:00:00.000Z,-43.327999480000,-21.763301540000,"Rua José Teodoro dos Santos, 126"
412,PARQUE BURNIER.,10073552,19:50:00,3,0,0,10,2025-01-23T00:00:00.000Z,-43.335479020000,-21.760313550000,"Rua São Geraldo, 84"
412,PARQUE BURNIER.,10072305,19:50:00,2,1,2,10,2025-01-23T00:00:00.000Z,-43.337478970000,-21.760922950000,"Rua Djalma de Carvalho, 37"
412,PARQUE BURNIER.,10073558,19:50:00,4,1,0,11,2025-01-23T00:00:00.000Z,-43.334645750000,-21.760669710000,"Rua Olga Burnier, 70"
412,PARQUE BURNIER.,10071108,19:50:00,1,11,0,11,2025-01-23T00:00:00.000Z,-43.349331860000,-21.758144610000,"Avenida Getúlio Vargas, 835"
412,PARQUE BURNIER.,10072316,19:50:00,11,0,1,5,2025-01-23T00:00:00.000Z,-43.328204750000,-21.763332370000,"Rua José Teodoro dos Santos, 145"
412,PARQUE BURNIER.,10073557,19:50:00,6,0,0,11,2025-01-23T00:00:00.000Z,-43.332479840000,-21.762640710000,"Rua Olga Burnier, 356"
412,PARQUE BURNIER.,10073560,19:50:00,5,0,0,11,2025-01-23T00:00:00.000Z,-43.333589670000,-21.761652280000,"Rua Olga Burnier, 230"
412,PARQUE BURNIER.,10072358,19:50:00,18,1,0,1,2025-01-23T00:00:00.000Z,-43.328687310000,-21.761675740000,"Rua Natalino José de Paula, 112 - Ponto Final do Parque Burnier"
412,PARQUE BURNIER.,10072356,19:50:00,17,0,0,0,2025-01-23T00:00:00.000Z,-43.327793950000,-21.762107030000,"Rua Natalino José de Paula, 271"
412,PARQUE BURNIER.,10072375,19:50:00,16,0,0,0,2025-01-23T00:00:00.000Z,-43.327420830000,-21.762727850000,"Rua Natalino José de Paula, 319"
412,PARQUE BURNIER.,10071503,19:50:00,15,0,0,0,2025-01-23T00:00:00.000Z,-43.326207040000,-21.762717810000,"Rua Natalino José de Paula, 421"
412,PARQUE BURNIER.,10072359,19:50:00,14,0,1,0,2025-01-23T00:00:00.000Z,-43.326282500000,-21.763143540000,"Rua Adelaide Campos de Resende, 651"
412,PARQUE BURNIER.,10072377,19:50:00,12,0,0,5,2025-01-23T00:00:00.000Z,-43.327321890000,-21.764062650000,"Rua José Teodoro dos Santos, 25"
412,PARQUE BURNIER.,10072328,19:50:00,13,0,4,1,2025-01-23T00:00:00.000Z,-43.326450350000,-21.763683320000,"Rua Adelaide Campos de Resende, 669"
412,PARQUE BURNIER.,10072313,19:50:00,10,0,3,6,2025-01-23T00:00:00.000Z,-43.328846690000,-21.762504770000,"Rua José Teodoro dos Santos, 275"
412,PARQUE BURNIER.,10072296,19:50:00,9,0,2,9,2025-01-23T00:00:00.000Z,-43.329374790000,-21.763440430000,"Rua Adelaide Campos de Resende, 975"
412,PARQUE BURNIER.,10072301,19:50:00,8,0,0,11,2025-01-23T00:00:00.000Z,-43.330138330000,-21.763252970000,"Rua Adelaide Campos de Resende, 1061"
412,PARQUE BURNIER.,10073561,19:50:00,7,0,0,11,2025-01-23T00:00:00.000Z,-43.331552510000,-21.763418910000,"Rua Olga Burnier, 480"
412,PARQUE BURNIER.,10072296,20:45:00,9,0,0,16,2025-01-23T00:00:00.000Z,-43.329374790000,-21.763440430000,"Rua Adelaide Campos de Resende, 975"
412,PARQUE BURNIER.,10073558,20:45:00,4,0,0,16,2025-01-23T00:00:00.000Z,-43.334645750000,-21.760669710000,"Rua Olga Burnier, 70"
412,PARQUE BURNIER.,10072313,20:45:00,10,0,0,16,2025-01-23T00:00:00.000Z,-43.328846690000,-21.762504770000,"Rua José Teodoro dos Santos, 275"
412,PARQUE BURNIER.,10073552,20:45:00,3,0,0,16,2025-01-23T00:00:00.000Z,-43.335479020000,-21.760313550000,"Rua São Geraldo, 84"
412,PARQUE BURNIER.,10072358,20:45:00,18,0,0,8,2025-01-23T00:00:00.000Z,-43.328687310000,-21.761675740000,"Rua Natalino José de Paula, 112 - Ponto Final do Parque Burnier"
412,PARQUE BURNIER.,10072356,20:45:00,17,1,0,8,2025-01-23T00:00:00.000Z,-43.327793950000,-21.762107030000,"Rua Natalino José de Paula, 271"
412,PARQUE BURNIER.,10072305,20:45:00,2,0,0,16,2025-01-23T00:00:00.000Z,-43.337478970000,-21.760922950000,"Rua Djalma de Carvalho, 37"
412,PARQUE BURNIER.,10072316,20:45:00,11,0,0,16,2025-01-23T00:00:00.000Z,-43.328204750000,-21.763332370000,"Rua José Teodoro dos Santos, 145"
412,PARQUE BURNIER.,10072375,20:45:00,16,0,0,7,2025-01-23T00:00:00.000Z,-43.327420830000,-21.762727850000,"Rua Natalino José de Paula, 319"
412,PARQUE BURNIER.,10071503,20:45:00,15,0,3,7,2025-01-23T00:00:00.000Z,-43.326207040000,-21.762717810000,"Rua Natalino José de Paula, 421"
412,PARQUE BURNIER.,10072359,20:45:00,14,0,3,10,2025-01-23T00:00:00.000Z,-43.326282500000,-21.763143540000,"Rua Adelaide Campos de Resende, 651"
412,PARQUE BURNIER.,10072328,20:45:00,13,0,3,13,2025-01-23T00:00:00.000Z,-43.326450350000,-21.763683320000,"Rua Adelaide Campos de Resende, 669"
412,PARQUE BURNIER.,10072377,20:45:00,12,0,0,16,2025-01-23T00:00:00.000Z,-43.327321890000,-21.764062650000,"Rua José Teodoro dos Santos, 25"
412,PARQUE BURNIER.,10071108,20:45:00,1,16,0,16,2025-01-23T00:00:00.000Z,-43.349331860000,-21.758144610000,"Avenida Getúlio Vargas, 835"
412,PARQUE BURNIER.,10072301,20:45:00,8,0,0,16,2025-01-23T00:00:00.000Z,-43.330138330000,-21.763252970000,"Rua Adelaide Campos de Resende, 1061"
412,PARQUE BURNIER.,10073561,20:45:00,7,0,0,16,2025-01-23T00:00:00.000Z,-43.331552510000,-21.763418910000,"Rua Olga Burnier, 480"
412,PARQUE BURNIER.,10073557,20:45:00,6,0,0,16,2025-01-23T00:00:00.000Z,-43.332479840000,-21.762640710000,"Rua Olga Burnier, 356"
412,PARQUE BURNIER.,10073560,20:45:00,5,0,0,16,2025-01-23T00:00:00.000Z,-43.333589670000,-21.761652280000,"Rua Olga Burnier, 230"
412,PARQUE BURNIER.,10071108,21:40:00,1,9,0,9,2025-01-23T00:00:00.000Z,-43.349331860000,-21.758144610000,"Avenida Getúlio Vargas, 835"
412,PARQUE BURNIER.,10073561,21:40:00,7,0,0,7,2025-01-23T00:00:00.000Z,-43.331552510000,-21.763418910000,"Rua Olga Burnier, 480"
412,PARQUE BURNIER.,10073557,21:40:00,6,0,0,7,2025-01-23T00:00:00.000Z,-43.332479840000,-21.762640710000,"Rua Olga Burnier, 356"
412,PARQUE BURNIER.,10071503,21:40:00,15,0,0,5,2025-01-23T00:00:00.000Z,-43.326207040000,-21.762717810000,"Rua Natalino José de Paula, 421"
412,PARQUE BURNIER.,10073560,21:40:00,5,0,0,7,2025-01-23T00:00:00.000Z,-43.333589670000,-21.761652280000,"Rua Olga Burnier, 230"
412,PARQUE BURNIER.,10072358,21:40:00,18,0,1,5,2025-01-23T00:00:00.000Z,-43.328687310000,-21.761675740000,"Rua Natalino José de Paula, 112 - Ponto Final do Parque Burnier"
412,PARQUE BURNIER.,10072356,21:40:00,17,1,0,6,2025-01-23T00:00:00.000Z,-43.327793950000,-21.762107030000,"Rua Natalino José de Paula, 271"
412,PARQUE BURNIER.,10073558,21:40:00,4,0,0,7,2025-01-23T00:00:00.000Z,-43.334645750000,-21.760669710000,"Rua Olga Burnier, 70"
412,PARQUE BURNIER.,10072375,21:40:00,16,0,0,5,2025-01-23T00:00:00.000Z,-43.327420830000,-21.762727850000,"Rua Natalino José de Paula, 319"
412,PARQUE BURNIER.,10072359,21:40:00,14,0,0,5,2025-01-23T00:00:00.000Z,-43.326282500000,-21.763143540000,"Rua Adelaide Campos de Resende, 651"
412,PARQUE BURNIER.,10072328,21:40:00,13,0,0,5,2025-01-23T00:00:00.000Z,-43.326450350000,-21.763683320000,"Rua Adelaide Campos de Resende, 669"
412,PARQUE BURNIER.,10072377,21:40:00,12,0,1,5,2025-01-23T00:00:00.000Z,-43.327321890000,-21.764062650000,"Rua José Teodoro dos Santos, 25"
412,PARQUE BURNIER.,10072316,21:40:00,11,0,1,6,2025-01-23T00:00:00.000Z,-43.328204750000,-21.763332370000,"Rua José Teodoro dos Santos, 145"
412,PARQUE BURNIER.,10072313,21:40:00,10,0,0,7,2025-01-23T00:00:00.000Z,-43.328846690000,-21.762504770000,"Rua José Teodoro dos Santos, 275"
412,PARQUE BURNIER.,10072301,21:40:00,8,0,0,7,2025-01-23T00:00:00.000Z,-43.330138330000,-21.763252970000,"Rua Adelaide Campos de Resende, 1061"
412,PARQUE BURNIER.,10073552,21:40:00,3,0,0,7,2025-01-23T00:00:00.000Z,-43.335479020000,-21.760313550000,"Rua São Geraldo, 84"
412,PARQUE BURNIER.,10072296,21:40:00,9,0,0,7,2025-01-23T00:00:00.000Z,-43.329374790000,-21.763440430000,"Rua Adelaide Campos de Resende, 975"
412,PARQUE BURNIER.,10072305,21:40:00,2,0,2,7,2025-01-23T00:00:00.000Z,-43.337478970000,-21.760922950000,"Rua Djalma de Carvalho, 37"
412,PARQUE BURNIER.,10071108,22:30:00,1,11,0,11,2025-01-23T00:00:00.000Z,-43.349331860000,-21.758144610000,"Avenida Getúlio Vargas, 835"
412,PARQUE BURNIER.,10072305,22:30:00,2,0,0,11,2025-01-23T00:00:00.000Z,-43.337478970000,-21.760922950000,"Rua Djalma de Carvalho, 37"
412,PARQUE BURNIER.,10073558,22:30:00,4,0,0,11,2025-01-23T00:00:00.000Z,-43.334645750000,-21.760669710000,"Rua Olga Burnier, 70"
412,PARQUE BURNIER.,10073552,22:30:00,3,0,0,11,2025-01-23T00:00:00.000Z,-43.335479020000,-21.760313550000,"Rua São Geraldo, 84"
412,PARQUE BURNIER.,10072356,22:30:00,17,0,1,3,2025-01-23T00:00:00.000Z,-43.327793950000,-21.762107030000,"Rua Natalino José de Paula, 271"
412,PARQUE BURNIER.,10072328,22:30:00,13,0,2,8,2025-01-23T00:00:00.000Z,-43.326450350000,-21.763683320000,"Rua Adelaide Campos de Resende, 669"
412,PARQUE BURNIER.,10072358,22:30:00,18,0,0,3,2025-01-23T00:00:00.000Z,-43.328687310000,-21.761675740000,"Rua Natalino José de Paula, 112 - Ponto Final do Parque Burnier"
412,PARQUE BURNIER.,10073561,22:30:00,7,0,0,11,2025-01-23T00:00:00.000Z,-43.331552510000,-21.763418910000,"Rua Olga Burnier, 480"
412,PARQUE BURNIER.,10072375,22:30:00,16,0,0,4,2025-01-23T00:00:00.000Z,-43.327420830000,-21.762727850000,"Rua Natalino José de Paula, 319"
412,PARQUE BURNIER.,10071503,22:30:00,15,0,2,4,2025-01-23T00:00:00.000Z,-43.326207040000,-21.762717810000,"Rua Natalino José de Paula, 421"
412,PARQUE BURNIER.,10073557,22:30:00,6,0,0,11,2025-01-23T00:00:00.000Z,-43.332479840000,-21.762640710000,"Rua Olga Burnier, 356"
412,PARQUE BURNIER.,10072359,22:30:00,14,0,2,6,2025-01-23T00:00:00.000Z,-43.326282500000,-21.763143540000,"Rua Adelaide Campos de Resende, 651"
412,PARQUE BURNIER.,10072377,22:30:00,12,0,0,10,2025-01-23T00:00:00.000Z,-43.327321890000,-21.764062650000,"Rua José Teodoro dos Santos, 25"
412,PARQUE BURNIER.,10072316,22:30:00,11,0,0,10,2025-01-23T00:00:00.000Z,-43.328204750000,-21.763332370000,"Rua José Teodoro dos Santos, 145"
412,PARQUE BURNIER.,10072313,22:30:00,10,0,0,10,2025-01-23T00:00:00.000Z,-43.328846690000,-21.762504770000,"Rua José Teodoro dos Santos, 275"
412,PARQUE BURNIER.,10072296,22:30:00,9,0,1,10,2025-01-23T00:00:00.000Z,-43.329374790000,-21.763440430000,"Rua Adelaide Campos de Resende, 975"
412,PARQUE BURNIER.,10072301,22:30:00,8,0,0,11,2025-01-23T00:00:00.000Z,-43.330138330000,-21.763252970000,"Rua Adelaide Campos de Resende, 1061"
412,PARQUE BURNIER.,10073560,22:30:00,5,0,0,11,2025-01-23T00:00:00.000Z,-43.333589670000,-21.761652280000,"Rua Olga Burnier, 230"
412,PARQUE BURNIER.,10071108,05:30:00,17,0,2,5,2025-01-24T00:00:00.000Z,-43.349331860000,-21.758144610000,"Avenida Getúlio Vargas, 835"
412,PARQUE BURNIER.,10072302,05:30:00,15,2,0,15,2025-01-24T00:00:00.000Z,-43.338029500000,-21.760323850000,"Avenida Sete de Setembro, 623"
412,PARQUE BURNIER.,10074194,05:30:00,16,0,8,7,2025-01-24T00:00:00.000Z,-43.342338620000,-21.760505960000,"Rua Ângelo Falci, 55"
412,PARQUE BURNIER.,10072382,05:30:00,11,0,0,12,2025-01-24T00:00:00.000Z,-43.332369450000,-21.762522520000,"Rua Olga Burnier, 361"
412,PARQUE BURNIER.,10072332,05:30:00,14,1,0,13,2025-01-24T00:00:00.000Z,-43.335533860000,-21.760131640000,"Rua São Geraldo, 89"
412,PARQUE BURNIER.,10072337,05:30:00,13,0,0,12,2025-01-24T00:00:00.000Z,-43.334540130000,-21.760522960000,"Rua Olga Burnier, 67"
412,PARQUE BURNIER.,10072386,05:30:00,7,0,0,10,2025-01-24T00:00:00.000Z,-43.328850270000,-21.762325320000,"Rua José Teodoro dos Santos, 292"
412,PARQUE BURNIER.,10072335,05:30:00,12,0,0,12,2025-01-24T00:00:00.000Z,-43.333453420000,-21.761562350000,"Rua Olga Burnier, 233"
412,PARQUE BURNIER.,10072380,05:30:00,10,0,0,12,2025-01-24T00:00:00.000Z,-43.331466790000,-21.763337580000,"Rua Olga Burnier, 485"
412,PARQUE BURNIER.,10073583,05:30:00,9,0,0,12,2025-01-24T00:00:00.000Z,-43.330207820000,-21.763072230000,"Rua Adelaide Campos de Resende, 1070"
412,PARQUE BURNIER.,10073584,05:30:00,8,2,0,12,2025-01-24T00:00:00.000Z,-43.329363350000,-21.763255450000,"Rua Adelaide Campos de Resende, 984"
412,PARQUE BURNIER.,10072384,05:30:00,6,0,0,10,2025-01-24T00:00:00.000Z,-43.327999480000,-21.763301540000,"Rua José Teodoro dos Santos, 126"
412,PARQUE BURNIER.,10072309,05:30:00,5,1,0,10,2025-01-24T00:00:00.000Z,-43.327273730000,-21.763967940000,"Rua José Teodoro dos Santos, 28"
412,PARQUE BURNIER.,10073589,05:30:00,4,5,0,9,2025-01-24T00:00:00.000Z,-43.326568960000,-21.763629600000,"Rua Adelaide Campos de Resende, 706"
412,PARQUE BURNIER.,10072362,05:30:00,3,3,0,4,2025-01-24T00:00:00.000Z,-43.327527760000,-21.762798310000,"Rua Natalino José de Paula, 310"
412,PARQUE BURNIER.,10072363,05:30:00,2,1,0,1,2025-01-24T00:00:00.000Z,-43.327885630000,-21.762179390000,"Rua Natalino José de Paula, 288"
412,PARQUE BURNIER.,10072358,05:30:00,1,0,0,0,2025-01-24T00:00:00.000Z,-43.328687310000,-21.761675740000,"Rua Natalino José de Paula, 112 - Ponto Final do Parque Burnier"
412,PARQUE BURNIER.,10071108,05:51:00,1,8,0,8,2025-01-24T00:00:00.000Z,-43.349331860000,-21.758144610000,"Avenida Getúlio Vargas, 835"
412,PARQUE BURNIER.,10073560,05:51:00,5,0,0,5,2025-01-24T00:00:00.000Z,-43.333589670000,-21.761652280000,"Rua Olga Burnier, 230"
412,PARQUE BURNIER.,10073558,05:51:00,4,0,0,5,2025-01-24T00:00:00.000Z,-43.334645750000,-21.760669710000,"Rua Olga Burnier, 70"
412,PARQUE BURNIER.,10073557,05:51:00,6,0,1,4,2025-01-24T00:00:00.000Z,-43.332479840000,-21.762640710000,"Rua Olga Burnier, 356"
412,PARQUE BURNIER.,10073552,05:51:00,3,0,1,5,2025-01-24T00:00:00.000Z,-43.335479020000,-21.760313550000,"Rua São Geraldo, 84"
412,PARQUE BURNIER.,10072358,05:51:00,18,16,0,16,2025-01-24T00:00:00.000Z,-43.328687310000,-21.761675740000,"Rua Natalino José de Paula, 112 - Ponto Final do Parque Burnier"
412,PARQUE BURNIER.,10072305,05:51:00,2,0,2,6,2025-01-24T00:00:00.000Z,-43.337478970000,-21.760922950000,"Rua Djalma de Carvalho, 37"
412,PARQUE BURNIER.,10073561,05:51:00,7,0,0,4,2025-01-24T00:00:00.000Z,-43.331552510000,-21.763418910000,"Rua Olga Burnier, 480"
412,PARQUE BURNIER.,10072356,05:51:00,17,0,0,0,2025-01-24T00:00:00.000Z,-43.327793950000,-21.762107030000,"Rua Natalino José de Paula, 271"
412,PARQUE BURNIER.,10072375,05:51:00,16,0,0,0,2025-01-24T00:00:00.000Z,-43.327420830000,-21.762727850000,"Rua Natalino José de Paula, 319"
412,PARQUE BURNIER.,10071503,05:51:00,15,0,0,0,2025-01-24T00:00:00.000Z,-43.326207040000,-21.762717810000,"Rua Natalino José de Paula, 421"
412,PARQUE BURNIER.,10072359,05:51:00,14,0,0,0,2025-01-24T00:00:00.000Z,-43.326282500000,-21.763143540000,"Rua Adelaide Campos de Resende, 651"
412,PARQUE BURNIER.,10072328,05:51:00,13,0,0,0,2025-01-24T00:00:00.000Z,-43.326450350000,-21.763683320000,"Rua Adelaide Campos de Resende, 669"
412,PARQUE BURNIER.,10072377,05:51:00,12,0,0,0,2025-01-24T00:00:00.000Z,-43.327321890000,-21.764062650000,"Rua José Teodoro dos Santos, 25"
412,PARQUE BURNIER.,10072313,05:51:00,10,0,0,0,2025-01-24T00:00:00.000Z,-43.328846690000,-21.762504770000,"Rua José Teodoro dos Santos, 275"
412,PARQUE BURNIER.,10072316,05:51:00,11,0,0,0,2025-01-24T00:00:00.000Z,-43.328204750000,-21.763332370000,"Rua José Teodoro dos Santos, 145"
412,PARQUE BURNIER.,10072296,05:51:00,9,0,2,0,2025-01-24T00:00:00.000Z,-43.329374790000,-21.763440430000,"Rua Adelaide Campos de Resende, 975"
412,PARQUE BURNIER.,10072301,05:51:00,8,0,2,2,2025-01-24T00:00:00.000Z,-43.330138330000,-21.763252970000,"Rua Adelaide Campos de Resende, 1061"
412,PARQUE BURNIER.,10072363,06:17:00,2,5,0,5,2025-01-24T00:00:00.000Z,-43.327885630000,-21.762179390000,"Rua Natalino José de Paula, 288"
412,PARQUE BURNIER.,10072358,06:17:00,1,0,0,0,2025-01-24T00:00:00.000Z,-43.328687310000,-21.761675740000,"Rua Natalino José de Paula, 112 - Ponto Final do Parque Burnier"
412,PARQUE BURNIER.,10072384,06:17:00,6,2,0,18,2025-01-24T00:00:00.000Z,-43.327999480000,-21.763301540000,"Rua José Teodoro dos Santos, 126"
412,PARQUE BURNIER.,10072309,06:17:00,5,4,0,16,2025-01-24T00:00:00.000Z,-43.327273730000,-21.763967940000,"Rua José Teodoro dos Santos, 28"
412,PARQUE BURNIER.,10074194,06:17:00,16,0,3,28,2025-01-24T00:00:00.000Z,-43.342338620000,-21.760505960000,"Rua Ângelo Falci, 55"
412,PARQUE BURNIER.,10073589,06:17:00,4,3,0,12,2025-01-24T00:00:00.000Z,-43.326568960000,-21.763629600000,"Rua Adelaide Campos de Resende, 706"
412,PARQUE BURNIER.,10072362,06:17:00,3,4,0,9,2025-01-24T00:00:00.000Z,-43.327527760000,-21.762798310000,"Rua Natalino José de Paula, 310"
412,PARQUE BURNIER.,10071108,06:17:00,17,0,21,7,2025-01-24T00:00:00.000Z,-43.349331860000,-21.758144610000,"Avenida Getúlio Vargas, 835"
412,PARQUE BURNIER.,10072302,06:17:00,15,3,1,31,2025-01-24T00:00:00.000Z,-43.338029500000,-21.760323850000,"Avenida Sete de Setembro, 623"
412,PARQUE BURNIER.,10072332,06:17:00,14,0,0,29,2025-01-24T00:00:00.000Z,-43.335533860000,-21.760131640000,"Rua São Geraldo, 89"
412,PARQUE BURNIER.,10072337,06:17:00,13,1,0,29,2025-01-24T00:00:00.000Z,-43.334540130000,-21.760522960000,"Rua Olga Burnier, 67"
412,PARQUE BURNIER.,10072335,06:17:00,12,1,0,28,2025-01-24T00:00:00.000Z,-43.333453420000,-21.761562350000,"Rua Olga Burnier, 233"
412,PARQUE BURNIER.,10072382,06:17:00,11,0,0,27,2025-01-24T00:00:00.000Z,-43.332369450000,-21.762522520000,"Rua Olga Burnier, 361"
412,PARQUE BURNIER.,10073583,06:17:00,9,1,0,26,2025-01-24T00:00:00.000Z,-43.330207820000,-21.763072230000,"Rua Adelaide Campos de Resende, 1070"
412,PARQUE BURNIER.,10072380,06:17:00,10,1,0,27,2025-01-24T00:00:00.000Z,-43.331466790000,-21.763337580000,"Rua Olga Burnier, 485"
412,PARQUE BURNIER.,10073584,06:17:00,8,4,0,25,2025-01-24T00:00:00.000Z,-43.329363350000,-21.763255450000,"Rua Adelaide Campos de Resende, 984"
412,PARQUE BURNIER.,10072386,06:17:00,7,3,0,21,2025-01-24T00:00:00.000Z,-43.328850270000,-21.762325320000,"Rua José Teodoro dos Santos, 292"
412,PARQUE BURNIER.,10071108,06:38:00,1,0,0,0,2025-01-24T00:00:00.000Z,-43.349331860000,-21.758144610000,"Avenida Getúlio Vargas, 835"
412,PARQUE BURNIER.,10073558,06:38:00,4,0,0,2,2025-01-24T00:00:00.000Z,-43.334645750000,-21.760669710000,"Rua Olga Burnier, 70"
412,PARQUE BURNIER.,10073552,06:38:00,3,0,0,2,2025-01-24T00:00:00.000Z,-43.335479020000,-21.760313550000,"Rua São Geraldo, 84"
412,PARQUE BURNIER.,10072305,06:38:00,2,2,0,2,2025-01-24T00:00:00.000Z,-43.337478970000,-21.760922950000,"Rua Djalma de Carvalho, 37"
412,PARQUE BURNIER.,10071503,06:38:00,15,1,1,2,2025-01-24T00:00:00.000Z,-43.326207040000,-21.762717810000,"Rua Natalino José de Paula, 421"
412,PARQUE BURNIER.,10073561,06:38:00,7,0,0,2,2025-01-24T00:00:00.000Z,-43.331552510000,-21.763418910000,"Rua Olga Burnier, 480"
412,PARQUE BURNIER.,10072375,06:38:00,16,0,2,0,2025-01-24T00:00:00.000Z,-43.327420830000,-21.762727850000,"Rua Natalino José de Paula, 319"
412,PARQUE BURNIER.,10073557,06:38:00,6,0,0,2,2025-01-24T00:00:00.000Z,-43.332479840000,-21.762640710000,"Rua Olga Burnier, 356"
412,PARQUE BURNIER.,10072358,06:38:00,18,5,0,5,2025-01-24T00:00:00.000Z,-43.328687310000,-21.761675740000,"Rua Natalino José de Paula, 112 - Ponto Final do Parque Burnier"
412,PARQUE BURNIER.,10073560,06:38:00,5,0,0,2,2025-01-24T00:00:00.000Z,-43.333589670000,-21.761652280000,"Rua Olga Burnier, 230"
412,PARQUE BURNIER.,10072356,06:38:00,17,0,0,0,2025-01-24T00:00:00.000Z,-43.327793950000,-21.762107030000,"Rua Natalino José de Paula, 271"
412,PARQUE BURNIER.,10072359,06:38:00,14,0,0,2,2025-01-24T00:00:00.000Z,-43.326282500000,-21.763143540000,"Rua Adelaide Campos de Resende, 651"
412,PARQUE BURNIER.,10072328,06:38:00,13,0,0,2,2025-01-24T00:00:00.000Z,-43.326450350000,-21.763683320000,"Rua Adelaide Campos de Resende, 669"
412,PARQUE BURNIER.,10072377,06:38:00,12,0,0,2,2025-01-24T00:00:00.000Z,-43.327321890000,-21.764062650000,"Rua José Teodoro dos Santos, 25"
412,PARQUE BURNIER.,10072316,06:38:00,11,2,0,2,2025-01-24T00:00:00.000Z,-43.328204750000,-21.763332370000,"Rua José Teodoro dos Santos, 145"
412,PARQUE BURNIER.,10072296,06:38:00,9,0,1,1,2025-01-24T00:00:00.000Z,-43.329374790000,-21.763440430000,"Rua Adelaide Campos de Resende, 975"
412,PARQUE BURNIER.,10072313,06:38:00,10,0,1,0,2025-01-24T00:00:00.000Z,-43.328846690000,-21.762504770000,"Rua José Teodoro dos Santos, 275"
412,PARQUE BURNIER.,10072301,06:38:00,8,0,0,2,2025-01-24T00:00:00.000Z,-43.330138330000,-21.763252970000,"Rua Adelaide Campos de Resende, 1061"
412,PARQUE BURNIER.,10072358,07:04:00,1,0,0,0,2025-01-24T00:00:00.000Z,-43.328687310000,-21.761675740000,"Rua Natalino José de Paula, 112 - Ponto Final do Parque Burnier"
412,PARQUE BURNIER.,10072363,07:04:00,2,7,0,7,2025-01-24T00:00:00.000Z,-43.327885630000,-21.762179390000,"Rua Natalino José de Paula, 288"
412,PARQUE BURNIER.,10072309,07:04:00,5,1,0,31,2025-01-24T00:00:00.000Z,-43.327273730000,-21.763967940000,"Rua José Teodoro dos Santos, 28"
412,PARQUE BURNIER.,10073589,07:04:00,4,20,0,30,2025-01-24T00:00:00.000Z,-43.326568960000,-21.763629600000,"Rua Adelaide Campos de Resende, 706"
412,PARQUE BURNIER.,10072362,07:04:00,3,3,0,10,2025-01-24T00:00:00.000Z,-43.327527760000,-21.762798310000,"Rua Natalino José de Paula, 310"
412,PARQUE BURNIER.,10074194,07:04:00,16,3,10,35,2025-01-24T00:00:00.000Z,-43.342338620000,-21.760505960000,"Rua Ângelo Falci, 55"
412,PARQUE BURNIER.,10072302,07:04:00,15,2,0,42,2025-01-24T00:00:00.000Z,-43.338029500000,-21.760323850000,"Avenida Sete de Setembro, 623"
412,PARQUE BURNIER.,10071108,07:04:00,17,0,20,15,2025-01-24T00:00:00.000Z,-43.349331860000,-21.758144610000,"Avenida Getúlio Vargas, 835"
412,PARQUE BURNIER.,10072332,07:04:00,14,0,0,40,2025-01-24T00:00:00.000Z,-43.335533860000,-21.760131640000,"Rua São Geraldo, 89"
412,PARQUE BURNIER.,10072337,07:04:00,13,0,0,40,2025-01-24T00:00:00.000Z,-43.334540130000,-21.760522960000,"Rua Olga Burnier, 67"
412,PARQUE BURNIER.,10072335,07:04:00,12,0,0,40,2025-01-24T00:00:00.000Z,-43.333453420000,-21.761562350000,"Rua Olga Burnier, 233"
412,PARQUE BURNIER.,10072382,07:04:00,11,1,0,40,2025-01-24T00:00:00.000Z,-43.332369450000,-21.762522520000,"Rua Olga Burnier, 361"
412,PARQUE BURNIER.,10072380,07:04:00,10,0,0,39,2025-01-24T00:00:00.000Z,-43.331466790000,-21.763337580000,"Rua Olga Burnier, 485"
412,PARQUE BURNIER.,10073583,07:04:00,9,0,0,39,2025-01-24T00:00:00.000Z,-43.330207820000,-21.763072230000,"Rua Adelaide Campos de Resende, 1070"
412,PARQUE BURNIER.,10073584,07:04:00,8,2,0,39,2025-01-24T00:00:00.000Z,-43.329363350000,-21.763255450000,"Rua Adelaide Campos de Resende, 984"
412,PARQUE BURNIER.,10072386,07:04:00,7,4,0,37,2025-01-24T00:00:00.000Z,-43.328850270000,-21.762325320000,"Rua José Teodoro dos Santos, 292"
412,PARQUE BURNIER.,10072384,07:04:00,6,2,0,33,2025-01-24T00:00:00.000Z,-43.327999480000,-21.763301540000,"Rua José Teodoro dos Santos, 126"
412,PARQUE BURNIER.,10073552,07:25:00,3,0,1,4,2025-01-24T00:00:00.000Z,-43.335479020000,-21.760313550000,"Rua São Geraldo, 84"
412,PARQUE BURNIER.,10072305,07:25:00,2,1,0,5,2025-01-24T00:00:00.000Z,-43.337478970000,-21.760922950000,"Rua Djalma de Carvalho, 37"
412,PARQUE BURNIER.,10073558,07:25:00,4,0,0,4,2025-01-24T00:00:00.000Z,-43.334645750000,-21.760669710000,"Rua Olga Burnier, 70"
412,PARQUE BURNIER.,10071108,07:25:00,1,4,0,4,2025-01-24T00:00:00.000Z,-43.349331860000,-21.758144610000,"Avenida Getúlio Vargas, 835"
412,PARQUE BURNIER.,10073561,07:25:00,7,0,0,4,2025-01-24T00:00:00.000Z,-43.331552510000,-21.763418910000,"Rua Olga Burnier, 480"
412,PARQUE BURNIER.,10073557,07:25:00,6,0,0,4,2025-01-24T00:00:00.000Z,-43.332479840000,-21.762640710000,"Rua Olga Burnier, 356"
412,PARQUE BURNIER.,10073560,07:25:00,5,0,0,4,2025-01-24T00:00:00.000Z,-43.333589670000,-21.761652280000,"Rua Olga Burnier, 230"
412,PARQUE BURNIER.,10072358,07:25:00,18,3,0,6,2025-01-24T00:00:00.000Z,-43.328687310000,-21.761675740000,"Rua Natalino José de Paula, 112 - Ponto Final do Parque Burnier"
412,PARQUE BURNIER.,10072375,07:25:00,16,0,1,3,2025-01-24T00:00:00.000Z,-43.327420830000,-21.762727850000,"Rua Natalino José de Paula, 319"
412,PARQUE BURNIER.,10072356,07:25:00,17,0,0,3,2025-01-24T00:00:00.000Z,-43.327793950000,-21.762107030000,"Rua Natalino José de Paula, 271"
412,PARQUE BURNIER.,10072328,07:25:00,13,0,0,4,2025-01-24T00:00:00.000Z,-43.326450350000,-21.763683320000,"Rua Adelaide Campos de Resende, 669"
412,PARQUE BURNIER.,10071503,07:25:00,15,0,0,4,2025-01-24T00:00:00.000Z,-43.326207040000,-21.762717810000,"Rua Natalino José de Paula, 421"
412,PARQUE BURNIER.,10072377,07:25:00,12,0,0,4,2025-01-24T00:00:00.000Z,-43.327321890000,-21.764062650000,"Rua José Teodoro dos Santos, 25"
412,PARQUE BURNIER.,10072359,07:25:00,14,0,0,4,2025-01-24T00:00:00.000Z,-43.326282500000,-21.763143540000,"Rua Adelaide Campos de Resende, 651"
412,PARQUE BURNIER.,10072316,07:25:00,11,0,1,4,2025-01-24T00:00:00.000Z,-43.328204750000,-21.763332370000,"Rua José Teodoro dos Santos, 145"
412,PARQUE BURNIER.,10072313,07:25:00,10,0,0,5,2025-01-24T00:00:00.000Z,-43.328846690000,-21.762504770000,"Rua José Teodoro dos Santos, 275"
412,PARQUE BURNIER.,10072296,07:25:00,9,0,0,5,2025-01-24T00:00:00.000Z,-43.329374790000,-21.763440430000,"Rua Adelaide Campos de Resende, 975"
412,PARQUE BURNIER.,10072301,07:25:00,8,1,0,5,2025-01-24T00:00:00.000Z,-43.330138330000,-21.763252970000,"Rua Adelaide Campos de Resende, 1061"
412,PARQUE BURNIER.,10073589,07:51:00,4,4,0,14,2025-01-24T00:00:00.000Z,-43.326568960000,-21.763629600000,"Rua Adelaide Campos de Resende, 706"
412,PARQUE BURNIER.,10072362,07:51:00,3,6,0,10,2025-01-24T00:00:00.000Z,-43.327527760000,-21.762798310000,"Rua Natalino José de Paula, 310"
412,PARQUE BURNIER.,10072309,07:51:00,5,1,0,15,2025-01-24T00:00:00.000Z,-43.327273730000,-21.763967940000,"Rua José Teodoro dos Santos, 28"
412,PARQUE BURNIER.,10072363,07:51:00,2,4,0,4,2025-01-24T00:00:00.000Z,-43.327885630000,-21.762179390000,"Rua Natalino José de Paula, 288"
412,PARQUE BURNIER.,10072382,07:51:00,11,1,0,24,2025-01-24T00:00:00.000Z,-43.332369450000,-21.762522520000,"Rua Olga Burnier, 361"
412,PARQUE BURNIER.,10072380,07:51:00,10,0,1,23,2025-01-24T00:00:00.000Z,-43.331466790000,-21.763337580000,"Rua Olga Burnier, 485"
412,PARQUE BURNIER.,10072358,07:51:00,1,0,0,0,2025-01-24T00:00:00.000Z,-43.328687310000,-21.761675740000,"Rua Natalino José de Paula, 112 - Ponto Final do Parque Burnier"
412,PARQUE BURNIER.,10072384,07:51:00,6,0,0,15,2025-01-24T00:00:00.000Z,-43.327999480000,-21.763301540000,"Rua José Teodoro dos Santos, 126"
412,PARQUE BURNIER.,10071108,07:51:00,17,0,17,0,2025-01-24T00:00:00.000Z,-43.349331860000,-21.758144610000,"Avenida Getúlio Vargas, 835"
412,PARQUE BURNIER.,10074194,07:51:00,16,1,8,17,2025-01-24T00:00:00.000Z,-43.342338620000,-21.760505960000,"Rua Ângelo Falci, 55"
412,PARQUE BURNIER.,10072302,07:51:00,15,0,1,24,2025-01-24T00:00:00.000Z,-43.338029500000,-21.760323850000,"Avenida Sete de Setembro, 623"
412,PARQUE BURNIER.,10072332,07:51:00,14,0,0,25,2025-01-24T00:00:00.000Z,-43.335533860000,-21.760131640000,"Rua São Geraldo, 89"
412,PARQUE BURNIER.,10072335,07:51:00,12,1,0,25,2025-01-24T00:00:00.000Z,-43.333453420000,-21.761562350000,"Rua Olga Burnier, 233"
412,PARQUE BURNIER.,10072337,07:51:00,13,0,0,25,2025-01-24T00:00:00.000Z,-43.334540130000,-21.760522960000,"Rua Olga Burnier, 67"
412,PARQUE BURNIER.,10073583,07:51:00,9,2,0,24,2025-01-24T00:00:00.000Z,-43.330207820000,-21.763072230000,"Rua Adelaide Campos de Resende, 1070"
412,PARQUE BURNIER.,10073584,07:51:00,8,4,0,22,2025-01-24T00:00:00.000Z,-43.329363350000,-21.763255450000,"Rua Adelaide Campos de Resende, 984"
412,PARQUE BURNIER.,10072386,07:51:00,7,3,0,18,2025-01-24T00:00:00.000Z,-43.328850270000,-21.762325320000,"Rua José Teodoro dos Santos, 292"
412,PARQUE BURNIER.,10073557,08:12:00,6,0,0,1,2025-01-24T00:00:00.000Z,-43.332479840000,-21.762640710000,"Rua Olga Burnier, 356"
412,PARQUE BURNIER.,10073560,08:12:00,5,0,0,1,2025-01-24T00:00:00.000Z,-43.333589670000,-21.761652280000,"Rua Olga Burnier, 230"
412,PARQUE BURNIER.,10073561,08:12:00,7,0,0,1,2025-01-24T00:00:00.000Z,-43.331552510000,-21.763418910000,"Rua Olga Burnier, 480"
412,PARQUE BURNIER.,10073558,08:12:00,4,0,0,1,2025-01-24T00:00:00.000Z,-43.334645750000,-21.760669710000,"Rua Olga Burnier, 70"
412,PARQUE BURNIER.,10072358,08:12:00,18,9,0,9,2025-01-24T00:00:00.000Z,-43.328687310000,-21.761675740000,"Rua Natalino José de Paula, 112 - Ponto Final do Parque Burnier"
412,PARQUE BURNIER.,10072356,08:12:00,17,0,0,0,2025-01-24T00:00:00.000Z,-43.327793950000,-21.762107030000,"Rua Natalino José de Paula, 271"
412,PARQUE BURNIER.,10073552,08:12:00,3,0,1,1,2025-01-24T00:00:00.000Z,-43.335479020000,-21.760313550000,"Rua São Geraldo, 84"
412,PARQUE BURNIER.,10072296,08:12:00,9,0,1,0,2025-01-24T00:00:00.000Z,-43.329374790000,-21.763440430000,"Rua Adelaide Campos de Resende, 975"
412,PARQUE BURNIER.,10072375,08:12:00,16,0,0,0,2025-01-24T00:00:00.000Z,-43.327420830000,-21.762727850000,"Rua Natalino José de Paula, 319"
412,PARQUE BURNIER.,10071503,08:12:00,15,0,0,0,2025-01-24T00:00:00.000Z,-43.326207040000,-21.762717810000,"Rua Natalino José de Paula, 421"
412,PARQUE BURNIER.,10072359,08:12:00,14,0,0,0,2025-01-24T00:00:00.000Z,-43.326282500000,-21.763143540000,"Rua Adelaide Campos de Resende, 651"
412,PARQUE BURNIER.,10072328,08:12:00,13,0,0,0,2025-01-24T00:00:00.000Z,-43.326450350000,-21.763683320000,"Rua Adelaide Campos de Resende, 669"
412,PARQUE BURNIER.,10072377,08:12:00,12,0,0,0,2025-01-24T00:00:00.000Z,-43.327321890000,-21.764062650000,"Rua José Teodoro dos Santos, 25"
412,PARQUE BURNIER.,10072313,08:12:00,10,0,0,0,2025-01-24T00:00:00.000Z,-43.328846690000,-21.762504770000,"Rua José Teodoro dos Santos, 275"
412,PARQUE BURNIER.,10072305,08:12:00,2,0,2,2,2025-01-24T00:00:00.000Z,-43.337478970000,-21.760922950000,"Rua Djalma de Carvalho, 37"
412,PARQUE BURNIER.,10072316,08:12:00,11,0,0,0,2025-01-24T00:00:00.000Z,-43.328204750000,-21.763332370000,"Rua José Teodoro dos Santos, 145"
412,PARQUE BURNIER.,10072301,08:12:00,8,0,0,1,2025-01-24T00:00:00.000Z,-43.330138330000,-21.763252970000,"Rua Adelaide Campos de Resende, 1061"
412,PARQUE BURNIER.,10071108,08:12:00,1,4,0,4,2025-01-24T00:00:00.000Z,-43.349331860000,-21.758144610000,"Avenida Getúlio Vargas, 835"
412,PARQUE BURNIER.,10072363,08:38:00,2,4,0,4,2025-01-24T00:00:00.000Z,-43.327885630000,-21.762179390000,"Rua Natalino José de Paula, 288"
412,PARQUE BURNIER.,10072358,08:38:00,1,0,0,0,2025-01-24T00:00:00.000Z,-43.328687310000,-21.761675740000,"Rua Natalino José de Paula, 112 - Ponto Final do Parque Burnier"
412,PARQUE BURNIER.,10073583,08:38:00,9,2,0,22,2025-01-24T00:00:00.000Z,-43.330207820000,-21.763072230000,"Rua Adelaide Campos de Resende, 1070"
412,PARQUE BURNIER.,10073584,08:38:00,8,2,1,20,2025-01-24T00:00:00.000Z,-43.329363350000,-21.763255450000,"Rua Adelaide Campos de Resende, 984"
412,PARQUE BURNIER.,10072380,08:38:00,10,0,0,22,2025-01-24T00:00:00.000Z,-43.331466790000,-21.763337580000,"Rua Olga Burnier, 485"
412,PARQUE BURNIER.,10072386,08:38:00,7,5,0,19,2025-01-24T00:00:00.000Z,-43.328850270000,-21.762325320000,"Rua José Teodoro dos Santos, 292"
412,PARQUE BURNIER.,10071108,08:38:00,17,0,13,10,2025-01-24T00:00:00.000Z,-43.349331860000,-21.758144610000,"Avenida Getúlio Vargas, 835"
412,PARQUE BURNIER.,10074194,08:38:00,16,1,4,23,2025-01-24T00:00:00.000Z,-43.342338620000,-21.760505960000,"Rua Ângelo Falci, 55"
412,PARQUE BURNIER.,10073589,08:38:00,4,3,0,10,2025-01-24T00:00:00.000Z,-43.326568960000,-21.763629600000,"Rua Adelaide Campos de Resende, 706"
412,PARQUE BURNIER.,10072302,08:38:00,15,2,0,26,2025-01-24T00:00:00.000Z,-43.338029500000,-21.760323850000,"Avenida Sete de Setembro, 623"
412,PARQUE BURNIER.,10072332,08:38:00,14,1,0,24,2025-01-24T00:00:00.000Z,-43.335533860000,-21.760131640000,"Rua São Geraldo, 89"
412,PARQUE BURNIER.,10072337,08:38:00,13,0,0,23,2025-01-24T00:00:00.000Z,-43.334540130000,-21.760522960000,"Rua Olga Burnier, 67"
412,PARQUE BURNIER.,10072335,08:38:00,12,0,0,23,2025-01-24T00:00:00.000Z,-43.333453420000,-21.761562350000,"Rua Olga Burnier, 233"
412,PARQUE BURNIER.,10072382,08:38:00,11,1,0,23,2025-01-24T00:00:00.000Z,-43.332369450000,-21.762522520000,"Rua Olga Burnier, 361"
412,PARQUE BURNIER.,10072362,08:38:00,3,3,0,7,2025-01-24T00:00:00.000Z,-43.327527760000,-21.762798310000,"Rua Natalino José de Paula, 310"
412,PARQUE BURNIER.,10072384,08:38:00,6,3,1,14,2025-01-24T00:00:00.000Z,-43.327999480000,-21.763301540000,"Rua José Teodoro dos Santos, 126"
412,PARQUE BURNIER.,10072309,08:38:00,5,2,0,12,2025-01-24T00:00:00.000Z,-43.327273730000,-21.763967940000,"Rua José Teodoro dos Santos, 28"
412,PARQUE BURNIER.,10071108,08:59:00,1,9,0,9,2025-01-24T00:00:00.000Z,-43.349331860000,-21.758144610000,"Avenida Getúlio Vargas, 835"
412,PARQUE BURNIER.,10072305,08:59:00,2,0,2,7,2025-01-24T00:00:00.000Z,-43.337478970000,-21.760922950000,"Rua Djalma de Carvalho, 37"
412,PARQUE BURNIER.,10073552,08:59:00,3,0,1,6,2025-01-24T00:00:00.000Z,-43.335479020000,-21.760313550000,"Rua São Geraldo, 84"
412,PARQUE BURNIER.,10072359,08:59:00,14,0,0,0,2025-01-24T00:00:00.000Z,-43.326282500000,-21.763143540000,"Rua Adelaide Campos de Resende, 651"
412,PARQUE BURNIER.,10072301,08:59:00,8,0,0,6,2025-01-24T00:00:00.000Z,-43.330138330000,-21.763252970000,"Rua Adelaide Campos de Resende, 1061"
412,PARQUE BURNIER.,10072358,08:59:00,18,3,0,4,2025-01-24T00:00:00.000Z,-43.328687310000,-21.761675740000,"Rua Natalino José de Paula, 112 - Ponto Final do Parque Burnier"
412,PARQUE BURNIER.,10073561,08:59:00,7,0,0,6,2025-01-24T00:00:00.000Z,-43.331552510000,-21.763418910000,"Rua Olga Burnier, 480"
412,PARQUE BURNIER.,10072356,08:59:00,17,0,0,1,2025-01-24T00:00:00.000Z,-43.327793950000,-21.762107030000,"Rua Natalino José de Paula, 271"
412,PARQUE BURNIER.,10072375,08:59:00,16,1,0,1,2025-01-24T00:00:00.000Z,-43.327420830000,-21.762727850000,"Rua Natalino José de Paula, 319"
412,PARQUE BURNIER.,10073557,08:59:00,6,0,0,6,2025-01-24T00:00:00.000Z,-43.332479840000,-21.762640710000,"Rua Olga Burnier, 356"
412,PARQUE BURNIER.,10071503,08:59:00,15,0,0,0,2025-01-24T00:00:00.000Z,-43.326207040000,-21.762717810000,"Rua Natalino José de Paula, 421"
412,PARQUE BURNIER.,10072328,08:59:00,13,0,3,0,2025-01-24T00:00:00.000Z,-43.326450350000,-21.763683320000,"Rua Adelaide Campos de Resende, 669"
412,PARQUE BURNIER.,10072377,08:59:00,12,0,1,3,2025-01-24T00:00:00.000Z,-43.327321890000,-21.764062650000,"Rua José Teodoro dos Santos, 25"
412,PARQUE BURNIER.,10072316,08:59:00,11,0,0,4,2025-01-24T00:00:00.000Z,-43.328204750000,-21.763332370000,"Rua José Teodoro dos Santos, 145"
412,PARQUE BURNIER.,10072313,08:59:00,10,0,0,4,2025-01-24T00:00:00.000Z,-43.328846690000,-21.762504770000,"Rua José Teodoro dos Santos, 275"
412,PARQUE BURNIER.,10072296,08:59:00,9,0,2,4,2025-01-24T00:00:00.000Z,-43.329374790000,-21.763440430000,"Rua Adelaide Campos de Resende, 975"
412,PARQUE BURNIER.,10073560,08:59:00,5,0,0,6,2025-01-24T00:00:00.000Z,-43.333589670000,-21.761652280000,"Rua Olga Burnier, 230"
412,PARQUE BURNIER.,10073558,08:59:00,4,0,0,6,2025-01-24T00:00:00.000Z,-43.334645750000,-21.760669710000,"Rua Olga Burnier, 70"
412,PARQUE BURNIER.,10072363,09:25:00,2,0,0,0,2025-01-24T00:00:00.000Z,-43.327885630000,-21.762179390000,"Rua Natalino José de Paula, 288"
412,PARQUE BURNIER.,10072358,09:25:00,1,0,0,0,2025-01-24T00:00:00.000Z,-43.328687310000,-21.761675740000,"Rua Natalino José de Paula, 112 - Ponto Final do Parque Burnier"
412,PARQUE BURNIER.,10072362,09:25:00,3,4,0,4,2025-01-24T00:00:00.000Z,-43.327527760000,-21.762798310000,"Rua Natalino José de Paula, 310"
412,PARQUE BURNIER.,10072309,09:25:00,5,4,1,12,2025-01-24T00:00:00.000Z,-43.327273730000,-21.763967940000,"Rua José Teodoro dos Santos, 28"
412,PARQUE BURNIER.,10073589,09:25:00,4,5,0,9,2025-01-24T00:00:00.000Z,-43.326568960000,-21.763629600000,"Rua Adelaide Campos de Resende, 706"
412,PARQUE BURNIER.,10074194,09:25:00,16,14,7,29,2025-01-24T00:00:00.000Z,-43.342338620000,-21.760505960000,"Rua Ângelo Falci, 55"
412,PARQUE BURNIER.,10072335,09:25:00,12,0,1,20,2025-01-24T00:00:00.000Z,-43.333453420000,-21.761562350000,"Rua Olga Burnier, 233"
412,PARQUE BURNIER.,10071108,09:25:00,17,0,29,0,2025-01-24T00:00:00.000Z,-43.349331860000,-21.758144610000,"Avenida Getúlio Vargas, 835"
412,PARQUE BURNIER.,10073584,09:25:00,8,5,0,17,2025-01-24T00:00:00.000Z,-43.329363350000,-21.763255450000,"Rua Adelaide Campos de Resende, 984"
412,PARQUE BURNIER.,10072302,09:25:00,15,2,0,22,2025-01-24T00:00:00.000Z,-43.338029500000,-21.760323850000,"Avenida Sete de Setembro, 623"
412,PARQUE BURNIER.,10072332,09:25:00,14,0,0,20,2025-01-24T00:00:00.000Z,-43.335533860000,-21.760131640000,"Rua São Geraldo, 89"
412,PARQUE BURNIER.,10072386,09:25:00,7,0,0,12,2025-01-24T00:00:00.000Z,-43.328850270000,-21.762325320000,"Rua José Teodoro dos Santos, 292"
412,PARQUE BURNIER.,10072337,09:25:00,13,0,0,20,2025-01-24T00:00:00.000Z,-43.334540130000,-21.760522960000,"Rua Olga Burnier, 67"
412,PARQUE BURNIER.,10072382,09:25:00,11,1,0,21,2025-01-24T00:00:00.000Z,-43.332369450000,-21.762522520000,"Rua Olga Burnier, 361"
412,PARQUE BURNIER.,10072380,09:25:00,10,2,0,20,2025-01-24T00:00:00.000Z,-43.331466790000,-21.763337580000,"Rua Olga Burnier, 485"
412,PARQUE BURNIER.,10073583,09:25:00,9,1,0,18,2025-01-24T00:00:00.000Z,-43.330207820000,-21.763072230000,"Rua Adelaide Campos de Resende, 1070"
412,PARQUE BURNIER.,10072384,09:25:00,6,0,0,12,2025-01-24T00:00:00.000Z,-43.327999480000,-21.763301540000,"Rua José Teodoro dos Santos, 126"
412,PARQUE BURNIER.,10073558,09:45:00,4,0,0,6,2025-01-24T00:00:00.000Z,-43.334645750000,-21.760669710000,"Rua Olga Burnier, 70"
412,PARQUE BURNIER.,10073552,09:45:00,3,0,1,6,2025-01-24T00:00:00.000Z,-43.335479020000,-21.760313550000,"Rua São Geraldo, 84"
412,PARQUE BURNIER.,10073560,09:45:00,5,0,0,6,2025-01-24T00:00:00.000Z,-43.333589670000,-21.761652280000,"Rua Olga Burnier, 230"
412,PARQUE BURNIER.,10072305,09:45:00,2,0,2,7,2025-01-24T00:00:00.000Z,-43.337478970000,-21.760922950000,"Rua Djalma de Carvalho, 37"
412,PARQUE BURNIER.,10071108,09:45:00,1,9,0,9,2025-01-24T00:00:00.000Z,-43.349331860000,-21.758144610000,"Avenida Getúlio Vargas, 835"
412,PARQUE BURNIER.,10072358,09:45:00,18,4,0,4,2025-01-24T00:00:00.000Z,-43.328687310000,-21.761675740000,"Rua Natalino José de Paula, 112 - Ponto Final do Parque Burnier"
412,PARQUE BURNIER.,10072356,09:45:00,17,0,0,0,2025-01-24T00:00:00.000Z,-43.327793950000,-21.762107030000,"Rua Natalino José de Paula, 271"
412,PARQUE BURNIER.,10072375,09:45:00,16,0,0,0,2025-01-24T00:00:00.000Z,-43.327420830000,-21.762727850000,"Rua Natalino José de Paula, 319"
412,PARQUE BURNIER.,10071503,09:45:00,15,0,0,0,2025-01-24T00:00:00.000Z,-43.326207040000,-21.762717810000,"Rua Natalino José de Paula, 421"
412,PARQUE BURNIER.,10072359,09:45:00,14,0,0,0,2025-01-24T00:00:00.000Z,-43.326282500000,-21.763143540000,"Rua Adelaide Campos de Resende, 651"
412,PARQUE BURNIER.,10072328,09:45:00,13,0,3,0,2025-01-24T00:00:00.000Z,-43.326450350000,-21.763683320000,"Rua Adelaide Campos de Resende, 669"
412,PARQUE BURNIER.,10072316,09:45:00,11,0,0,4,2025-01-24T00:00:00.000Z,-43.328204750000,-21.763332370000,"Rua José Teodoro dos Santos, 145"
412,PARQUE BURNIER.,10072377,09:45:00,12,0,1,3,2025-01-24T00:00:00.000Z,-43.327321890000,-21.764062650000,"Rua José Teodoro dos Santos, 25"
412,PARQUE BURNIER.,10072313,09:45:00,10,0,0,4,2025-01-24T00:00:00.000Z,-43.328846690000,-21.762504770000,"Rua José Teodoro dos Santos, 275"
412,PARQUE BURNIER.,10072296,09:45:00,9,0,2,4,2025-01-24T00:00:00.000Z,-43.329374790000,-21.763440430000,"Rua Adelaide Campos de Resende, 975"
412,PARQUE BURNIER.,10072301,09:45:00,8,0,0,6,2025-01-24T00:00:00.000Z,-43.330138330000,-21.763252970000,"Rua Adelaide Campos de Resende, 1061"
412,PARQUE BURNIER.,10073561,09:45:00,7,0,0,6,2025-01-24T00:00:00.000Z,-43.331552510000,-21.763418910000,"Rua Olga Burnier, 480"
412,PARQUE BURNIER.,10073557,09:45:00,6,0,0,6,2025-01-24T00:00:00.000Z,-43.332479840000,-21.762640710000,"Rua Olga Burnier, 356"
412,PARQUE BURNIER.,10072358,10:20:00,1,0,0,0,2025-01-24T00:00:00.000Z,-43.328687310000,-21.761675740000,"Rua Natalino José de Paula, 112 - Ponto Final do Parque Burnier"
412,PARQUE BURNIER.,10072309,10:20:00,5,2,0,12,2025-01-24T00:00:00.000Z,-43.327273730000,-21.763967940000,"Rua José Teodoro dos Santos, 28"
412,PARQUE BURNIER.,10073589,10:20:00,4,5,1,10,2025-01-24T00:00:00.000Z,-43.326568960000,-21.763629600000,"Rua Adelaide Campos de Resende, 706"
412,PARQUE BURNIER.,10072384,10:20:00,6,0,0,12,2025-01-24T00:00:00.000Z,-43.327999480000,-21.763301540000,"Rua José Teodoro dos Santos, 126"
412,PARQUE BURNIER.,10072362,10:20:00,3,2,0,6,2025-01-24T00:00:00.000Z,-43.327527760000,-21.762798310000,"Rua Natalino José de Paula, 310"
412,PARQUE BURNIER.,10071108,10:20:00,17,0,20,4,2025-01-24T00:00:00.000Z,-43.349331860000,-21.758144610000,"Avenida Getúlio Vargas, 835"
412,PARQUE BURNIER.,10072363,10:20:00,2,4,0,4,2025-01-24T00:00:00.000Z,-43.327885630000,-21.762179390000,"Rua Natalino José de Paula, 288"
412,PARQUE BURNIER.,10072386,10:20:00,7,3,0,15,2025-01-24T00:00:00.000Z,-43.328850270000,-21.762325320000,"Rua José Teodoro dos Santos, 292"
412,PARQUE BURNIER.,10074194,10:20:00,16,9,5,24,2025-01-24T00:00:00.000Z,-43.342338620000,-21.760505960000,"Rua Ângelo Falci, 55"
412,PARQUE BURNIER.,10072302,10:20:00,15,1,0,20,2025-01-24T00:00:00.000Z,-43.338029500000,-21.760323850000,"Avenida Sete de Setembro, 623"
412,PARQUE BURNIER.,10072332,10:20:00,14,0,0,19,2025-01-24T00:00:00.000Z,-43.335533860000,-21.760131640000,"Rua São Geraldo, 89"
412,PARQUE BURNIER.,10072337,10:20:00,13,0,0,19,2025-01-24T00:00:00.000Z,-43.334540130000,-21.760522960000,"Rua Olga Burnier, 67"
412,PARQUE BURNIER.,10072335,10:20:00,12,0,0,19,2025-01-24T00:00:00.000Z,-43.333453420000,-21.761562350000,"Rua Olga Burnier, 233"
412,PARQUE BURNIER.,10072382,10:20:00,11,0,0,19,2025-01-24T00:00:00.000Z,-43.332369450000,-21.762522520000,"Rua Olga Burnier, 361"
412,PARQUE BURNIER.,10073583,10:20:00,9,1,0,19,2025-01-24T00:00:00.000Z,-43.330207820000,-21.763072230000,"Rua Adelaide Campos de Resende, 1070"
412,PARQUE BURNIER.,10072380,10:20:00,10,0,0,19,2025-01-24T00:00:00.000Z,-43.331466790000,-21.763337580000,"Rua Olga Burnier, 485"
412,PARQUE BURNIER.,10073584,10:20:00,8,3,0,18,2025-01-24T00:00:00.000Z,-43.329363350000,-21.763255450000,"Rua Adelaide Campos de Resende, 984"
412,PARQUE BURNIER.,10073552,10:40:00,3,0,0,15,2025-01-24T00:00:00.000Z,-43.335479020000,-21.760313550000,"Rua São Geraldo, 84"
412,PARQUE BURNIER.,10072305,10:40:00,2,1,0,15,2025-01-24T00:00:00.000Z,-43.337478970000,-21.760922950000,"Rua Djalma de Carvalho, 37"
412,PARQUE BURNIER.,10071108,10:40:00,1,14,0,14,2025-01-24T00:00:00.000Z,-43.349331860000,-21.758144610000,"Avenida Getúlio Vargas, 835"
412,PARQUE BURNIER.,10072375,10:40:00,16,0,2,6,2025-01-24T00:00:00.000Z,-43.327420830000,-21.762727850000,"Rua Natalino José de Paula, 319"
412,PARQUE BURNIER.,10073557,10:40:00,6,0,0,17,2025-01-24T00:00:00.000Z,-43.332479840000,-21.762640710000,"Rua Olga Burnier, 356"
412,PARQUE BURNIER.,10072356,10:40:00,17,1,0,7,2025-01-24T00:00:00.000Z,-43.327793950000,-21.762107030000,"Rua Natalino José de Paula, 271"
412,PARQUE BURNIER.,10073560,10:40:00,5,2,0,17,2025-01-24T00:00:00.000Z,-43.333589670000,-21.761652280000,"Rua Olga Burnier, 230"
412,PARQUE BURNIER.,10073558,10:40:00,4,0,0,15,2025-01-24T00:00:00.000Z,-43.334645750000,-21.760669710000,"Rua Olga Burnier, 70"
412,PARQUE BURNIER.,10072358,10:40:00,18,1,0,8,2025-01-24T00:00:00.000Z,-43.328687310000,-21.761675740000,"Rua Natalino José de Paula, 112 - Ponto Final do Parque Burnier"
412,PARQUE BURNIER.,10071503,10:40:00,15,0,1,8,2025-01-24T00:00:00.000Z,-43.326207040000,-21.762717810000,"Rua Natalino José de Paula, 421"
412,PARQUE BURNIER.,10072359,10:40:00,14,0,1,9,2025-01-24T00:00:00.000Z,-43.326282500000,-21.763143540000,"Rua Adelaide Campos de Resende, 651"
412,PARQUE BURNIER.,10072328,10:40:00,13,0,2,10,2025-01-24T00:00:00.000Z,-43.326450350000,-21.763683320000,"Rua Adelaide Campos de Resende, 669"
412,PARQUE BURNIER.,10072377,10:40:00,12,0,0,12,2025-01-24T00:00:00.000Z,-43.327321890000,-21.764062650000,"Rua José Teodoro dos Santos, 25"
412,PARQUE BURNIER.,10072316,10:40:00,11,1,1,12,2025-01-24T00:00:00.000Z,-43.328204750000,-21.763332370000,"Rua José Teodoro dos Santos, 145"
412,PARQUE BURNIER.,10072296,10:40:00,9,1,0,15,2025-01-24T00:00:00.000Z,-43.329374790000,-21.763440430000,"Rua Adelaide Campos de Resende, 975"
412,PARQUE BURNIER.,10072313,10:40:00,10,0,3,12,2025-01-24T00:00:00.000Z,-43.328846690000,-21.762504770000,"Rua José Teodoro dos Santos, 275"
412,PARQUE BURNIER.,10072301,10:40:00,8,0,3,14,2025-01-24T00:00:00.000Z,-43.330138330000,-21.763252970000,"Rua Adelaide Campos de Resende, 1061"
412,PARQUE BURNIER.,10073561,10:40:00,7,0,0,17,2025-01-24T00:00:00.000Z,-43.331552510000,-21.763418910000,"Rua Olga Burnier, 480"
412,PARQUE BURNIER.,10072358,11:15:00,1,0,0,0,2025-01-24T00:00:00.000Z,-43.328687310000,-21.761675740000,"Rua Natalino José de Paula, 112 - Ponto Final do Parque Burnier"
412,PARQUE BURNIER.,10073589,11:15:00,4,5,0,6,2025-01-24T00:00:00.000Z,-43.326568960000,-21.763629600000,"Rua Adelaide Campos de Resende, 706"
412,PARQUE BURNIER.,10072362,11:15:00,3,1,0,1,2025-01-24T00:00:00.000Z,-43.327527760000,-21.762798310000,"Rua Natalino José de Paula, 310"
412,PARQUE BURNIER.,10072363,11:15:00,2,0,0,0,2025-01-24T00:00:00.000Z,-43.327885630000,-21.762179390000,"Rua Natalino José de Paula, 288"
412,PARQUE BURNIER.,10072332,11:15:00,14,0,0,19,2025-01-24T00:00:00.000Z,-43.335533860000,-21.760131640000,"Rua São Geraldo, 89"
412,PARQUE BURNIER.,10072386,11:15:00,7,3,0,11,2025-01-24T00:00:00.000Z,-43.328850270000,-21.762325320000,"Rua José Teodoro dos Santos, 292"
412,PARQUE BURNIER.,10072302,11:15:00,15,1,0,20,2025-01-24T00:00:00.000Z,-43.338029500000,-21.760323850000,"Avenida Sete de Setembro, 623"
412,PARQUE BURNIER.,10072384,11:15:00,6,0,0,8,2025-01-24T00:00:00.000Z,-43.327999480000,-21.763301540000,"Rua José Teodoro dos Santos, 126"
412,PARQUE BURNIER.,10071108,11:15:00,17,0,5,18,2025-01-24T00:00:00.000Z,-43.349331860000,-21.758144610000,"Avenida Getúlio Vargas, 835"
412,PARQUE BURNIER.,10072309,11:15:00,5,2,0,8,2025-01-24T00:00:00.000Z,-43.327273730000,-21.763967940000,"Rua José Teodoro dos Santos, 28"
412,PARQUE BURNIER.,10074194,11:15:00,16,8,5,23,2025-01-24T00:00:00.000Z,-43.342338620000,-21.760505960000,"Rua Ângelo Falci, 55"
412,PARQUE BURNIER.,10072337,11:15:00,13,1,0,19,2025-01-24T00:00:00.000Z,-43.334540130000,-21.760522960000,"Rua Olga Burnier, 67"
412,PARQUE BURNIER.,10072335,11:15:00,12,2,0,18,2025-01-24T00:00:00.000Z,-43.333453420000,-21.761562350000,"Rua Olga Burnier, 233"
412,PARQUE BURNIER.,10072382,11:15:00,11,1,0,16,2025-01-24T00:00:00.000Z,-43.332369450000,-21.762522520000,"Rua Olga Burnier, 361"
412,PARQUE BURNIER.,10072380,11:15:00,10,1,0,15,2025-01-24T00:00:00.000Z,-43.331466790000,-21.763337580000,"Rua Olga Burnier, 485"
412,PARQUE BURNIER.,10073583,11:15:00,9,0,0,14,2025-01-24T00:00:00.000Z,-43.330207820000,-21.763072230000,"Rua Adelaide Campos de Resende, 1070"
412,PARQUE BURNIER.,10073584,11:15:00,8,3,0,14,2025-01-24T00:00:00.000Z,-43.329363350000,-21.763255450000,"Rua Adelaide Campos de Resende, 984"
412,PARQUE BURNIER.,10072305,11:35:00,2,0,0,14,2025-01-24T00:00:00.000Z,-43.337478970000,-21.760922950000,"Rua Djalma de Carvalho, 37"
412,PARQUE BURNIER.,10071108,11:35:00,1,14,0,14,2025-01-24T00:00:00.000Z,-43.349331860000,-21.758144610000,"Avenida Getúlio Vargas, 835"
412,PARQUE BURNIER.,10073552,11:35:00,3,0,0,14,2025-01-24T00:00:00.000Z,-43.335479020000,-21.760313550000,"Rua São Geraldo, 84"
412,PARQUE BURNIER.,10071503,11:35:00,15,0,0,12,2025-01-24T00:00:00.000Z,-43.326207040000,-21.762717810000,"Rua Natalino José de Paula, 421"
412,PARQUE BURNIER.,10072359,11:35:00,14,0,0,12,2025-01-24T00:00:00.000Z,-43.326282500000,-21.763143540000,"Rua Adelaide Campos de Resende, 651"
412,PARQUE BURNIER.,10072328,11:35:00,13,0,0,12,2025-01-24T00:00:00.000Z,-43.326450350000,-21.763683320000,"Rua Adelaide Campos de Resende, 669"
412,PARQUE BURNIER.,10072358,11:35:00,18,0,0,12,2025-01-24T00:00:00.000Z,-43.328687310000,-21.761675740000,"Rua Natalino José de Paula, 112 - Ponto Final do Parque Burnier"
412,PARQUE BURNIER.,10072356,11:35:00,17,1,1,12,2025-01-24T00:00:00.000Z,-43.327793950000,-21.762107030000,"Rua Natalino José de Paula, 271"
412,PARQUE BURNIER.,10072375,11:35:00,16,0,0,12,2025-01-24T00:00:00.000Z,-43.327420830000,-21.762727850000,"Rua Natalino José de Paula, 319"
412,PARQUE BURNIER.,10072377,11:35:00,12,0,0,12,2025-01-24T00:00:00.000Z,-43.327321890000,-21.764062650000,"Rua José Teodoro dos Santos, 25"
412,PARQUE BURNIER.,10072316,11:35:00,11,0,0,12,2025-01-24T00:00:00.000Z,-43.328204750000,-21.763332370000,"Rua José Teodoro dos Santos, 145"
412,PARQUE BURNIER.,10072313,11:35:00,10,0,2,12,2025-01-24T00:00:00.000Z,-43.328846690000,-21.762504770000,"Rua José Teodoro dos Santos, 275"
412,PARQUE BURNIER.,10072296,11:35:00,9,0,2,14,2025-01-24T00:00:00.000Z,-43.329374790000,-21.763440430000,"Rua Adelaide Campos de Resende, 975"
412,PARQUE BURNIER.,10072301,11:35:00,8,2,0,16,2025-01-24T00:00:00.000Z,-43.330138330000,-21.763252970000,"Rua Adelaide Campos de Resende, 1061"
412,PARQUE BURNIER.,10073561,11:35:00,7,0,0,14,2025-01-24T00:00:00.000Z,-43.331552510000,-21.763418910000,"Rua Olga Burnier, 480"
412,PARQUE BURNIER.,10073557,11:35:00,6,0,0,14,2025-01-24T00:00:00.000Z,-43.332479840000,-21.762640710000,"Rua Olga Burnier, 356"
412,PARQUE BURNIER.,10073560,11:35:00,5,0,0,14,2025-01-24T00:00:00.000Z,-43.333589670000,-21.761652280000,"Rua Olga Burnier, 230"
412,PARQUE BURNIER.,10073558,11:35:00,4,0,0,14,2025-01-24T00:00:00.000Z,-43.334645750000,-21.760669710000,"Rua Olga Burnier, 70"
412,PARQUE BURNIER.,10072362,12:10:00,3,3,0,4,2025-01-24T00:00:00.000Z,-43.327527760000,-21.762798310000,"Rua Natalino José de Paula, 310"
412,PARQUE BURNIER.,10072363,12:10:00,2,1,0,1,2025-01-24T00:00:00.000Z,-43.327885630000,-21.762179390000,"Rua Natalino José de Paula, 288"
412,PARQUE BURNIER.,10073589,12:10:00,4,1,0,5,2025-01-24T00:00:00.000Z,-43.326568960000,-21.763629600000,"Rua Adelaide Campos de Resende, 706"
412,PARQUE BURNIER.,10072358,12:10:00,1,0,0,0,2025-01-24T00:00:00.000Z,-43.328687310000,-21.761675740000,"Rua Natalino José de Paula, 112 - Ponto Final do Parque Burnier"
412,PARQUE BURNIER.,10072386,12:10:00,7,1,0,6,2025-01-24T00:00:00.000Z,-43.328850270000,-21.762325320000,"Rua José Teodoro dos Santos, 292"
412,PARQUE BURNIER.,10072384,12:10:00,6,0,0,5,2025-01-24T00:00:00.000Z,-43.327999480000,-21.763301540000,"Rua José Teodoro dos Santos, 126"
412,PARQUE BURNIER.,10072309,12:10:00,5,0,0,5,2025-01-24T00:00:00.000Z,-43.327273730000,-21.763967940000,"Rua José Teodoro dos Santos, 28"
412,PARQUE BURNIER.,10071108,12:10:00,17,0,5,16,2025-01-24T00:00:00.000Z,-43.349331860000,-21.758144610000,"Avenida Getúlio Vargas, 835"
412,PARQUE BURNIER.,10072302,12:10:00,15,0,0,14,2025-01-24T00:00:00.000Z,-43.338029500000,-21.760323850000,"Avenida Sete de Setembro, 623"
412,PARQUE BURNIER.,10074194,12:10:00,16,10,3,21,2025-01-24T00:00:00.000Z,-43.342338620000,-21.760505960000,"Rua Ângelo Falci, 55"
412,PARQUE BURNIER.,10072335,12:10:00,12,2,0,13,2025-01-24T00:00:00.000Z,-43.333453420000,-21.761562350000,"Rua Olga Burnier, 233"
412,PARQUE BURNIER.,10072332,12:10:00,14,0,0,14,2025-01-24T00:00:00.000Z,-43.335533860000,-21.760131640000,"Rua São Geraldo, 89"
412,PARQUE BURNIER.,10072382,12:10:00,11,0,0,11,2025-01-24T00:00:00.000Z,-43.332369450000,-21.762522520000,"Rua Olga Burnier, 361"
412,PARQUE BURNIER.,10072337,12:10:00,13,1,0,14,2025-01-24T00:00:00.000Z,-43.334540130000,-21.760522960000,"Rua Olga Burnier, 67"
412,PARQUE BURNIER.,10072380,12:10:00,10,3,0,11,2025-01-24T00:00:00.000Z,-43.331466790000,-21.763337580000,"Rua Olga Burnier, 485"
412,PARQUE BURNIER.,10073583,12:10:00,9,0,0,8,2025-01-24T00:00:00.000Z,-43.330207820000,-21.763072230000,"Rua Adelaide Campos de Resende, 1070"
412,PARQUE BURNIER.,10073584,12:10:00,8,2,0,8,2025-01-24T00:00:00.000Z,-43.329363350000,-21.763255450000,"Rua Adelaide Campos de Resende, 984"
412,PARQUE BURNIER.,10073560,12:30:00,5,0,0,13,2025-01-24T00:00:00.000Z,-43.333589670000,-21.761652280000,"Rua Olga Burnier, 230"
412,PARQUE BURNIER.,10073558,12:30:00,4,0,0,13,2025-01-24T00:00:00.000Z,-43.334645750000,-21.760669710000,"Rua Olga Burnier, 70"
412,PARQUE BURNIER.,10073557,12:30:00,6,0,0,13,2025-01-24T00:00:00.000Z,-43.332479840000,-21.762640710000,"Rua Olga Burnier, 356"
412,PARQUE BURNIER.,10073552,12:30:00,3,0,0,13,2025-01-24T00:00:00.000Z,-43.335479020000,-21.760313550000,"Rua São Geraldo, 84"
412,PARQUE BURNIER.,10072358,12:30:00,18,0,0,10,2025-01-24T00:00:00.000Z,-43.328687310000,-21.761675740000,"Rua Natalino José de Paula, 112 - Ponto Final do Parque Burnier"
412,PARQUE BURNIER.,10072316,12:30:00,11,0,0,10,2025-01-24T00:00:00.000Z,-43.328204750000,-21.763332370000,"Rua José Teodoro dos Santos, 145"
412,PARQUE BURNIER.,10072305,12:30:00,2,1,0,13,2025-01-24T00:00:00.000Z,-43.337478970000,-21.760922950000,"Rua Djalma de Carvalho, 37"
412,PARQUE BURNIER.,10072313,12:30:00,10,0,2,10,2025-01-24T00:00:00.000Z,-43.328846690000,-21.762504770000,"Rua José Teodoro dos Santos, 275"
412,PARQUE BURNIER.,10072356,12:30:00,17,1,1,10,2025-01-24T00:00:00.000Z,-43.327793950000,-21.762107030000,"Rua Natalino José de Paula, 271"
412,PARQUE BURNIER.,10072375,12:30:00,16,0,0,10,2025-01-24T00:00:00.000Z,-43.327420830000,-21.762727850000,"Rua Natalino José de Paula, 319"
412,PARQUE BURNIER.,10071503,12:30:00,15,0,0,10,2025-01-24T00:00:00.000Z,-43.326207040000,-21.762717810000,"Rua Natalino José de Paula, 421"
412,PARQUE BURNIER.,10072359,12:30:00,14,0,0,10,2025-01-24T00:00:00.000Z,-43.326282500000,-21.763143540000,"Rua Adelaide Campos de Resende, 651"
412,PARQUE BURNIER.,10072377,12:30:00,12,0,0,10,2025-01-24T00:00:00.000Z,-43.327321890000,-21.764062650000,"Rua José Teodoro dos Santos, 25"
412,PARQUE BURNIER.,10071108,12:30:00,1,12,0,12,2025-01-24T00:00:00.000Z,-43.349331860000,-21.758144610000,"Avenida Getúlio Vargas, 835"
412,PARQUE BURNIER.,10072328,12:30:00,13,0,0,10,2025-01-24T00:00:00.000Z,-43.326450350000,-21.763683320000,"Rua Adelaide Campos de Resende, 669"
412,PARQUE BURNIER.,10072296,12:30:00,9,0,1,12,2025-01-24T00:00:00.000Z,-43.329374790000,-21.763440430000,"Rua Adelaide Campos de Resende, 975"
412,PARQUE BURNIER.,10072301,12:30:00,8,0,0,13,2025-01-24T00:00:00.000Z,-43.330138330000,-21.763252970000,"Rua Adelaide Campos de Resende, 1061"
412,PARQUE BURNIER.,10073561,12:30:00,7,0,0,13,2025-01-24T00:00:00.000Z,-43.331552510000,-21.763418910000,"Rua Olga Burnier, 480"
412,PARQUE BURNIER.,10072384,13:05:00,6,1,0,8,2025-01-24T00:00:00.000Z,-43.327999480000,-21.763301540000,"Rua José Teodoro dos Santos, 126"
412,PARQUE BURNIER.,10072309,13:05:00,5,1,0,7,2025-01-24T00:00:00.000Z,-43.327273730000,-21.763967940000,"Rua José Teodoro dos Santos, 28"
412,PARQUE BURNIER.,10072386,13:05:00,7,1,0,9,2025-01-24T00:00:00.000Z,-43.328850270000,-21.762325320000,"Rua José Teodoro dos Santos, 292"
412,PARQUE BURNIER.,10073589,13:05:00,4,3,0,6,2025-01-24T00:00:00.000Z,-43.326568960000,-21.763629600000,"Rua Adelaide Campos de Resende, 706"
412,PARQUE BURNIER.,10071108,13:05:00,17,4,6,13,2025-01-24T00:00:00.000Z,-43.349331860000,-21.758144610000,"Avenida Getúlio Vargas, 835"
412,PARQUE BURNIER.,10074194,13:05:00,16,7,7,15,2025-01-24T00:00:00.000Z,-43.342338620000,-21.760505960000,"Rua Ângelo Falci, 55"
412,PARQUE BURNIER.,10072362,13:05:00,3,1,0,3,2025-01-24T00:00:00.000Z,-43.327527760000,-21.762798310000,"Rua Natalino José de Paula, 310"
412,PARQUE BURNIER.,10073584,13:05:00,8,3,0,12,2025-01-24T00:00:00.000Z,-43.329363350000,-21.763255450000,"Rua Adelaide Campos de Resende, 984"
412,PARQUE BURNIER.,10072302,13:05:00,15,0,0,15,2025-01-24T00:00:00.000Z,-43.338029500000,-21.760323850000,"Avenida Sete de Setembro, 623"
412,PARQUE BURNIER.,10072332,13:05:00,14,2,0,15,2025-01-24T00:00:00.000Z,-43.335533860000,-21.760131640000,"Rua São Geraldo, 89"
412,PARQUE BURNIER.,10072337,13:05:00,13,0,0,13,2025-01-24T00:00:00.000Z,-43.334540130000,-21.760522960000,"Rua Olga Burnier, 67"
412,PARQUE BURNIER.,10072335,13:05:00,12,0,0,13,2025-01-24T00:00:00.000Z,-43.333453420000,-21.761562350000,"Rua Olga Burnier, 233"
412,PARQUE BURNIER.,10072382,13:05:00,11,1,0,13,2025-01-24T00:00:00.000Z,-43.332369450000,-21.762522520000,"Rua Olga Burnier, 361"
412,PARQUE BURNIER.,10073583,13:05:00,9,0,0,12,2025-01-24T00:00:00.000Z,-43.330207820000,-21.763072230000,"Rua Adelaide Campos de Resende, 1070"
412,PARQUE BURNIER.,10072363,13:05:00,2,2,0,2,2025-01-24T00:00:00.000Z,-43.327885630000,-21.762179390000,"Rua Natalino José de Paula, 288"
412,PARQUE BURNIER.,10072380,13:05:00,10,0,0,12,2025-01-24T00:00:00.000Z,-43.331466790000,-21.763337580000,"Rua Olga Burnier, 485"
412,PARQUE BURNIER.,10072358,13:05:00,1,0,0,0,2025-01-24T00:00:00.000Z,-43.328687310000,-21.761675740000,"Rua Natalino José de Paula, 112 - Ponto Final do Parque Burnier"
412,PARQUE BURNIER.,10072363,14:00:00,2,0,1,3,2025-01-24T00:00:00.000Z,-43.327885630000,-21.762179390000,"Rua Natalino José de Paula, 288"
412,PARQUE BURNIER.,10072358,14:00:00,1,4,0,4,2025-01-24T00:00:00.000Z,-43.328687310000,-21.761675740000,"Rua Natalino José de Paula, 112 - Ponto Final do Parque Burnier"
412,PARQUE BURNIER.,10073584,14:00:00,8,1,0,11,2025-01-24T00:00:00.000Z,-43.329363350000,-21.763255450000,"Rua Adelaide Campos de Resende, 984"
412,PARQUE BURNIER.,10072386,14:00:00,7,1,1,10,2025-01-24T00:00:00.000Z,-43.328850270000,-21.762325320000,"Rua José Teodoro dos Santos, 292"
412,PARQUE BURNIER.,10073583,14:00:00,9,0,0,11,2025-01-24T00:00:00.000Z,-43.330207820000,-21.763072230000,"Rua Adelaide Campos de Resende, 1070"
412,PARQUE BURNIER.,10072309,14:00:00,5,1,0,8,2025-01-24T00:00:00.000Z,-43.327273730000,-21.763967940000,"Rua José Teodoro dos Santos, 28"
412,PARQUE BURNIER.,10071108,14:00:00,17,0,21,1,2025-01-24T00:00:00.000Z,-43.349331860000,-21.758144610000,"Avenida Getúlio Vargas, 835"
412,PARQUE BURNIER.,10074194,14:00:00,16,10,3,22,2025-01-24T00:00:00.000Z,-43.342338620000,-21.760505960000,"Rua Ângelo Falci, 55"
412,PARQUE BURNIER.,10073589,14:00:00,4,1,1,7,2025-01-24T00:00:00.000Z,-43.326568960000,-21.763629600000,"Rua Adelaide Campos de Resende, 706"
412,PARQUE BURNIER.,10072302,14:00:00,15,2,1,15,2025-01-24T00:00:00.000Z,-43.338029500000,-21.760323850000,"Avenida Sete de Setembro, 623"
412,PARQUE BURNIER.,10072332,14:00:00,14,0,0,14,2025-01-24T00:00:00.000Z,-43.335533860000,-21.760131640000,"Rua São Geraldo, 89"
412,PARQUE BURNIER.,10072337,14:00:00,13,0,0,14,2025-01-24T00:00:00.000Z,-43.334540130000,-21.760522960000,"Rua Olga Burnier, 67"
412,PARQUE BURNIER.,10072335,14:00:00,12,3,0,14,2025-01-24T00:00:00.000Z,-43.333453420000,-21.761562350000,"Rua Olga Burnier, 233"
412,PARQUE BURNIER.,10072382,14:00:00,11,0,0,11,2025-01-24T00:00:00.000Z,-43.332369450000,-21.762522520000,"Rua Olga Burnier, 361"
412,PARQUE BURNIER.,10072380,14:00:00,10,0,0,11,2025-01-24T00:00:00.000Z,-43.331466790000,-21.763337580000,"Rua Olga Burnier, 485"
412,PARQUE BURNIER.,10072362,14:00:00,3,4,0,7,2025-01-24T00:00:00.000Z,-43.327527760000,-21.762798310000,"Rua Natalino José de Paula, 310"
412,PARQUE BURNIER.,10072384,14:00:00,6,2,0,10,2025-01-24T00:00:00.000Z,-43.327999480000,-21.763301540000,"Rua José Teodoro dos Santos, 126"
412,PARQUE BURNIER.,10071108,14:20:00,1,29,0,29,2025-01-24T00:00:00.000Z,-43.349331860000,-21.758144610000,"Avenida Getúlio Vargas, 835"
412,PARQUE BURNIER.,10072305,14:20:00,2,0,2,27,2025-01-24T00:00:00.000Z,-43.337478970000,-21.760922950000,"Rua Djalma de Carvalho, 37"
412,PARQUE BURNIER.,10073552,14:20:00,3,0,0,27,2025-01-24T00:00:00.000Z,-43.335479020000,-21.760313550000,"Rua São Geraldo, 84"
412,PARQUE BURNIER.,10072359,14:20:00,14,0,0,23,2025-01-24T00:00:00.000Z,-43.326282500000,-21.763143540000,"Rua Adelaide Campos de Resende, 651"
412,PARQUE BURNIER.,10072301,14:20:00,8,0,0,26,2025-01-24T00:00:00.000Z,-43.330138330000,-21.763252970000,"Rua Adelaide Campos de Resende, 1061"
412,PARQUE BURNIER.,10072358,14:20:00,18,0,1,20,2025-01-24T00:00:00.000Z,-43.328687310000,-21.761675740000,"Rua Natalino José de Paula, 112 - Ponto Final do Parque Burnier"
412,PARQUE BURNIER.,10073561,14:20:00,7,0,0,26,2025-01-24T00:00:00.000Z,-43.331552510000,-21.763418910000,"Rua Olga Burnier, 480"
412,PARQUE BURNIER.,10072356,14:20:00,17,1,0,21,2025-01-24T00:00:00.000Z,-43.327793950000,-21.762107030000,"Rua Natalino José de Paula, 271"
412,PARQUE BURNIER.,10072375,14:20:00,16,0,3,20,2025-01-24T00:00:00.000Z,-43.327420830000,-21.762727850000,"Rua Natalino José de Paula, 319"
412,PARQUE BURNIER.,10073557,14:20:00,6,0,0,26,2025-01-24T00:00:00.000Z,-43.332479840000,-21.762640710000,"Rua Olga Burnier, 356"
412,PARQUE BURNIER.,10071503,14:20:00,15,0,0,23,2025-01-24T00:00:00.000Z,-43.326207040000,-21.762717810000,"Rua Natalino José de Paula, 421"
412,PARQUE BURNIER.,10072328,14:20:00,13,0,0,23,2025-01-24T00:00:00.000Z,-43.326450350000,-21.763683320000,"Rua Adelaide Campos de Resende, 669"
412,PARQUE BURNIER.,10072377,14:20:00,12,0,2,23,2025-01-24T00:00:00.000Z,-43.327321890000,-21.764062650000,"Rua José Teodoro dos Santos, 25"
412,PARQUE BURNIER.,10072316,14:20:00,11,0,0,25,2025-01-24T00:00:00.000Z,-43.328204750000,-21.763332370000,"Rua José Teodoro dos Santos, 145"
412,PARQUE BURNIER.,10072313,14:20:00,10,0,1,25,2025-01-24T00:00:00.000Z,-43.328846690000,-21.762504770000,"Rua José Teodoro dos Santos, 275"
412,PARQUE BURNIER.,10072296,14:20:00,9,0,0,26,2025-01-24T00:00:00.000Z,-43.329374790000,-21.763440430000,"Rua Adelaide Campos de Resende, 975"
412,PARQUE BURNIER.,10073560,14:20:00,5,0,0,26,2025-01-24T00:00:00.000Z,-43.333589670000,-21.761652280000,"Rua Olga Burnier, 230"
412,PARQUE BURNIER.,10073558,14:20:00,4,0,1,26,2025-01-24T00:00:00.000Z,-43.334645750000,-21.760669710000,"Rua Olga Burnier, 70"
412,PARQUE BURNIER.,10072363,14:55:00,2,1,0,1,2025-01-24T00:00:00.000Z,-43.327885630000,-21.762179390000,"Rua Natalino José de Paula, 288"
412,PARQUE BURNIER.,10072358,14:55:00,1,0,0,0,2025-01-24T00:00:00.000Z,-43.328687310000,-21.761675740000,"Rua Natalino José de Paula, 112 - Ponto Final do Parque Burnier"
412,PARQUE BURNIER.,10072362,14:55:00,3,0,1,0,2025-01-24T00:00:00.000Z,-43.327527760000,-21.762798310000,"Rua Natalino José de Paula, 310"
412,PARQUE BURNIER.,10072309,14:55:00,5,0,0,1,2025-01-24T00:00:00.000Z,-43.327273730000,-21.763967940000,"Rua José Teodoro dos Santos, 28"
412,PARQUE BURNIER.,10073589,14:55:00,4,1,0,1,2025-01-24T00:00:00.000Z,-43.326568960000,-21.763629600000,"Rua Adelaide Campos de Resende, 706"
412,PARQUE BURNIER.,10074194,14:55:00,16,14,4,16,2025-01-24T00:00:00.000Z,-43.342338620000,-21.760505960000,"Rua Ângelo Falci, 55"
412,PARQUE BURNIER.,10072335,14:55:00,12,0,0,7,2025-01-24T00:00:00.000Z,-43.333453420000,-21.761562350000,"Rua Olga Burnier, 233"
412,PARQUE BURNIER.,10071108,14:55:00,17,0,16,0,2025-01-24T00:00:00.000Z,-43.349331860000,-21.758144610000,"Avenida Getúlio Vargas, 835"
412,PARQUE BURNIER.,10073584,14:55:00,8,2,0,4,2025-01-24T00:00:00.000Z,-43.329363350000,-21.763255450000,"Rua Adelaide Campos de Resende, 984"
412,PARQUE BURNIER.,10072302,14:55:00,15,0,1,6,2025-01-24T00:00:00.000Z,-43.338029500000,-21.760323850000,"Avenida Sete de Setembro, 623"
412,PARQUE BURNIER.,10072332,14:55:00,14,0,0,7,2025-01-24T00:00:00.000Z,-43.335533860000,-21.760131640000,"Rua São Geraldo, 89"
412,PARQUE BURNIER.,10072386,14:55:00,7,0,0,2,2025-01-24T00:00:00.000Z,-43.328850270000,-21.762325320000,"Rua José Teodoro dos Santos, 292"
412,PARQUE BURNIER.,10072337,14:55:00,13,0,0,7,2025-01-24T00:00:00.000Z,-43.334540130000,-21.760522960000,"Rua Olga Burnier, 67"
412,PARQUE BURNIER.,10072382,14:55:00,11,1,0,7,2025-01-24T00:00:00.000Z,-43.332369450000,-21.762522520000,"Rua Olga Burnier, 361"
412,PARQUE BURNIER.,10072380,14:55:00,10,2,0,6,2025-01-24T00:00:00.000Z,-43.331466790000,-21.763337580000,"Rua Olga Burnier, 485"
412,PARQUE BURNIER.,10073583,14:55:00,9,0,0,4,2025-01-24T00:00:00.000Z,-43.330207820000,-21.763072230000,"Rua Adelaide Campos de Resende, 1070"
412,PARQUE BURNIER.,10072384,14:55:00,6,1,0,2,2025-01-24T00:00:00.000Z,-43.327999480000,-21.763301540000,"Rua José Teodoro dos Santos, 126"
412,PARQUE BURNIER.,10073558,15:15:00,4,1,0,9,2025-01-24T00:00:00.000Z,-43.334645750000,-21.760669710000,"Rua Olga Burnier, 70"
412,PARQUE BURNIER.,10073552,15:15:00,3,0,0,8,2025-01-24T00:00:00.000Z,-43.335479020000,-21.760313550000,"Rua São Geraldo, 84"
412,PARQUE BURNIER.,10072305,15:15:00,2,1,0,8,2025-01-24T00:00:00.000Z,-43.337478970000,-21.760922950000,"Rua Djalma de Carvalho, 37"
412,PARQUE BURNIER.,10071108,15:15:00,1,7,0,7,2025-01-24T00:00:00.000Z,-43.349331860000,-21.758144610000,"Avenida Getúlio Vargas, 835"
412,PARQUE BURNIER.,10072358,15:15:00,18,0,0,4,2025-01-24T00:00:00.000Z,-43.328687310000,-21.761675740000,"Rua Natalino José de Paula, 112 - Ponto Final do Parque Burnier"
412,PARQUE BURNIER.,10072356,15:15:00,17,0,0,4,2025-01-24T00:00:00.000Z,-43.327793950000,-21.762107030000,"Rua Natalino José de Paula, 271"
412,PARQUE BURNIER.,10072375,15:15:00,16,0,1,4,2025-01-24T00:00:00.000Z,-43.327420830000,-21.762727850000,"Rua Natalino José de Paula, 319"
412,PARQUE BURNIER.,10071503,15:15:00,15,0,2,5,2025-01-24T00:00:00.000Z,-43.326207040000,-21.762717810000,"Rua Natalino José de Paula, 421"
412,PARQUE BURNIER.,10072359,15:15:00,14,0,0,7,2025-01-24T00:00:00.000Z,-43.326282500000,-21.763143540000,"Rua Adelaide Campos de Resende, 651"
412,PARQUE BURNIER.,10072328,15:15:00,13,0,0,7,2025-01-24T00:00:00.000Z,-43.326450350000,-21.763683320000,"Rua Adelaide Campos de Resende, 669"
412,PARQUE BURNIER.,10072316,15:15:00,11,0,1,7,2025-01-24T00:00:00.000Z,-43.328204750000,-21.763332370000,"Rua José Teodoro dos Santos, 145"
412,PARQUE BURNIER.,10072377,15:15:00,12,0,0,7,2025-01-24T00:00:00.000Z,-43.327321890000,-21.764062650000,"Rua José Teodoro dos Santos, 25"
412,PARQUE BURNIER.,10072313,15:15:00,10,0,0,8,2025-01-24T00:00:00.000Z,-43.328846690000,-21.762504770000,"Rua José Teodoro dos Santos, 275"
412,PARQUE BURNIER.,10072296,15:15:00,9,0,1,8,2025-01-24T00:00:00.000Z,-43.329374790000,-21.763440430000,"Rua Adelaide Campos de Resende, 975"
412,PARQUE BURNIER.,10072301,15:15:00,8,0,0,9,2025-01-24T00:00:00.000Z,-43.330138330000,-21.763252970000,"Rua Adelaide Campos de Resende, 1061"
412,PARQUE BURNIER.,10073561,15:15:00,7,0,0,9,2025-01-24T00:00:00.000Z,-43.331552510000,-21.763418910000,"Rua Olga Burnier, 480"
412,PARQUE BURNIER.,10073557,15:15:00,6,0,0,9,2025-01-24T00:00:00.000Z,-43.332479840000,-21.762640710000,"Rua Olga Burnier, 356"
412,PARQUE BURNIER.,10073560,15:15:00,5,0,0,9,2025-01-24T00:00:00.000Z,-43.333589670000,-21.761652280000,"Rua Olga Burnier, 230"
412,PARQUE BURNIER.,10072358,15:50:00,1,0,0,0,2025-01-24T00:00:00.000Z,-43.328687310000,-21.761675740000,"Rua Natalino José de Paula, 112 - Ponto Final do Parque Burnier"
412,PARQUE BURNIER.,10072309,15:50:00,5,0,0,4,2025-01-24T00:00:00.000Z,-43.327273730000,-21.763967940000,"Rua José Teodoro dos Santos, 28"
412,PARQUE BURNIER.,10073589,15:50:00,4,1,0,4,2025-01-24T00:00:00.000Z,-43.326568960000,-21.763629600000,"Rua Adelaide Campos de Resende, 706"
412,PARQUE BURNIER.,10072384,15:50:00,6,1,1,4,2025-01-24T00:00:00.000Z,-43.327999480000,-21.763301540000,"Rua José Teodoro dos Santos, 126"
412,PARQUE BURNIER.,10072362,15:50:00,3,2,0,3,2025-01-24T00:00:00.000Z,-43.327527760000,-21.762798310000,"Rua Natalino José de Paula, 310"
412,PARQUE BURNIER.,10071108,15:50:00,17,0,13,5,2025-01-24T00:00:00.000Z,-43.349331860000,-21.758144610000,"Avenida Getúlio Vargas, 835"
412,PARQUE BURNIER.,10072363,15:50:00,2,1,0,1,2025-01-24T00:00:00.000Z,-43.327885630000,-21.762179390000,"Rua Natalino José de Paula, 288"
412,PARQUE BURNIER.,10072386,15:50:00,7,0,0,4,2025-01-24T00:00:00.000Z,-43.328850270000,-21.762325320000,"Rua José Teodoro dos Santos, 292"
412,PARQUE BURNIER.,10074194,15:50:00,16,15,0,18,2025-01-24T00:00:00.000Z,-43.342338620000,-21.760505960000,"Rua Ângelo Falci, 55"
412,PARQUE BURNIER.,10072302,15:50:00,15,1,1,3,2025-01-24T00:00:00.000Z,-43.338029500000,-21.760323850000,"Avenida Sete de Setembro, 623"
412,PARQUE BURNIER.,10072332,15:50:00,14,0,0,3,2025-01-24T00:00:00.000Z,-43.335533860000,-21.760131640000,"Rua São Geraldo, 89"
412,PARQUE BURNIER.,10072337,15:50:00,13,0,0,3,2025-01-24T00:00:00.000Z,-43.334540130000,-21.760522960000,"Rua Olga Burnier, 67"
412,PARQUE BURNIER.,10072335,15:50:00,12,0,2,3,2025-01-24T00:00:00.000Z,-43.333453420000,-21.761562350000,"Rua Olga Burnier, 233"
412,PARQUE BURNIER.,10072382,15:50:00,11,1,0,5,2025-01-24T00:00:00.000Z,-43.332369450000,-21.762522520000,"Rua Olga Burnier, 361"
412,PARQUE BURNIER.,10073583,15:50:00,9,0,0,4,2025-01-24T00:00:00.000Z,-43.330207820000,-21.763072230000,"Rua Adelaide Campos de Resende, 1070"
412,PARQUE BURNIER.,10072380,15:50:00,10,0,0,4,2025-01-24T00:00:00.000Z,-43.331466790000,-21.763337580000,"Rua Olga Burnier, 485"
412,PARQUE BURNIER.,10073584,15:50:00,8,1,1,4,2025-01-24T00:00:00.000Z,-43.329363350000,-21.763255450000,"Rua Adelaide Campos de Resende, 984"
412,PARQUE BURNIER.,10073552,16:10:00,3,0,1,34,2025-01-24T00:00:00.000Z,-43.335479020000,-21.760313550000,"Rua São Geraldo, 84"
412,PARQUE BURNIER.,10072305,16:10:00,2,1,2,35,2025-01-24T00:00:00.000Z,-43.337478970000,-21.760922950000,"Rua Djalma de Carvalho, 37"
412,PARQUE BURNIER.,10071108,16:10:00,1,36,0,36,2025-01-24T00:00:00.000Z,-43.349331860000,-21.758144610000,"Avenida Getúlio Vargas, 835"
412,PARQUE BURNIER.,10072375,16:10:00,16,0,4,3,2025-01-24T00:00:00.000Z,-43.327420830000,-21.762727850000,"Rua Natalino José de Paula, 319"
412,PARQUE BURNIER.,10073557,16:10:00,6,0,1,33,2025-01-24T00:00:00.000Z,-43.332479840000,-21.762640710000,"Rua Olga Burnier, 356"
412,PARQUE BURNIER.,10072356,16:10:00,17,0,0,3,2025-01-24T00:00:00.000Z,-43.327793950000,-21.762107030000,"Rua Natalino José de Paula, 271"
412,PARQUE BURNIER.,10073560,16:10:00,5,0,0,34,2025-01-24T00:00:00.000Z,-43.333589670000,-21.761652280000,"Rua Olga Burnier, 230"
412,PARQUE BURNIER.,10073558,16:10:00,4,0,0,34,2025-01-24T00:00:00.000Z,-43.334645750000,-21.760669710000,"Rua Olga Burnier, 70"
412,PARQUE BURNIER.,10072358,16:10:00,18,1,0,4,2025-01-24T00:00:00.000Z,-43.328687310000,-21.761675740000,"Rua Natalino José de Paula, 112 - Ponto Final do Parque Burnier"
412,PARQUE BURNIER.,10071503,16:10:00,15,1,5,7,2025-01-24T00:00:00.000Z,-43.326207040000,-21.762717810000,"Rua Natalino José de Paula, 421"
412,PARQUE BURNIER.,10072359,16:10:00,14,0,5,11,2025-01-24T00:00:00.000Z,-43.326282500000,-21.763143540000,"Rua Adelaide Campos de Resende, 651"
412,PARQUE BURNIER.,10072328,16:10:00,13,0,5,16,2025-01-24T00:00:00.000Z,-43.326450350000,-21.763683320000,"Rua Adelaide Campos de Resende, 669"
412,PARQUE BURNIER.,10072377,16:10:00,12,0,4,21,2025-01-24T00:00:00.000Z,-43.327321890000,-21.764062650000,"Rua José Teodoro dos Santos, 25"
412,PARQUE BURNIER.,10072316,16:10:00,11,0,0,25,2025-01-24T00:00:00.000Z,-43.328204750000,-21.763332370000,"Rua José Teodoro dos Santos, 145"
412,PARQUE BURNIER.,10072296,16:10:00,9,0,5,25,2025-01-24T00:00:00.000Z,-43.329374790000,-21.763440430000,"Rua Adelaide Campos de Resende, 975"
412,PARQUE BURNIER.,10072313,16:10:00,10,0,0,25,2025-01-24T00:00:00.000Z,-43.328846690000,-21.762504770000,"Rua José Teodoro dos Santos, 275"
412,PARQUE BURNIER.,10072301,16:10:00,8,0,1,30,2025-01-24T00:00:00.000Z,-43.330138330000,-21.763252970000,"Rua Adelaide Campos de Resende, 1061"
412,PARQUE BURNIER.,10073561,16:10:00,7,0,2,31,2025-01-24T00:00:00.000Z,-43.331552510000,-21.763418910000,"Rua Olga Burnier, 480"
412,PARQUE BURNIER.,10072358,16:45:00,1,0,0,0,2025-01-24T00:00:00.000Z,-43.328687310000,-21.761675740000,"Rua Natalino José de Paula, 112 - Ponto Final do Parque Burnier"
412,PARQUE BURNIER.,10073589,16:45:00,4,0,0,3,2025-01-24T00:00:00.000Z,-43.326568960000,-21.763629600000,"Rua Adelaide Campos de Resende, 706"
412,PARQUE BURNIER.,10072362,16:45:00,3,3,0,3,2025-01-24T00:00:00.000Z,-43.327527760000,-21.762798310000,"Rua Natalino José de Paula, 310"
412,PARQUE BURNIER.,10072363,16:45:00,2,0,0,0,2025-01-24T00:00:00.000Z,-43.327885630000,-21.762179390000,"Rua Natalino José de Paula, 288"
412,PARQUE BURNIER.,10072332,16:45:00,14,0,0,7,2025-01-24T00:00:00.000Z,-43.335533860000,-21.760131640000,"Rua São Geraldo, 89"
412,PARQUE BURNIER.,10072386,16:45:00,7,1,0,6,2025-01-24T00:00:00.000Z,-43.328850270000,-21.762325320000,"Rua José Teodoro dos Santos, 292"
412,PARQUE BURNIER.,10072302,16:45:00,15,2,0,9,2025-01-24T00:00:00.000Z,-43.338029500000,-21.760323850000,"Avenida Sete de Setembro, 623"
412,PARQUE BURNIER.,10072384,16:45:00,6,0,0,5,2025-01-24T00:00:00.000Z,-43.327999480000,-21.763301540000,"Rua José Teodoro dos Santos, 126"
412,PARQUE BURNIER.,10071108,16:45:00,17,0,25,6,2025-01-24T00:00:00.000Z,-43.349331860000,-21.758144610000,"Avenida Getúlio Vargas, 835"
412,PARQUE BURNIER.,10072309,16:45:00,5,2,0,5,2025-01-24T00:00:00.000Z,-43.327273730000,-21.763967940000,"Rua José Teodoro dos Santos, 28"
412,PARQUE BURNIER.,10074194,16:45:00,16,22,0,31,2025-01-24T00:00:00.000Z,-43.342338620000,-21.760505960000,"Rua Ângelo Falci, 55"
412,PARQUE BURNIER.,10072337,16:45:00,13,1,0,7,2025-01-24T00:00:00.000Z,-43.334540130000,-21.760522960000,"Rua Olga Burnier, 67"
412,PARQUE BURNIER.,10072335,16:45:00,12,0,0,6,2025-01-24T00:00:00.000Z,-43.333453420000,-21.761562350000,"Rua Olga Burnier, 233"
412,PARQUE BURNIER.,10072382,16:45:00,11,0,0,6,2025-01-24T00:00:00.000Z,-43.332369450000,-21.762522520000,"Rua Olga Burnier, 361"
412,PARQUE BURNIER.,10072380,16:45:00,10,0,0,6,2025-01-24T00:00:00.000Z,-43.331466790000,-21.763337580000,"Rua Olga Burnier, 485"
412,PARQUE BURNIER.,10073583,16:45:00,9,0,0,6,2025-01-24T00:00:00.000Z,-43.330207820000,-21.763072230000,"Rua Adelaide Campos de Resende, 1070"
412,PARQUE BURNIER.,10073584,16:45:00,8,0,0,6,2025-01-24T00:00:00.000Z,-43.329363350000,-21.763255450000,"Rua Adelaide Campos de Resende, 984"
412,PARQUE BURNIER.,10072305,17:05:00,2,1,0,12,2025-01-24T00:00:00.000Z,-43.337478970000,-21.760922950000,"Rua Djalma de Carvalho, 37"
412,PARQUE BURNIER.,10071108,17:05:00,1,11,0,11,2025-01-24T00:00:00.000Z,-43.349331860000,-21.758144610000,"Avenida Getúlio Vargas, 835"
412,PARQUE BURNIER.,10073552,17:05:00,3,0,0,12,2025-01-24T00:00:00.000Z,-43.335479020000,-21.760313550000,"Rua São Geraldo, 84"
412,PARQUE BURNIER.,10072328,17:05:00,13,2,2,2,2025-01-24T00:00:00.000Z,-43.326450350000,-21.763683320000,"Rua Adelaide Campos de Resende, 669"
412,PARQUE BURNIER.,10073560,17:05:00,5,0,1,11,2025-01-24T00:00:00.000Z,-43.333589670000,-21.761652280000,"Rua Olga Burnier, 230"
412,PARQUE BURNIER.,10073558,17:05:00,4,0,0,12,2025-01-24T00:00:00.000Z,-43.334645750000,-21.760669710000,"Rua Olga Burnier, 70"
412,PARQUE BURNIER.,10072356,17:05:00,17,1,0,1,2025-01-24T00:00:00.000Z,-43.327793950000,-21.762107030000,"Rua Natalino José de Paula, 271"
412,PARQUE BURNIER.,10072375,17:05:00,16,0,0,0,2025-01-24T00:00:00.000Z,-43.327420830000,-21.762727850000,"Rua Natalino José de Paula, 319"
412,PARQUE BURNIER.,10072358,17:05:00,18,5,0,6,2025-01-24T00:00:00.000Z,-43.328687310000,-21.761675740000,"Rua Natalino José de Paula, 112 - Ponto Final do Parque Burnier"
412,PARQUE BURNIER.,10071503,17:05:00,15,0,0,0,2025-01-24T00:00:00.000Z,-43.326207040000,-21.762717810000,"Rua Natalino José de Paula, 421"
412,PARQUE BURNIER.,10072359,17:05:00,14,0,2,0,2025-01-24T00:00:00.000Z,-43.326282500000,-21.763143540000,"Rua Adelaide Campos de Resende, 651"
412,PARQUE BURNIER.,10072377,17:05:00,12,0,1,2,2025-01-24T00:00:00.000Z,-43.327321890000,-21.764062650000,"Rua José Teodoro dos Santos, 25"
412,PARQUE BURNIER.,10072316,17:05:00,11,0,0,3,2025-01-24T00:00:00.000Z,-43.328204750000,-21.763332370000,"Rua José Teodoro dos Santos, 145"
412,PARQUE BURNIER.,10072313,17:05:00,10,0,3,3,2025-01-24T00:00:00.000Z,-43.328846690000,-21.762504770000,"Rua José Teodoro dos Santos, 275"
412,PARQUE BURNIER.,10072296,17:05:00,9,0,4,6,2025-01-24T00:00:00.000Z,-43.329374790000,-21.763440430000,"Rua Adelaide Campos de Resende, 975"
412,PARQUE BURNIER.,10072301,17:05:00,8,2,2,10,2025-01-24T00:00:00.000Z,-43.330138330000,-21.763252970000,"Rua Adelaide Campos de Resende, 1061"
412,PARQUE BURNIER.,10073561,17:05:00,7,0,0,10,2025-01-24T00:00:00.000Z,-43.331552510000,-21.763418910000,"Rua Olga Burnier, 480"
412,PARQUE BURNIER.,10073557,17:05:00,6,0,1,10,2025-01-24T00:00:00.000Z,-43.332479840000,-21.762640710000,"Rua Olga Burnier, 356"
412,PARQUE BURNIER.,10072362,17:40:00,3,0,0,4,2025-01-24T00:00:00.000Z,-43.327527760000,-21.762798310000,"Rua Natalino José de Paula, 310"
412,PARQUE BURNIER.,10072363,17:40:00,2,4,0,4,2025-01-24T00:00:00.000Z,-43.327885630000,-21.762179390000,"Rua Natalino José de Paula, 288"
412,PARQUE BURNIER.,10073589,17:40:00,4,1,0,5,2025-01-24T00:00:00.000Z,-43.326568960000,-21.763629600000,"Rua Adelaide Campos de Resende, 706"
412,PARQUE BURNIER.,10072358,17:40:00,1,0,0,0,2025-01-24T00:00:00.000Z,-43.328687310000,-21.761675740000,"Rua Natalino José de Paula, 112 - Ponto Final do Parque Burnier"
412,PARQUE BURNIER.,10072386,17:40:00,7,1,0,6,2025-01-24T00:00:00.000Z,-43.328850270000,-21.762325320000,"Rua José Teodoro dos Santos, 292"
412,PARQUE BURNIER.,10072384,17:40:00,6,2,1,5,2025-01-24T00:00:00.000Z,-43.327999480000,-21.763301540000,"Rua José Teodoro dos Santos, 126"
412,PARQUE BURNIER.,10072309,17:40:00,5,1,2,4,2025-01-24T00:00:00.000Z,-43.327273730000,-21.763967940000,"Rua José Teodoro dos Santos, 28"
412,PARQUE BURNIER.,10071108,17:40:00,17,0,12,0,2025-01-24T00:00:00.000Z,-43.349331860000,-21.758144610000,"Avenida Getúlio Vargas, 835"
412,PARQUE BURNIER.,10072302,17:40:00,15,1,1,5,2025-01-24T00:00:00.000Z,-43.338029500000,-21.760323850000,"Avenida Sete de Setembro, 623"
412,PARQUE BURNIER.,10074194,17:40:00,16,9,2,12,2025-01-24T00:00:00.000Z,-43.342338620000,-21.760505960000,"Rua Ângelo Falci, 55"
412,PARQUE BURNIER.,10072335,17:40:00,12,0,2,5,2025-01-24T00:00:00.000Z,-43.333453420000,-21.761562350000,"Rua Olga Burnier, 233"
412,PARQUE BURNIER.,10072332,17:40:00,14,0,0,5,2025-01-24T00:00:00.000Z,-43.335533860000,-21.760131640000,"Rua São Geraldo, 89"
412,PARQUE BURNIER.,10072382,17:40:00,11,0,0,7,2025-01-24T00:00:00.000Z,-43.332369450000,-21.762522520000,"Rua Olga Burnier, 361"
412,PARQUE BURNIER.,10072337,17:40:00,13,0,0,5,2025-01-24T00:00:00.000Z,-43.334540130000,-21.760522960000,"Rua Olga Burnier, 67"
412,PARQUE BURNIER.,10072380,17:40:00,10,1,0,7,2025-01-24T00:00:00.000Z,-43.331466790000,-21.763337580000,"Rua Olga Burnier, 485"
412,PARQUE BURNIER.,10073583,17:40:00,9,0,0,6,2025-01-24T00:00:00.000Z,-43.330207820000,-21.763072230000,"Rua Adelaide Campos de Resende, 1070"
412,PARQUE BURNIER.,10073584,17:40:00,8,1,1,6,2025-01-24T00:00:00.000Z,-43.329363350000,-21.763255450000,"Rua Adelaide Campos de Resende, 984"
412,PARQUE BURNIER.,10073560,18:00:00,5,0,0,11,2025-01-24T00:00:00.000Z,-43.333589670000,-21.761652280000,"Rua Olga Burnier, 230"
412,PARQUE BURNIER.,10073558,18:00:00,4,0,0,11,2025-01-24T00:00:00.000Z,-43.334645750000,-21.760669710000,"Rua Olga Burnier, 70"
412,PARQUE BURNIER.,10073557,18:00:00,6,0,0,11,2025-01-24T00:00:00.000Z,-43.332479840000,-21.762640710000,"Rua Olga Burnier, 356"
412,PARQUE BURNIER.,10073552,18:00:00,3,0,0,11,2025-01-24T00:00:00.000Z,-43.335479020000,-21.760313550000,"Rua São Geraldo, 84"
412,PARQUE BURNIER.,10072358,18:00:00,18,1,0,7,2025-01-24T00:00:00.000Z,-43.328687310000,-21.761675740000,"Rua Natalino José de Paula, 112 - Ponto Final do Parque Burnier"
412,PARQUE BURNIER.,10072316,18:00:00,11,0,0,7,2025-01-24T00:00:00.000Z,-43.328204750000,-21.763332370000,"Rua José Teodoro dos Santos, 145"
412,PARQUE BURNIER.,10072305,18:00:00,2,2,0,11,2025-01-24T00:00:00.000Z,-43.337478970000,-21.760922950000,"Rua Djalma de Carvalho, 37"
412,PARQUE BURNIER.,10072313,18:00:00,10,0,2,7,2025-01-24T00:00:00.000Z,-43.328846690000,-21.762504770000,"Rua José Teodoro dos Santos, 275"
412,PARQUE BURNIER.,10072356,18:00:00,17,0,1,6,2025-01-24T00:00:00.000Z,-43.327793950000,-21.762107030000,"Rua Natalino José de Paula, 271"
412,PARQUE BURNIER.,10072375,18:00:00,16,0,0,7,2025-01-24T00:00:00.000Z,-43.327420830000,-21.762727850000,"Rua Natalino José de Paula, 319"
412,PARQUE BURNIER.,10071503,18:00:00,15,0,0,7,2025-01-24T00:00:00.000Z,-43.326207040000,-21.762717810000,"Rua Natalino José de Paula, 421"
412,PARQUE BURNIER.,10072359,18:00:00,14,0,0,7,2025-01-24T00:00:00.000Z,-43.326282500000,-21.763143540000,"Rua Adelaide Campos de Resende, 651"
412,PARQUE BURNIER.,10072377,18:00:00,12,0,0,7,2025-01-24T00:00:00.000Z,-43.327321890000,-21.764062650000,"Rua José Teodoro dos Santos, 25"
412,PARQUE BURNIER.,10071108,18:00:00,1,9,0,9,2025-01-24T00:00:00.000Z,-43.349331860000,-21.758144610000,"Avenida Getúlio Vargas, 835"
412,PARQUE BURNIER.,10072328,18:00:00,13,0,0,7,2025-01-24T00:00:00.000Z,-43.326450350000,-21.763683320000,"Rua Adelaide Campos de Resende, 669"
412,PARQUE BURNIER.,10072296,18:00:00,9,0,2,9,2025-01-24T00:00:00.000Z,-43.329374790000,-21.763440430000,"Rua Adelaide Campos de Resende, 975"
412,PARQUE BURNIER.,10072301,18:00:00,8,0,0,11,2025-01-24T00:00:00.000Z,-43.330138330000,-21.763252970000,"Rua Adelaide Campos de Resende, 1061"
412,PARQUE BURNIER.,10073561,18:00:00,7,0,0,11,2025-01-24T00:00:00.000Z,-43.331552510000,-21.763418910000,"Rua Olga Burnier, 480"
412,PARQUE BURNIER.,10072384,18:35:00,6,1,1,2,2025-01-24T00:00:00.000Z,-43.327999480000,-21.763301540000,"Rua José Teodoro dos Santos, 126"
412,PARQUE BURNIER.,10072309,18:35:00,5,0,1,2,2025-01-24T00:00:00.000Z,-43.327273730000,-21.763967940000,"Rua José Teodoro dos Santos, 28"
412,PARQUE BURNIER.,10072386,18:35:00,7,3,0,5,2025-01-24T00:00:00.000Z,-43.328850270000,-21.762325320000,"Rua José Teodoro dos Santos, 292"
412,PARQUE BURNIER.,10073589,18:35:00,4,1,0,3,2025-01-24T00:00:00.000Z,-43.326568960000,-21.763629600000,"Rua Adelaide Campos de Resende, 706"
412,PARQUE BURNIER.,10071108,18:35:00,17,0,14,2,2025-01-24T00:00:00.000Z,-43.349331860000,-21.758144610000,"Avenida Getúlio Vargas, 835"
412,PARQUE BURNIER.,10074194,18:35:00,16,16,1,16,2025-01-24T00:00:00.000Z,-43.342338620000,-21.760505960000,"Rua Ângelo Falci, 55"
412,PARQUE BURNIER.,10072362,18:35:00,3,2,0,2,2025-01-24T00:00:00.000Z,-43.327527760000,-21.762798310000,"Rua Natalino José de Paula, 310"
412,PARQUE BURNIER.,10073584,18:35:00,8,0,1,4,2025-01-24T00:00:00.000Z,-43.329363350000,-21.763255450000,"Rua Adelaide Campos de Resende, 984"
412,PARQUE BURNIER.,10072302,18:35:00,15,0,0,1,2025-01-24T00:00:00.000Z,-43.338029500000,-21.760323850000,"Avenida Sete de Setembro, 623"
412,PARQUE BURNIER.,10072332,18:35:00,14,0,0,1,2025-01-24T00:00:00.000Z,-43.335533860000,-21.760131640000,"Rua São Geraldo, 89"
412,PARQUE BURNIER.,10072337,18:35:00,13,0,0,1,2025-01-24T00:00:00.000Z,-43.334540130000,-21.760522960000,"Rua Olga Burnier, 67"
412,PARQUE BURNIER.,10072335,18:35:00,12,0,2,1,2025-01-24T00:00:00.000Z,-43.333453420000,-21.761562350000,"Rua Olga Burnier, 233"
412,PARQUE BURNIER.,10072382,18:35:00,11,0,0,3,2025-01-24T00:00:00.000Z,-43.332369450000,-21.762522520000,"Rua Olga Burnier, 361"
412,PARQUE BURNIER.,10073583,18:35:00,9,0,1,3,2025-01-24T00:00:00.000Z,-43.330207820000,-21.763072230000,"Rua Adelaide Campos de Resende, 1070"
412,PARQUE BURNIER.,10072363,18:35:00,2,0,0,0,2025-01-24T00:00:00.000Z,-43.327885630000,-21.762179390000,"Rua Natalino José de Paula, 288"
412,PARQUE BURNIER.,10072380,18:35:00,10,0,0,3,2025-01-24T00:00:00.000Z,-43.331466790000,-21.763337580000,"Rua Olga Burnier, 485"
412,PARQUE BURNIER.,10072358,18:35:00,1,0,0,0,2025-01-24T00:00:00.000Z,-43.328687310000,-21.761675740000,"Rua Natalino José de Paula, 112 - Ponto Final do Parque Burnier"
412,PARQUE BURNIER.,10071108,18:55:00,1,17,0,17,2025-01-24T00:00:00.000Z,-43.349331860000,-21.758144610000,"Avenida Getúlio Vargas, 835"
412,PARQUE BURNIER.,10073561,18:55:00,7,0,2,15,2025-01-24T00:00:00.000Z,-43.331552510000,-21.763418910000,"Rua Olga Burnier, 480"
412,PARQUE BURNIER.,10072305,18:55:00,2,1,0,18,2025-01-24T00:00:00.000Z,-43.337478970000,-21.760922950000,"Rua Djalma de Carvalho, 37"
412,PARQUE BURNIER.,10072377,18:55:00,12,0,0,13,2025-01-24T00:00:00.000Z,-43.327321890000,-21.764062650000,"Rua José Teodoro dos Santos, 25"
412,PARQUE BURNIER.,10072316,18:55:00,11,0,1,13,2025-01-24T00:00:00.000Z,-43.328204750000,-21.763332370000,"Rua José Teodoro dos Santos, 145"
412,PARQUE BURNIER.,10071503,18:55:00,15,0,1,10,2025-01-24T00:00:00.000Z,-43.326207040000,-21.762717810000,"Rua Natalino José de Paula, 421"
412,PARQUE BURNIER.,10072313,18:55:00,10,0,0,14,2025-01-24T00:00:00.000Z,-43.328846690000,-21.762504770000,"Rua José Teodoro dos Santos, 275"
412,PARQUE BURNIER.,10072358,18:55:00,18,0,0,11,2025-01-24T00:00:00.000Z,-43.328687310000,-21.761675740000,"Rua Natalino José de Paula, 112 - Ponto Final do Parque Burnier"
412,PARQUE BURNIER.,10072356,18:55:00,17,0,0,11,2025-01-24T00:00:00.000Z,-43.327793950000,-21.762107030000,"Rua Natalino José de Paula, 271"
412,PARQUE BURNIER.,10072296,18:55:00,9,0,1,14,2025-01-24T00:00:00.000Z,-43.329374790000,-21.763440430000,"Rua Adelaide Campos de Resende, 975"
412,PARQUE BURNIER.,10072375,18:55:00,16,1,0,11,2025-01-24T00:00:00.000Z,-43.327420830000,-21.762727850000,"Rua Natalino José de Paula, 319"
412,PARQUE BURNIER.,10072359,18:55:00,14,0,1,11,2025-01-24T00:00:00.000Z,-43.326282500000,-21.763143540000,"Rua Adelaide Campos de Resende, 651"
412,PARQUE BURNIER.,10072328,18:55:00,13,0,1,12,2025-01-24T00:00:00.000Z,-43.326450350000,-21.763683320000,"Rua Adelaide Campos de Resende, 669"
412,PARQUE BURNIER.,10072301,18:55:00,8,0,0,15,2025-01-24T00:00:00.000Z,-43.330138330000,-21.763252970000,"Rua Adelaide Campos de Resende, 1061"
412,PARQUE BURNIER.,10073557,18:55:00,6,0,1,17,2025-01-24T00:00:00.000Z,-43.332479840000,-21.762640710000,"Rua Olga Burnier, 356"
412,PARQUE BURNIER.,10073560,18:55:00,5,0,0,18,2025-01-24T00:00:00.000Z,-43.333589670000,-21.761652280000,"Rua Olga Burnier, 230"
412,PARQUE BURNIER.,10073558,18:55:00,4,0,0,18,2025-01-24T00:00:00.000Z,-43.334645750000,-21.760669710000,"Rua Olga Burnier, 70"
412,PARQUE BURNIER.,10073552,18:55:00,3,0,0,18,2025-01-24T00:00:00.000Z,-43.335479020000,-21.760313550000,"Rua São Geraldo, 84"
412,PARQUE BURNIER.,10072358,19:30:00,1,0,0,0,2025-01-24T00:00:00.000Z,-43.328687310000,-21.761675740000,"Rua Natalino José de Paula, 112 - Ponto Final do Parque Burnier"
412,PARQUE BURNIER.,10072363,19:30:00,2,0,0,0,2025-01-24T00:00:00.000Z,-43.327885630000,-21.762179390000,"Rua Natalino José de Paula, 288"
412,PARQUE BURNIER.,10072362,19:30:00,3,1,0,1,2025-01-24T00:00:00.000Z,-43.327527760000,-21.762798310000,"Rua Natalino José de Paula, 310"
412,PARQUE BURNIER.,10072337,19:30:00,13,0,1,1,2025-01-24T00:00:00.000Z,-43.334540130000,-21.760522960000,"Rua Olga Burnier, 67"
412,PARQUE BURNIER.,10073584,19:30:00,8,1,0,3,2025-01-24T00:00:00.000Z,-43.329363350000,-21.763255450000,"Rua Adelaide Campos de Resende, 984"
412,PARQUE BURNIER.,10071108,19:30:00,17,0,4,1,2025-01-24T00:00:00.000Z,-43.349331860000,-21.758144610000,"Avenida Getúlio Vargas, 835"
412,PARQUE BURNIER.,10072386,19:30:00,7,0,0,2,2025-01-24T00:00:00.000Z,-43.328850270000,-21.762325320000,"Rua José Teodoro dos Santos, 292"
412,PARQUE BURNIER.,10074194,19:30:00,16,5,0,5,2025-01-24T00:00:00.000Z,-43.342338620000,-21.760505960000,"Rua Ângelo Falci, 55"
412,PARQUE BURNIER.,10072302,19:30:00,15,0,1,0,2025-01-24T00:00:00.000Z,-43.338029500000,-21.760323850000,"Avenida Sete de Setembro, 623"
412,PARQUE BURNIER.,10072384,19:30:00,6,1,0,2,2025-01-24T00:00:00.000Z,-43.327999480000,-21.763301540000,"Rua José Teodoro dos Santos, 126"
412,PARQUE BURNIER.,10072332,19:30:00,14,0,0,1,2025-01-24T00:00:00.000Z,-43.335533860000,-21.760131640000,"Rua São Geraldo, 89"
412,PARQUE BURNIER.,10072335,19:30:00,12,0,0,2,2025-01-24T00:00:00.000Z,-43.333453420000,-21.761562350000,"Rua Olga Burnier, 233"
412,PARQUE BURNIER.,10072382,19:30:00,11,0,0,2,2025-01-24T00:00:00.000Z,-43.332369450000,-21.762522520000,"Rua Olga Burnier, 361"
412,PARQUE BURNIER.,10072380,19:30:00,10,0,0,2,2025-01-24T00:00:00.000Z,-43.331466790000,-21.763337580000,"Rua Olga Burnier, 485"
412,PARQUE BURNIER.,10073583,19:30:00,9,0,1,2,2025-01-24T00:00:00.000Z,-43.330207820000,-21.763072230000,"Rua Adelaide Campos de Resende, 1070"
412,PARQUE BURNIER.,10072309,19:30:00,5,0,0,1,2025-01-24T00:00:00.000Z,-43.327273730000,-21.763967940000,"Rua José Teodoro dos Santos, 28"
412,PARQUE BURNIER.,10073589,19:30:00,4,0,0,1,2025-01-24T00:00:00.000Z,-43.326568960000,-21.763629600000,"Rua Adelaide Campos de Resende, 706"
412,PARQUE BURNIER.,10073552,19:50:00,3,0,1,13,2025-01-24T00:00:00.000Z,-43.335479020000,-21.760313550000,"Rua São Geraldo, 84"
412,PARQUE BURNIER.,10072305,19:50:00,2,5,1,14,2025-01-24T00:00:00.000Z,-43.337478970000,-21.760922950000,"Rua Djalma de Carvalho, 37"
412,PARQUE BURNIER.,10073558,19:50:00,4,0,0,13,2025-01-24T00:00:00.000Z,-43.334645750000,-21.760669710000,"Rua Olga Burnier, 70"
412,PARQUE BURNIER.,10071108,19:50:00,1,10,0,10,2025-01-24T00:00:00.000Z,-43.349331860000,-21.758144610000,"Avenida Getúlio Vargas, 835"
412,PARQUE BURNIER.,10073557,19:50:00,6,0,0,13,2025-01-24T00:00:00.000Z,-43.332479840000,-21.762640710000,"Rua Olga Burnier, 356"
412,PARQUE BURNIER.,10073560,19:50:00,5,0,0,13,2025-01-24T00:00:00.000Z,-43.333589670000,-21.761652280000,"Rua Olga Burnier, 230"
412,PARQUE BURNIER.,10072358,19:50:00,18,1,1,1,2025-01-24T00:00:00.000Z,-43.328687310000,-21.761675740000,"Rua Natalino José de Paula, 112 - Ponto Final do Parque Burnier"
412,PARQUE BURNIER.,10072375,19:50:00,16,0,0,3,2025-01-24T00:00:00.000Z,-43.327420830000,-21.762727850000,"Rua Natalino José de Paula, 319"
412,PARQUE BURNIER.,10072356,19:50:00,17,1,3,1,2025-01-24T00:00:00.000Z,-43.327793950000,-21.762107030000,"Rua Natalino José de Paula, 271"
412,PARQUE BURNIER.,10072377,19:50:00,12,0,1,8,2025-01-24T00:00:00.000Z,-43.327321890000,-21.764062650000,"Rua José Teodoro dos Santos, 25"
412,PARQUE BURNIER.,10071503,19:50:00,15,0,3,3,2025-01-24T00:00:00.000Z,-43.326207040000,-21.762717810000,"Rua Natalino José de Paula, 421"
412,PARQUE BURNIER.,10072359,19:50:00,14,0,1,6,2025-01-24T00:00:00.000Z,-43.326282500000,-21.763143540000,"Rua Adelaide Campos de Resende, 651"
412,PARQUE BURNIER.,10072301,19:50:00,8,0,0,12,2025-01-24T00:00:00.000Z,-43.330138330000,-21.763252970000,"Rua Adelaide Campos de Resende, 1061"
412,PARQUE BURNIER.,10072328,19:50:00,13,0,1,7,2025-01-24T00:00:00.000Z,-43.326450350000,-21.763683320000,"Rua Adelaide Campos de Resende, 669"
412,PARQUE BURNIER.,10072316,19:50:00,11,0,2,9,2025-01-24T00:00:00.000Z,-43.328204750000,-21.763332370000,"Rua José Teodoro dos Santos, 145"
412,PARQUE BURNIER.,10072313,19:50:00,10,0,1,11,2025-01-24T00:00:00.000Z,-43.328846690000,-21.762504770000,"Rua José Teodoro dos Santos, 275"
412,PARQUE BURNIER.,10072296,19:50:00,9,0,0,12,2025-01-24T00:00:00.000Z,-43.329374790000,-21.763440430000,"Rua Adelaide Campos de Resende, 975"
412,PARQUE BURNIER.,10073561,19:50:00,7,0,1,12,2025-01-24T00:00:00.000Z,-43.331552510000,-21.763418910000,"Rua Olga Burnier, 480"
412,PARQUE BURNIER.,10073589,20:25:00,4,0,0,1,2025-01-24T00:00:00.000Z,-43.326568960000,-21.763629600000,"Rua Adelaide Campos de Resende, 706"
412,PARQUE BURNIER.,10072362,20:25:00,3,0,0,1,2025-01-24T00:00:00.000Z,-43.327527760000,-21.762798310000,"Rua Natalino José de Paula, 310"
412,PARQUE BURNIER.,10072309,20:25:00,5,0,0,1,2025-01-24T00:00:00.000Z,-43.327273730000,-21.763967940000,"Rua José Teodoro dos Santos, 28"
412,PARQUE BURNIER.,10072363,20:25:00,2,1,0,1,2025-01-24T00:00:00.000Z,-43.327885630000,-21.762179390000,"Rua Natalino José de Paula, 288"
412,PARQUE BURNIER.,10072358,20:25:00,1,0,0,0,2025-01-24T00:00:00.000Z,-43.328687310000,-21.761675740000,"Rua Natalino José de Paula, 112 - Ponto Final do Parque Burnier"
412,PARQUE BURNIER.,10071108,20:25:00,17,0,13,0,2025-01-24T00:00:00.000Z,-43.349331860000,-21.758144610000,"Avenida Getúlio Vargas, 835"
412,PARQUE BURNIER.,10074194,20:25:00,16,12,0,13,2025-01-24T00:00:00.000Z,-43.342338620000,-21.760505960000,"Rua Ângelo Falci, 55"
412,PARQUE BURNIER.,10072302,20:25:00,15,0,0,1,2025-01-24T00:00:00.000Z,-43.338029500000,-21.760323850000,"Avenida Sete de Setembro, 623"
412,PARQUE BURNIER.,10072332,20:25:00,14,0,0,1,2025-01-24T00:00:00.000Z,-43.335533860000,-21.760131640000,"Rua São Geraldo, 89"
412,PARQUE BURNIER.,10072337,20:25:00,13,0,0,1,2025-01-24T00:00:00.000Z,-43.334540130000,-21.760522960000,"Rua Olga Burnier, 67"
412,PARQUE BURNIER.,10072335,20:25:00,12,0,0,1,2025-01-24T00:00:00.000Z,-43.333453420000,-21.761562350000,"Rua Olga Burnier, 233"
412,PARQUE BURNIER.,10072382,20:25:00,11,0,0,1,2025-01-24T00:00:00.000Z,-43.332369450000,-21.762522520000,"Rua Olga Burnier, 361"
412,PARQUE BURNIER.,10072380,20:25:00,10,0,0,1,2025-01-24T00:00:00.000Z,-43.331466790000,-21.763337580000,"Rua Olga Burnier, 485"
412,PARQUE BURNIER.,10073583,20:25:00,9,0,2,1,2025-01-24T00:00:00.000Z,-43.330207820000,-21.763072230000,"Rua Adelaide Campos de Resende, 1070"
412,PARQUE BURNIER.,10073584,20:25:00,8,0,0,3,2025-01-24T00:00:00.000Z,-43.329363350000,-21.763255450000,"Rua Adelaide Campos de Resende, 984"
412,PARQUE BURNIER.,10072386,20:25:00,7,2,0,3,2025-01-24T00:00:00.000Z,-43.328850270000,-21.762325320000,"Rua José Teodoro dos Santos, 292"
412,PARQUE BURNIER.,10072384,20:25:00,6,0,0,1,2025-01-24T00:00:00.000Z,-43.327999480000,-21.763301540000,"Rua José Teodoro dos Santos, 126"
412,PARQUE BURNIER.,10072305,20:45:00,2,0,2,10,2025-01-24T00:00:00.000Z,-43.337478970000,-21.760922950000,"Rua Djalma de Carvalho, 37"
412,PARQUE BURNIER.,10071108,20:45:00,1,12,0,12,2025-01-24T00:00:00.000Z,-43.349331860000,-21.758144610000,"Avenida Getúlio Vargas, 835"
412,PARQUE BURNIER.,10073557,20:45:00,6,0,0,9,2025-01-24T00:00:00.000Z,-43.332479840000,-21.762640710000,"Rua Olga Burnier, 356"
412,PARQUE BURNIER.,10073560,20:45:00,5,0,0,9,2025-01-24T00:00:00.000Z,-43.333589670000,-21.761652280000,"Rua Olga Burnier, 230"
412,PARQUE BURNIER.,10073561,20:45:00,7,0,0,9,2025-01-24T00:00:00.000Z,-43.331552510000,-21.763418910000,"Rua Olga Burnier, 480"
412,PARQUE BURNIER.,10073558,20:45:00,4,0,0,9,2025-01-24T00:00:00.000Z,-43.334645750000,-21.760669710000,"Rua Olga Burnier, 70"
412,PARQUE BURNIER.,10072358,20:45:00,18,2,0,2,2025-01-24T00:00:00.000Z,-43.328687310000,-21.761675740000,"Rua Natalino José de Paula, 112 - Ponto Final do Parque Burnier"
412,PARQUE BURNIER.,10072356,20:45:00,17,0,0,0,2025-01-24T00:00:00.000Z,-43.327793950000,-21.762107030000,"Rua Natalino José de Paula, 271"
412,PARQUE BURNIER.,10073552,20:45:00,3,0,1,9,2025-01-24T00:00:00.000Z,-43.335479020000,-21.760313550000,"Rua São Geraldo, 84"
412,PARQUE BURNIER.,10072375,20:45:00,16,0,0,0,2025-01-24T00:00:00.000Z,-43.327420830000,-21.762727850000,"Rua Natalino José de Paula, 319"
412,PARQUE BURNIER.,10071503,20:45:00,15,0,0,0,2025-01-24T00:00:00.000Z,-43.326207040000,-21.762717810000,"Rua Natalino José de Paula, 421"
412,PARQUE BURNIER.,10072359,20:45:00,14,0,1,0,2025-01-24T00:00:00.000Z,-43.326282500000,-21.763143540000,"Rua Adelaide Campos de Resende, 651"
412,PARQUE BURNIER.,10072328,20:45:00,13,0,5,1,2025-01-24T00:00:00.000Z,-43.326450350000,-21.763683320000,"Rua Adelaide Campos de Resende, 669"
412,PARQUE BURNIER.,10072377,20:45:00,12,0,1,6,2025-01-24T00:00:00.000Z,-43.327321890000,-21.764062650000,"Rua José Teodoro dos Santos, 25"
412,PARQUE BURNIER.,10072316,20:45:00,11,0,0,7,2025-01-24T00:00:00.000Z,-43.328204750000,-21.763332370000,"Rua José Teodoro dos Santos, 145"
412,PARQUE BURNIER.,10072313,20:45:00,10,0,0,7,2025-01-24T00:00:00.000Z,-43.328846690000,-21.762504770000,"Rua José Teodoro dos Santos, 275"
412,PARQUE BURNIER.,10072296,20:45:00,9,0,2,7,2025-01-24T00:00:00.000Z,-43.329374790000,-21.763440430000,"Rua Adelaide Campos de Resende, 975"
412,PARQUE BURNIER.,10072301,20:45:00,8,0,0,9,2025-01-24T00:00:00.000Z,-43.330138330000,-21.763252970000,"Rua Adelaide Campos de Resende, 1061"
412,PARQUE BURNIER.,10071108,21:40:00,1,9,0,9,2025-01-24T00:00:00.000Z,-43.349331860000,-21.758144610000,"Avenida Getúlio Vargas, 835"
412,PARQUE BURNIER.,10073558,21:40:00,4,2,0,11,2025-01-24T00:00:00.000Z,-43.334645750000,-21.760669710000,"Rua Olga Burnier, 70"
412,PARQUE BURNIER.,10073552,21:40:00,3,0,0,9,2025-01-24T00:00:00.000Z,-43.335479020000,-21.760313550000,"Rua São Geraldo, 84"
412,PARQUE BURNIER.,10072305,21:40:00,2,0,0,9,2025-01-24T00:00:00.000Z,-43.337478970000,-21.760922950000,"Rua Djalma de Carvalho, 37"
412,PARQUE BURNIER.,10072375,21:40:00,16,0,1,6,2025-01-24T00:00:00.000Z,-43.327420830000,-21.762727850000,"Rua Natalino José de Paula, 319"
412,PARQUE BURNIER.,10071503,21:40:00,15,0,0,7,2025-01-24T00:00:00.000Z,-43.326207040000,-21.762717810000,"Rua Natalino José de Paula, 421"
412,PARQUE BURNIER.,10072356,21:40:00,17,0,4,2,2025-01-24T00:00:00.000Z,-43.327793950000,-21.762107030000,"Rua Natalino José de Paula, 271"
412,PARQUE BURNIER.,10073557,21:40:00,6,0,0,11,2025-01-24T00:00:00.000Z,-43.332479840000,-21.762640710000,"Rua Olga Burnier, 356"
412,PARQUE BURNIER.,10072358,21:40:00,18,0,0,2,2025-01-24T00:00:00.000Z,-43.328687310000,-21.761675740000,"Rua Natalino José de Paula, 112 - Ponto Final do Parque Burnier"
412,PARQUE BURNIER.,10073560,21:40:00,5,0,0,11,2025-01-24T00:00:00.000Z,-43.333589670000,-21.761652280000,"Rua Olga Burnier, 230"
412,PARQUE BURNIER.,10072359,21:40:00,14,0,1,7,2025-01-24T00:00:00.000Z,-43.326282500000,-21.763143540000,"Rua Adelaide Campos de Resende, 651"
412,PARQUE BURNIER.,10072328,21:40:00,13,0,1,8,2025-01-24T00:00:00.000Z,-43.326450350000,-21.763683320000,"Rua Adelaide Campos de Resende, 669"
412,PARQUE BURNIER.,10072377,21:40:00,12,0,1,9,2025-01-24T00:00:00.000Z,-43.327321890000,-21.764062650000,"Rua José Teodoro dos Santos, 25"
412,PARQUE BURNIER.,10072316,21:40:00,11,0,0,10,2025-01-24T00:00:00.000Z,-43.328204750000,-21.763332370000,"Rua José Teodoro dos Santos, 145"
412,PARQUE BURNIER.,10072313,21:40:00,10,0,0,10,2025-01-24T00:00:00.000Z,-43.328846690000,-21.762504770000,"Rua José Teodoro dos Santos, 275"
412,PARQUE BURNIER.,10072296,21:40:00,9,0,1,10,2025-01-24T00:00:00.000Z,-43.329374790000,-21.763440430000,"Rua Adelaide Campos de Resende, 975"
412,PARQUE BURNIER.,10072301,21:40:00,8,0,0,11,2025-01-24T00:00:00.000Z,-43.330138330000,-21.763252970000,"Rua Adelaide Campos de Resende, 1061"
412,PARQUE BURNIER.,10073561,21:40:00,7,0,0,11,2025-01-24T00:00:00.000Z,-43.331552510000,-21.763418910000,"Rua Olga Burnier, 480"
412,PARQUE BURNIER.,10072305,22:30:00,2,0,0,9,2025-01-24T00:00:00.000Z,-43.337478970000,-21.760922950000,"Rua Djalma de Carvalho, 37"
412,PARQUE BURNIER.,10071108,22:30:00,1,9,0,9,2025-01-24T00:00:00.000Z,-43.349331860000,-21.758144610000,"Avenida Getúlio Vargas, 835"
412,PARQUE BURNIER.,10073552,22:30:00,3,0,0,9,2025-01-24T00:00:00.000Z,-43.335479020000,-21.760313550000,"Rua São Geraldo, 84"
412,PARQUE BURNIER.,10073557,22:30:00,6,0,0,9,2025-01-24T00:00:00.000Z,-43.332479840000,-21.762640710000,"Rua Olga Burnier, 356"
412,PARQUE BURNIER.,10073560,22:30:00,5,0,0,9,2025-01-24T00:00:00.000Z,-43.333589670000,-21.761652280000,"Rua Olga Burnier, 230"
412,PARQUE BURNIER.,10073558,22:30:00,4,0,0,9,2025-01-24T00:00:00.000Z,-43.334645750000,-21.760669710000,"Rua Olga Burnier, 70"
412,PARQUE BURNIER.,10072356,22:30:00,17,0,0,6,2025-01-24T00:00:00.000Z,-43.327793950000,-21.762107030000,"Rua Natalino José de Paula, 271"
412,PARQUE BURNIER.,10072359,22:30:00,14,0,0,7,2025-01-24T00:00:00.000Z,-43.326282500000,-21.763143540000,"Rua Adelaide Campos de Resende, 651"
412,PARQUE BURNIER.,10072358,22:30:00,18,0,0,6,2025-01-24T00:00:00.000Z,-43.328687310000,-21.761675740000,"Rua Natalino José de Paula, 112 - Ponto Final do Parque Burnier"
412,PARQUE BURNIER.,10072328,22:30:00,13,0,0,7,2025-01-24T00:00:00.000Z,-43.326450350000,-21.763683320000,"Rua Adelaide Campos de Resende, 669"
412,PARQUE BURNIER.,10072375,22:30:00,16,0,1,6,2025-01-24T00:00:00.000Z,-43.327420830000,-21.762727850000,"Rua Natalino José de Paula, 319"
412,PARQUE BURNIER.,10071503,22:30:00,15,0,0,7,2025-01-24T00:00:00.000Z,-43.326207040000,-21.762717810000,"Rua Natalino José de Paula, 421"
412,PARQUE BURNIER.,10073561,22:30:00,7,0,0,9,2025-01-24T00:00:00.000Z,-43.331552510000,-21.763418910000,"Rua Olga Burnier, 480"
412,PARQUE BURNIER.,10072377,22:30:00,12,0,0,7,2025-01-24T00:00:00.000Z,-43.327321890000,-21.764062650000,"Rua José Teodoro dos Santos, 25"
412,PARQUE BURNIER.,10072316,22:30:00,11,0,1,7,2025-01-24T00:00:00.000Z,-43.328204750000,-21.763332370000,"Rua José Teodoro dos Santos, 145"
412,PARQUE BURNIER.,10072313,22:30:00,10,0,0,8,2025-01-24T00:00:00.000Z,-43.328846690000,-21.762504770000,"Rua José Teodoro dos Santos, 275"
412,PARQUE BURNIER.,10072296,22:30:00,9,0,1,8,2025-01-24T00:00:00.000Z,-43.329374790000,-21.763440430000,"Rua Adelaide Campos de Resende, 975"
412,PARQUE BURNIER.,10072301,22:30:00,8,0,0,9,2025-01-24T00:00:00.000Z,-43.330138330000,-21.763252970000,"Rua Adelaide Campos de Resende, 1061"
412,PARQUE BURNIER.,10073558,23:15:00,4,0,0,3,2025-01-24T00:00:00.000Z,-43.334645750000,-21.760669710000,"Rua Olga Burnier, 70"
412,PARQUE BURNIER.,10073552,23:15:00,3,0,0,3,2025-01-24T00:00:00.000Z,-43.335479020000,-21.760313550000,"Rua São Geraldo, 84"
412,PARQUE BURNIER.,10072316,23:15:00,11,0,0,5,2025-01-24T00:00:00.000Z,-43.328204750000,-21.763332370000,"Rua José Teodoro dos Santos, 145"
412,PARQUE BURNIER.,10072305,23:15:00,2,3,0,3,2025-01-24T00:00:00.000Z,-43.337478970000,-21.760922950000,"Rua Djalma de Carvalho, 37"
412,PARQUE BURNIER.,10072359,23:15:00,14,0,0,5,2025-01-24T00:00:00.000Z,-43.326282500000,-21.763143540000,"Rua Adelaide Campos de Resende, 651"
412,PARQUE BURNIER.,10072328,23:15:00,13,0,0,5,2025-01-24T00:00:00.000Z,-43.326450350000,-21.763683320000,"Rua Adelaide Campos de Resende, 669"
412,PARQUE BURNIER.,10072377,23:15:00,12,0,0,5,2025-01-24T00:00:00.000Z,-43.327321890000,-21.764062650000,"Rua José Teodoro dos Santos, 25"
412,PARQUE BURNIER.,10071108,23:15:00,1,0,0,0,2025-01-24T00:00:00.000Z,-43.349331860000,-21.758144610000,"Avenida Getúlio Vargas, 835"
412,PARQUE BURNIER.,10072358,23:15:00,18,0,0,5,2025-01-24T00:00:00.000Z,-43.328687310000,-21.761675740000,"Rua Natalino José de Paula, 112 - Ponto Final do Parque Burnier"
412,PARQUE BURNIER.,10072356,23:15:00,17,0,1,5,2025-01-24T00:00:00.000Z,-43.327793950000,-21.762107030000,"Rua Natalino José de Paula, 271"
412,PARQUE BURNIER.,10072375,23:15:00,16,1,0,6,2025-01-24T00:00:00.000Z,-43.327420830000,-21.762727850000,"Rua Natalino José de Paula, 319"
412,PARQUE BURNIER.,10071503,23:15:00,15,0,0,5,2025-01-24T00:00:00.000Z,-43.326207040000,-21.762717810000,"Rua Natalino José de Paula, 421"
412,PARQUE BURNIER.,10072313,23:15:00,10,0,0,5,2025-01-24T00:00:00.000Z,-43.328846690000,-21.762504770000,"Rua José Teodoro dos Santos, 275"
412,PARQUE BURNIER.,10072296,23:15:00,9,0,0,5,2025-01-24T00:00:00.000Z,-43.329374790000,-21.763440430000,"Rua Adelaide Campos de Resende, 975"
412,PARQUE BURNIER.,10072301,23:15:00,8,0,0,5,2025-01-24T00:00:00.000Z,-43.330138330000,-21.763252970000,"Rua Adelaide Campos de Resende, 1061"
412,PARQUE BURNIER.,10073561,23:15:00,7,0,0,5,2025-01-24T00:00:00.000Z,-43.331552510000,-21.763418910000,"Rua Olga Burnier, 480"
412,PARQUE BURNIER.,10073557,23:15:00,6,1,0,5,2025-01-24T00:00:00.000Z,-43.332479840000,-21.762640710000,"Rua Olga Burnier, 356"
412,PARQUE BURNIER.,10073560,23:15:00,5,1,0,4,2025-01-24T00:00:00.000Z,-43.333589670000,-21.761652280000,"Rua Olga Burnier, 230"
412,PARQUE BURNIER.,10072309,05:30:00,5,0,0,6,2025-01-25T00:00:00.000Z,-43.327273730000,-21.763967940000,"Rua José Teodoro dos Santos, 28"
412,PARQUE BURNIER.,10073589,05:30:00,4,2,0,6,2025-01-25T00:00:00.000Z,-43.326568960000,-21.763629600000,"Rua Adelaide Campos de Resende, 706"
412,PARQUE BURNIER.,10072384,05:30:00,6,1,0,7,2025-01-25T00:00:00.000Z,-43.327999480000,-21.763301540000,"Rua José Teodoro dos Santos, 126"
412,PARQUE BURNIER.,10072362,05:30:00,3,2,0,4,2025-01-25T00:00:00.000Z,-43.327527760000,-21.762798310000,"Rua Natalino José de Paula, 310"
412,PARQUE BURNIER.,10071108,05:30:00,17,0,2,4,2025-01-25T00:00:00.000Z,-43.349331860000,-21.758144610000,"Avenida Getúlio Vargas, 835"
412,PARQUE BURNIER.,10073583,05:30:00,9,0,0,8,2025-01-25T00:00:00.000Z,-43.330207820000,-21.763072230000,"Rua Adelaide Campos de Resende, 1070"
412,PARQUE BURNIER.,10072386,05:30:00,7,0,0,7,2025-01-25T00:00:00.000Z,-43.328850270000,-21.762325320000,"Rua José Teodoro dos Santos, 292"
412,PARQUE BURNIER.,10072363,05:30:00,2,2,0,2,2025-01-25T00:00:00.000Z,-43.327885630000,-21.762179390000,"Rua Natalino José de Paula, 288"
412,PARQUE BURNIER.,10074194,05:30:00,16,0,3,6,2025-01-25T00:00:00.000Z,-43.342338620000,-21.760505960000,"Rua Ângelo Falci, 55"
412,PARQUE BURNIER.,10072302,05:30:00,15,1,0,9,2025-01-25T00:00:00.000Z,-43.338029500000,-21.760323850000,"Avenida Sete de Setembro, 623"
412,PARQUE BURNIER.,10072332,05:30:00,14,0,0,8,2025-01-25T00:00:00.000Z,-43.335533860000,-21.760131640000,"Rua São Geraldo, 89"
412,PARQUE BURNIER.,10072337,05:30:00,13,0,0,8,2025-01-25T00:00:00.000Z,-43.334540130000,-21.760522960000,"Rua Olga Burnier, 67"
412,PARQUE BURNIER.,10072335,05:30:00,12,0,0,8,2025-01-25T00:00:00.000Z,-43.333453420000,-21.761562350000,"Rua Olga Burnier, 233"
412,PARQUE BURNIER.,10072382,05:30:00,11,0,0,8,2025-01-25T00:00:00.000Z,-43.332369450000,-21.762522520000,"Rua Olga Burnier, 361"
412,PARQUE BURNIER.,10072380,05:30:00,10,0,0,8,2025-01-25T00:00:00.000Z,-43.331466790000,-21.763337580000,"Rua Olga Burnier, 485"
412,PARQUE BURNIER.,10072358,05:30:00,1,0,0,0,2025-01-25T00:00:00.000Z,-43.328687310000,-21.761675740000,"Rua Natalino José de Paula, 112 - Ponto Final do Parque Burnier"
412,PARQUE BURNIER.,10073584,05:30:00,8,1,0,8,2025-01-25T00:00:00.000Z,-43.329363350000,-21.763255450000,"Rua Adelaide Campos de Resende, 984"
412,PARQUE BURNIER.,10072305,05:51:00,2,0,2,0,2025-01-25T00:00:00.000Z,-43.337478970000,-21.760922950000,"Rua Djalma de Carvalho, 37"
412,PARQUE BURNIER.,10071108,05:51:00,1,2,0,2,2025-01-25T00:00:00.000Z,-43.349331860000,-21.758144610000,"Avenida Getúlio Vargas, 835"
412,PARQUE BURNIER.,10072301,05:51:00,8,0,0,0,2025-01-25T00:00:00.000Z,-43.330138330000,-21.763252970000,"Rua Adelaide Campos de Resende, 1061"
412,PARQUE BURNIER.,10073557,05:51:00,6,0,0,0,2025-01-25T00:00:00.000Z,-43.332479840000,-21.762640710000,"Rua Olga Burnier, 356"
412,PARQUE BURNIER.,10072296,05:51:00,9,0,0,0,2025-01-25T00:00:00.000Z,-43.329374790000,-21.763440430000,"Rua Adelaide Campos de Resende, 975"
412,PARQUE BURNIER.,10073560,05:51:00,5,0,0,0,2025-01-25T00:00:00.000Z,-43.333589670000,-21.761652280000,"Rua Olga Burnier, 230"
412,PARQUE BURNIER.,10072358,05:51:00,18,9,0,9,2025-01-25T00:00:00.000Z,-43.328687310000,-21.761675740000,"Rua Natalino José de Paula, 112 - Ponto Final do Parque Burnier"
412,PARQUE BURNIER.,10072356,05:51:00,17,0,0,0,2025-01-25T00:00:00.000Z,-43.327793950000,-21.762107030000,"Rua Natalino José de Paula, 271"
412,PARQUE BURNIER.,10072375,05:51:00,16,0,0,0,2025-01-25T00:00:00.000Z,-43.327420830000,-21.762727850000,"Rua Natalino José de Paula, 319"
412,PARQUE BURNIER.,10073558,05:51:00,4,0,0,0,2025-01-25T00:00:00.000Z,-43.334645750000,-21.760669710000,"Rua Olga Burnier, 70"
412,PARQUE BURNIER.,10071503,05:51:00,15,0,0,0,2025-01-25T00:00:00.000Z,-43.326207040000,-21.762717810000,"Rua Natalino José de Paula, 421"
412,PARQUE BURNIER.,10072359,05:51:00,14,0,0,0,2025-01-25T00:00:00.000Z,-43.326282500000,-21.763143540000,"Rua Adelaide Campos de Resende, 651"
412,PARQUE BURNIER.,10072328,05:51:00,13,0,0,0,2025-01-25T00:00:00.000Z,-43.326450350000,-21.763683320000,"Rua Adelaide Campos de Resende, 669"
412,PARQUE BURNIER.,10072377,05:51:00,12,0,0,0,2025-01-25T00:00:00.000Z,-43.327321890000,-21.764062650000,"Rua José Teodoro dos Santos, 25"
412,PARQUE BURNIER.,10072316,05:51:00,11,0,0,0,2025-01-25T00:00:00.000Z,-43.328204750000,-21.763332370000,"Rua José Teodoro dos Santos, 145"
412,PARQUE BURNIER.,10072313,05:51:00,10,0,0,0,2025-01-25T00:00:00.000Z,-43.328846690000,-21.762504770000,"Rua José Teodoro dos Santos, 275"
412,PARQUE BURNIER.,10073552,05:51:00,3,0,0,0,2025-01-25T00:00:00.000Z,-43.335479020000,-21.760313550000,"Rua São Geraldo, 84"
412,PARQUE BURNIER.,10073561,05:51:00,7,0,0,0,2025-01-25T00:00:00.000Z,-43.331552510000,-21.763418910000,"Rua Olga Burnier, 480"
412,PARQUE BURNIER.,10072358,06:17:00,1,0,0,0,2025-01-25T00:00:00.000Z,-43.328687310000,-21.761675740000,"Rua Natalino José de Paula, 112 - Ponto Final do Parque Burnier"
412,PARQUE BURNIER.,10073584,06:17:00,8,4,0,15,2025-01-25T00:00:00.000Z,-43.329363350000,-21.763255450000,"Rua Adelaide Campos de Resende, 984"
412,PARQUE BURNIER.,10072386,06:17:00,7,0,0,11,2025-01-25T00:00:00.000Z,-43.328850270000,-21.762325320000,"Rua José Teodoro dos Santos, 292"
412,PARQUE BURNIER.,10072332,06:17:00,14,0,0,15,2025-01-25T00:00:00.000Z,-43.335533860000,-21.760131640000,"Rua São Geraldo, 89"
412,PARQUE BURNIER.,10072384,06:17:00,6,0,0,11,2025-01-25T00:00:00.000Z,-43.327999480000,-21.763301540000,"Rua José Teodoro dos Santos, 126"
412,PARQUE BURNIER.,10071108,06:17:00,17,0,5,7,2025-01-25T00:00:00.000Z,-43.349331860000,-21.758144610000,"Avenida Getúlio Vargas, 835"
412,PARQUE BURNIER.,10074194,06:17:00,16,0,3,12,2025-01-25T00:00:00.000Z,-43.342338620000,-21.760505960000,"Rua Ângelo Falci, 55"
412,PARQUE BURNIER.,10072302,06:17:00,15,2,2,15,2025-01-25T00:00:00.000Z,-43.338029500000,-21.760323850000,"Avenida Sete de Setembro, 623"
412,PARQUE BURNIER.,10072309,06:17:00,5,0,1,11,2025-01-25T00:00:00.000Z,-43.327273730000,-21.763967940000,"Rua José Teodoro dos Santos, 28"
412,PARQUE BURNIER.,10072337,06:17:00,13,1,0,15,2025-01-25T00:00:00.000Z,-43.334540130000,-21.760522960000,"Rua Olga Burnier, 67"
412,PARQUE BURNIER.,10072335,06:17:00,12,0,1,14,2025-01-25T00:00:00.000Z,-43.333453420000,-21.761562350000,"Rua Olga Burnier, 233"
412,PARQUE BURNIER.,10072382,06:17:00,11,0,0,15,2025-01-25T00:00:00.000Z,-43.332369450000,-21.762522520000,"Rua Olga Burnier, 361"
412,PARQUE BURNIER.,10072380,06:17:00,10,0,0,15,2025-01-25T00:00:00.000Z,-43.331466790000,-21.763337580000,"Rua Olga Burnier, 485"
412,PARQUE BURNIER.,10073583,06:17:00,9,0,0,15,2025-01-25T00:00:00.000Z,-43.330207820000,-21.763072230000,"Rua Adelaide Campos de Resende, 1070"
412,PARQUE BURNIER.,10073589,06:17:00,4,9,0,12,2025-01-25T00:00:00.000Z,-43.326568960000,-21.763629600000,"Rua Adelaide Campos de Resende, 706"
412,PARQUE BURNIER.,10072362,06:17:00,3,0,0,3,2025-01-25T00:00:00.000Z,-43.327527760000,-21.762798310000,"Rua Natalino José de Paula, 310"
412,PARQUE BURNIER.,10072363,06:17:00,2,3,0,3,2025-01-25T00:00:00.000Z,-43.327885630000,-21.762179390000,"Rua Natalino José de Paula, 288"
412,PARQUE BURNIER.,10072305,06:38:00,2,0,1,0,2025-01-25T00:00:00.000Z,-43.337478970000,-21.760922950000,"Rua Djalma de Carvalho, 37"
412,PARQUE BURNIER.,10071108,06:38:00,1,1,0,1,2025-01-25T00:00:00.000Z,-43.349331860000,-21.758144610000,"Avenida Getúlio Vargas, 835"
412,PARQUE BURNIER.,10073552,06:38:00,3,0,0,0,2025-01-25T00:00:00.000Z,-43.335479020000,-21.760313550000,"Rua São Geraldo, 84"
412,PARQUE BURNIER.,10073560,06:38:00,5,0,0,0,2025-01-25T00:00:00.000Z,-43.333589670000,-21.761652280000,"Rua Olga Burnier, 230"
412,PARQUE BURNIER.,10073558,06:38:00,4,0,0,0,2025-01-25T00:00:00.000Z,-43.334645750000,-21.760669710000,"Rua Olga Burnier, 70"
412,PARQUE BURNIER.,10072356,06:38:00,17,0,0,0,2025-01-25T00:00:00.000Z,-43.327793950000,-21.762107030000,"Rua Natalino José de Paula, 271"
412,PARQUE BURNIER.,10072328,06:38:00,13,0,0,0,2025-01-25T00:00:00.000Z,-43.326450350000,-21.763683320000,"Rua Adelaide Campos de Resende, 669"
412,PARQUE BURNIER.,10072358,06:38:00,18,7,0,7,2025-01-25T00:00:00.000Z,-43.328687310000,-21.761675740000,"Rua Natalino José de Paula, 112 - Ponto Final do Parque Burnier"
412,PARQUE BURNIER.,10072301,06:38:00,8,0,0,0,2025-01-25T00:00:00.000Z,-43.330138330000,-21.763252970000,"Rua Adelaide Campos de Resende, 1061"
412,PARQUE BURNIER.,10072375,06:38:00,16,0,0,0,2025-01-25T00:00:00.000Z,-43.327420830000,-21.762727850000,"Rua Natalino José de Paula, 319"
412,PARQUE BURNIER.,10071503,06:38:00,15,0,0,0,2025-01-25T00:00:00.000Z,-43.326207040000,-21.762717810000,"Rua Natalino José de Paula, 421"
412,PARQUE BURNIER.,10072359,06:38:00,14,0,0,0,2025-01-25T00:00:00.000Z,-43.326282500000,-21.763143540000,"Rua Adelaide Campos de Resende, 651"
412,PARQUE BURNIER.,10073561,06:38:00,7,0,0,0,2025-01-25T00:00:00.000Z,-43.331552510000,-21.763418910000,"Rua Olga Burnier, 480"
412,PARQUE BURNIER.,10072377,06:38:00,12,0,0,0,2025-01-25T00:00:00.000Z,-43.327321890000,-21.764062650000,"Rua José Teodoro dos Santos, 25"
412,PARQUE BURNIER.,10072316,06:38:00,11,0,0,0,2025-01-25T00:00:00.000Z,-43.328204750000,-21.763332370000,"Rua José Teodoro dos Santos, 145"
412,PARQUE BURNIER.,10072313,06:38:00,10,0,0,0,2025-01-25T00:00:00.000Z,-43.328846690000,-21.762504770000,"Rua José Teodoro dos Santos, 275"
412,PARQUE BURNIER.,10072296,06:38:00,9,0,0,0,2025-01-25T00:00:00.000Z,-43.329374790000,-21.763440430000,"Rua Adelaide Campos de Resende, 975"
412,PARQUE BURNIER.,10073557,06:38:00,6,0,0,0,2025-01-25T00:00:00.000Z,-43.332479840000,-21.762640710000,"Rua Olga Burnier, 356"
412,PARQUE BURNIER.,10072362,07:04:00,3,3,0,8,2025-01-25T00:00:00.000Z,-43.327527760000,-21.762798310000,"Rua Natalino José de Paula, 310"
412,PARQUE BURNIER.,10072363,07:04:00,2,5,0,5,2025-01-25T00:00:00.000Z,-43.327885630000,-21.762179390000,"Rua Natalino José de Paula, 288"
412,PARQUE BURNIER.,10073589,07:04:00,4,3,0,11,2025-01-25T00:00:00.000Z,-43.326568960000,-21.763629600000,"Rua Adelaide Campos de Resende, 706"
412,PARQUE BURNIER.,10072358,07:04:00,1,0,0,0,2025-01-25T00:00:00.000Z,-43.328687310000,-21.761675740000,"Rua Natalino José de Paula, 112 - Ponto Final do Parque Burnier"
412,PARQUE BURNIER.,10072309,07:04:00,5,0,0,11,2025-01-25T00:00:00.000Z,-43.327273730000,-21.763967940000,"Rua José Teodoro dos Santos, 28"
412,PARQUE BURNIER.,10071108,07:04:00,17,0,5,9,2025-01-25T00:00:00.000Z,-43.349331860000,-21.758144610000,"Avenida Getúlio Vargas, 835"
412,PARQUE BURNIER.,10072302,07:04:00,15,2,1,15,2025-01-25T00:00:00.000Z,-43.338029500000,-21.760323850000,"Avenida Sete de Setembro, 623"
412,PARQUE BURNIER.,10074194,07:04:00,16,0,1,14,2025-01-25T00:00:00.000Z,-43.342338620000,-21.760505960000,"Rua Ângelo Falci, 55"
412,PARQUE BURNIER.,10072382,07:04:00,11,0,0,13,2025-01-25T00:00:00.000Z,-43.332369450000,-21.762522520000,"Rua Olga Burnier, 361"
412,PARQUE BURNIER.,10072332,07:04:00,14,0,0,14,2025-01-25T00:00:00.000Z,-43.335533860000,-21.760131640000,"Rua São Geraldo, 89"
412,PARQUE BURNIER.,10072337,07:04:00,13,0,0,14,2025-01-25T00:00:00.000Z,-43.334540130000,-21.760522960000,"Rua Olga Burnier, 67"
412,PARQUE BURNIER.,10072335,07:04:00,12,1,0,14,2025-01-25T00:00:00.000Z,-43.333453420000,-21.761562350000,"Rua Olga Burnier, 233"
412,PARQUE BURNIER.,10073584,07:04:00,8,1,0,13,2025-01-25T00:00:00.000Z,-43.329363350000,-21.763255450000,"Rua Adelaide Campos de Resende, 984"
412,PARQUE BURNIER.,10072380,07:04:00,10,0,0,13,2025-01-25T00:00:00.000Z,-43.331466790000,-21.763337580000,"Rua Olga Burnier, 485"
412,PARQUE BURNIER.,10073583,07:04:00,9,0,0,13,2025-01-25T00:00:00.000Z,-43.330207820000,-21.763072230000,"Rua Adelaide Campos de Resende, 1070"
412,PARQUE BURNIER.,10072386,07:04:00,7,1,0,12,2025-01-25T00:00:00.000Z,-43.328850270000,-21.762325320000,"Rua José Teodoro dos Santos, 292"
412,PARQUE BURNIER.,10072384,07:04:00,6,0,0,11,2025-01-25T00:00:00.000Z,-43.327999480000,-21.763301540000,"Rua José Teodoro dos Santos, 126"
412,PARQUE BURNIER.,10071108,07:25:00,1,4,0,4,2025-01-25T00:00:00.000Z,-43.349331860000,-21.758144610000,"Avenida Getúlio Vargas, 835"
412,PARQUE BURNIER.,10073560,07:25:00,5,0,0,2,2025-01-25T00:00:00.000Z,-43.333589670000,-21.761652280000,"Rua Olga Burnier, 230"
412,PARQUE BURNIER.,10073558,07:25:00,4,0,0,2,2025-01-25T00:00:00.000Z,-43.334645750000,-21.760669710000,"Rua Olga Burnier, 70"
412,PARQUE BURNIER.,10073557,07:25:00,6,0,0,2,2025-01-25T00:00:00.000Z,-43.332479840000,-21.762640710000,"Rua Olga Burnier, 356"
412,PARQUE BURNIER.,10073552,07:25:00,3,0,0,2,2025-01-25T00:00:00.000Z,-43.335479020000,-21.760313550000,"Rua São Geraldo, 84"
412,PARQUE BURNIER.,10072358,07:25:00,18,4,0,4,2025-01-25T00:00:00.000Z,-43.328687310000,-21.761675740000,"Rua Natalino José de Paula, 112 - Ponto Final do Parque Burnier"
412,PARQUE BURNIER.,10073561,07:25:00,7,0,0,2,2025-01-25T00:00:00.000Z,-43.331552510000,-21.763418910000,"Rua Olga Burnier, 480"
412,PARQUE BURNIER.,10072305,07:25:00,2,1,3,2,2025-01-25T00:00:00.000Z,-43.337478970000,-21.760922950000,"Rua Djalma de Carvalho, 37"
412,PARQUE BURNIER.,10072356,07:25:00,17,0,0,0,2025-01-25T00:00:00.000Z,-43.327793950000,-21.762107030000,"Rua Natalino José de Paula, 271"
412,PARQUE BURNIER.,10072375,07:25:00,16,0,0,0,2025-01-25T00:00:00.000Z,-43.327420830000,-21.762727850000,"Rua Natalino José de Paula, 319"
412,PARQUE BURNIER.,10071503,07:25:00,15,0,0,0,2025-01-25T00:00:00.000Z,-43.326207040000,-21.762717810000,"Rua Natalino José de Paula, 421"
412,PARQUE BURNIER.,10072359,07:25:00,14,0,0,0,2025-01-25T00:00:00.000Z,-43.326282500000,-21.763143540000,"Rua Adelaide Campos de Resende, 651"
412,PARQUE BURNIER.,10072328,07:25:00,13,0,0,0,2025-01-25T00:00:00.000Z,-43.326450350000,-21.763683320000,"Rua Adelaide Campos de Resende, 669"
412,PARQUE BURNIER.,10072377,07:25:00,12,0,0,0,2025-01-25T00:00:00.000Z,-43.327321890000,-21.764062650000,"Rua José Teodoro dos Santos, 25"
412,PARQUE BURNIER.,10072316,07:25:00,11,0,2,0,2025-01-25T00:00:00.000Z,-43.328204750000,-21.763332370000,"Rua José Teodoro dos Santos, 145"
412,PARQUE BURNIER.,10072313,07:25:00,10,0,0,2,2025-01-25T00:00:00.000Z,-43.328846690000,-21.762504770000,"Rua José Teodoro dos Santos, 275"
412,PARQUE BURNIER.,10072296,07:25:00,9,0,0,2,2025-01-25T00:00:00.000Z,-43.329374790000,-21.763440430000,"Rua Adelaide Campos de Resende, 975"
412,PARQUE BURNIER.,10072301,07:25:00,8,0,0,2,2025-01-25T00:00:00.000Z,-43.330138330000,-21.763252970000,"Rua Adelaide Campos de Resende, 1061"
412,PARQUE BURNIER.,10072363,07:51:00,2,2,0,2,2025-01-25T00:00:00.000Z,-43.327885630000,-21.762179390000,"Rua Natalino José de Paula, 288"
412,PARQUE BURNIER.,10072358,07:51:00,1,0,0,0,2025-01-25T00:00:00.000Z,-43.328687310000,-21.761675740000,"Rua Natalino José de Paula, 112 - Ponto Final do Parque Burnier"
412,PARQUE BURNIER.,10071108,07:51:00,17,0,15,5,2025-01-25T00:00:00.000Z,-43.349331860000,-21.758144610000,"Avenida Getúlio Vargas, 835"
412,PARQUE BURNIER.,10074194,07:51:00,16,0,1,20,2025-01-25T00:00:00.000Z,-43.342338620000,-21.760505960000,"Rua Ângelo Falci, 55"
412,PARQUE BURNIER.,10072362,07:51:00,3,2,0,4,2025-01-25T00:00:00.000Z,-43.327527760000,-21.762798310000,"Rua Natalino José de Paula, 310"
412,PARQUE BURNIER.,10072302,07:51:00,15,0,3,21,2025-01-25T00:00:00.000Z,-43.338029500000,-21.760323850000,"Avenida Sete de Setembro, 623"
412,PARQUE BURNIER.,10072332,07:51:00,14,0,0,24,2025-01-25T00:00:00.000Z,-43.335533860000,-21.760131640000,"Rua São Geraldo, 89"
412,PARQUE BURNIER.,10072337,07:51:00,13,0,1,24,2025-01-25T00:00:00.000Z,-43.334540130000,-21.760522960000,"Rua Olga Burnier, 67"
412,PARQUE BURNIER.,10072335,07:51:00,12,1,1,25,2025-01-25T00:00:00.000Z,-43.333453420000,-21.761562350000,"Rua Olga Burnier, 233"
412,PARQUE BURNIER.,10072382,07:51:00,11,2,0,25,2025-01-25T00:00:00.000Z,-43.332369450000,-21.762522520000,"Rua Olga Burnier, 361"
412,PARQUE BURNIER.,10072380,07:51:00,10,1,1,23,2025-01-25T00:00:00.000Z,-43.331466790000,-21.763337580000,"Rua Olga Burnier, 485"
412,PARQUE BURNIER.,10073583,07:51:00,9,2,1,23,2025-01-25T00:00:00.000Z,-43.330207820000,-21.763072230000,"Rua Adelaide Campos de Resende, 1070"
412,PARQUE BURNIER.,10073584,07:51:00,8,5,0,22,2025-01-25T00:00:00.000Z,-43.329363350000,-21.763255450000,"Rua Adelaide Campos de Resende, 984"
412,PARQUE BURNIER.,10072386,07:51:00,7,0,0,17,2025-01-25T00:00:00.000Z,-43.328850270000,-21.762325320000,"Rua José Teodoro dos Santos, 292"
412,PARQUE BURNIER.,10072384,07:51:00,6,1,0,17,2025-01-25T00:00:00.000Z,-43.327999480000,-21.763301540000,"Rua José Teodoro dos Santos, 126"
412,PARQUE BURNIER.,10072309,07:51:00,5,4,0,16,2025-01-25T00:00:00.000Z,-43.327273730000,-21.763967940000,"Rua José Teodoro dos Santos, 28"
412,PARQUE BURNIER.,10073589,07:51:00,4,8,0,12,2025-01-25T00:00:00.000Z,-43.326568960000,-21.763629600000,"Rua Adelaide Campos de Resende, 706"
412,PARQUE BURNIER.,10071108,08:12:00,1,0,0,0,2025-01-25T00:00:00.000Z,-43.349331860000,-21.758144610000,"Avenida Getúlio Vargas, 835"
412,PARQUE BURNIER.,10073558,08:12:00,4,0,0,0,2025-01-25T00:00:00.000Z,-43.334645750000,-21.760669710000,"Rua Olga Burnier, 70"
412,PARQUE BURNIER.,10073552,08:12:00,3,0,0,0,2025-01-25T00:00:00.000Z,-43.335479020000,-21.760313550000,"Rua São Geraldo, 84"
412,PARQUE BURNIER.,10072305,08:12:00,2,0,0,0,2025-01-25T00:00:00.000Z,-43.337478970000,-21.760922950000,"Rua Djalma de Carvalho, 37"
412,PARQUE BURNIER.,10071503,08:12:00,15,0,0,0,2025-01-25T00:00:00.000Z,-43.326207040000,-21.762717810000,"Rua Natalino José de Paula, 421"
412,PARQUE BURNIER.,10073561,08:12:00,7,0,0,0,2025-01-25T00:00:00.000Z,-43.331552510000,-21.763418910000,"Rua Olga Burnier, 480"
412,PARQUE BURNIER.,10072375,08:12:00,16,0,0,0,2025-01-25T00:00:00.000Z,-43.327420830000,-21.762727850000,"Rua Natalino José de Paula, 319"
412,PARQUE BURNIER.,10073557,08:12:00,6,0,0,0,2025-01-25T00:00:00.000Z,-43.332479840000,-21.762640710000,"Rua Olga Burnier, 356"
412,PARQUE BURNIER.,10072358,08:12:00,18,4,0,4,2025-01-25T00:00:00.000Z,-43.328687310000,-21.761675740000,"Rua Natalino José de Paula, 112 - Ponto Final do Parque Burnier"
412,PARQUE BURNIER.,10072356,08:12:00,17,0,0,0,2025-01-25T00:00:00.000Z,-43.327793950000,-21.762107030000,"Rua Natalino José de Paula, 271"
412,PARQUE BURNIER.,10073560,08:12:00,5,0,0,0,2025-01-25T00:00:00.000Z,-43.333589670000,-21.761652280000,"Rua Olga Burnier, 230"
412,PARQUE BURNIER.,10072359,08:12:00,14,0,0,0,2025-01-25T00:00:00.000Z,-43.326282500000,-21.763143540000,"Rua Adelaide Campos de Resende, 651"
412,PARQUE BURNIER.,10072328,08:12:00,13,0,2,0,2025-01-25T00:00:00.000Z,-43.326450350000,-21.763683320000,"Rua Adelaide Campos de Resende, 669"
412,PARQUE BURNIER.,10072377,08:12:00,12,0,0,2,2025-01-25T00:00:00.000Z,-43.327321890000,-21.764062650000,"Rua José Teodoro dos Santos, 25"
412,PARQUE BURNIER.,10072316,08:12:00,11,0,0,2,2025-01-25T00:00:00.000Z,-43.328204750000,-21.763332370000,"Rua José Teodoro dos Santos, 145"
412,PARQUE BURNIER.,10072313,08:12:00,10,0,0,2,2025-01-25T00:00:00.000Z,-43.328846690000,-21.762504770000,"Rua José Teodoro dos Santos, 275"
412,PARQUE BURNIER.,10072296,08:12:00,9,2,0,2,2025-01-25T00:00:00.000Z,-43.329374790000,-21.763440430000,"Rua Adelaide Campos de Resende, 975"
412,PARQUE BURNIER.,10072301,08:12:00,8,0,0,0,2025-01-25T00:00:00.000Z,-43.330138330000,-21.763252970000,"Rua Adelaide Campos de Resende, 1061"
412,PARQUE BURNIER.,10072305,08:59:00,2,0,0,11,2025-01-25T00:00:00.000Z,-43.337478970000,-21.760922950000,"Rua Djalma de Carvalho, 37"
412,PARQUE BURNIER.,10071108,08:59:00,1,11,0,11,2025-01-25T00:00:00.000Z,-43.349331860000,-21.758144610000,"Avenida Getúlio Vargas, 835"
412,PARQUE BURNIER.,10073552,08:59:00,3,0,0,11,2025-01-25T00:00:00.000Z,-43.335479020000,-21.760313550000,"Rua São Geraldo, 84"
412,PARQUE BURNIER.,10073557,08:59:00,6,0,0,10,2025-01-25T00:00:00.000Z,-43.332479840000,-21.762640710000,"Rua Olga Burnier, 356"
412,PARQUE BURNIER.,10073560,08:59:00,5,0,0,10,2025-01-25T00:00:00.000Z,-43.333589670000,-21.761652280000,"Rua Olga Burnier, 230"
412,PARQUE BURNIER.,10073558,08:59:00,4,0,1,10,2025-01-25T00:00:00.000Z,-43.334645750000,-21.760669710000,"Rua Olga Burnier, 70"
412,PARQUE BURNIER.,10072356,08:59:00,17,0,0,9,2025-01-25T00:00:00.000Z,-43.327793950000,-21.762107030000,"Rua Natalino José de Paula, 271"
412,PARQUE BURNIER.,10071503,08:59:00,15,0,0,9,2025-01-25T00:00:00.000Z,-43.326207040000,-21.762717810000,"Rua Natalino José de Paula, 421"
412,PARQUE BURNIER.,10072358,08:59:00,18,1,0,10,2025-01-25T00:00:00.000Z,-43.328687310000,-21.761675740000,"Rua Natalino José de Paula, 112 - Ponto Final do Parque Burnier"
412,PARQUE BURNIER.,10072359,08:59:00,14,0,0,9,2025-01-25T00:00:00.000Z,-43.326282500000,-21.763143540000,"Rua Adelaide Campos de Resende, 651"
412,PARQUE BURNIER.,10072375,08:59:00,16,0,0,9,2025-01-25T00:00:00.000Z,-43.327420830000,-21.762727850000,"Rua Natalino José de Paula, 319"
412,PARQUE BURNIER.,10072328,08:59:00,13,0,0,9,2025-01-25T00:00:00.000Z,-43.326450350000,-21.763683320000,"Rua Adelaide Campos de Resende, 669"
412,PARQUE BURNIER.,10072377,08:59:00,12,0,0,9,2025-01-25T00:00:00.000Z,-43.327321890000,-21.764062650000,"Rua José Teodoro dos Santos, 25"
412,PARQUE BURNIER.,10072316,08:59:00,11,0,0,9,2025-01-25T00:00:00.000Z,-43.328204750000,-21.763332370000,"Rua José Teodoro dos Santos, 145"
412,PARQUE BURNIER.,10072313,08:59:00,10,0,1,9,2025-01-25T00:00:00.000Z,-43.328846690000,-21.762504770000,"Rua José Teodoro dos Santos, 275"
412,PARQUE BURNIER.,10072296,08:59:00,9,0,0,10,2025-01-25T00:00:00.000Z,-43.329374790000,-21.763440430000,"Rua Adelaide Campos de Resende, 975"
412,PARQUE BURNIER.,10072301,08:59:00,8,0,0,10,2025-01-25T00:00:00.000Z,-43.330138330000,-21.763252970000,"Rua Adelaide Campos de Resende, 1061"
412,PARQUE BURNIER.,10073561,08:59:00,7,0,0,10,2025-01-25T00:00:00.000Z,-43.331552510000,-21.763418910000,"Rua Olga Burnier, 480"
412,PARQUE BURNIER.,10073558,09:45:00,4,0,1,11,2025-01-25T00:00:00.000Z,-43.334645750000,-21.760669710000,"Rua Olga Burnier, 70"
412,PARQUE BURNIER.,10073552,09:45:00,3,0,0,12,2025-01-25T00:00:00.000Z,-43.335479020000,-21.760313550000,"Rua São Geraldo, 84"
412,PARQUE BURNIER.,10073560,09:45:00,5,0,0,11,2025-01-25T00:00:00.000Z,-43.333589670000,-21.761652280000,"Rua Olga Burnier, 230"
412,PARQUE BURNIER.,10072305,09:45:00,2,2,2,12,2025-01-25T00:00:00.000Z,-43.337478970000,-21.760922950000,"Rua Djalma de Carvalho, 37"
412,PARQUE BURNIER.,10072316,09:45:00,11,0,0,7,2025-01-25T00:00:00.000Z,-43.328204750000,-21.763332370000,"Rua José Teodoro dos Santos, 145"
412,PARQUE BURNIER.,10073561,09:45:00,7,0,0,11,2025-01-25T00:00:00.000Z,-43.331552510000,-21.763418910000,"Rua Olga Burnier, 480"
412,PARQUE BURNIER.,10073557,09:45:00,6,0,0,11,2025-01-25T00:00:00.000Z,-43.332479840000,-21.762640710000,"Rua Olga Burnier, 356"
412,PARQUE BURNIER.,10071108,09:45:00,1,12,0,12,2025-01-25T00:00:00.000Z,-43.349331860000,-21.758144610000,"Avenida Getúlio Vargas, 835"
412,PARQUE BURNIER.,10072358,09:45:00,18,3,0,3,2025-01-25T00:00:00.000Z,-43.328687310000,-21.761675740000,"Rua Natalino José de Paula, 112 - Ponto Final do Parque Burnier"
412,PARQUE BURNIER.,10072356,09:45:00,17,0,0,0,2025-01-25T00:00:00.000Z,-43.327793950000,-21.762107030000,"Rua Natalino José de Paula, 271"
412,PARQUE BURNIER.,10072375,09:45:00,16,0,0,0,2025-01-25T00:00:00.000Z,-43.327420830000,-21.762727850000,"Rua Natalino José de Paula, 319"
412,PARQUE BURNIER.,10071503,09:45:00,15,0,0,0,2025-01-25T00:00:00.000Z,-43.326207040000,-21.762717810000,"Rua Natalino José de Paula, 421"
412,PARQUE BURNIER.,10072359,09:45:00,14,0,0,0,2025-01-25T00:00:00.000Z,-43.326282500000,-21.763143540000,"Rua Adelaide Campos de Resende, 651"
412,PARQUE BURNIER.,10072328,09:45:00,13,0,7,0,2025-01-25T00:00:00.000Z,-43.326450350000,-21.763683320000,"Rua Adelaide Campos de Resende, 669"
412,PARQUE BURNIER.,10072377,09:45:00,12,0,0,7,2025-01-25T00:00:00.000Z,-43.327321890000,-21.764062650000,"Rua José Teodoro dos Santos, 25"
412,PARQUE BURNIER.,10072313,09:45:00,10,0,0,7,2025-01-25T00:00:00.000Z,-43.328846690000,-21.762504770000,"Rua José Teodoro dos Santos, 275"
412,PARQUE BURNIER.,10072296,09:45:00,9,0,4,7,2025-01-25T00:00:00.000Z,-43.329374790000,-21.763440430000,"Rua Adelaide Campos de Resende, 975"
412,PARQUE BURNIER.,10072301,09:45:00,8,0,0,11,2025-01-25T00:00:00.000Z,-43.330138330000,-21.763252970000,"Rua Adelaide Campos de Resende, 1061"
412,PARQUE BURNIER.,10071108,10:40:00,1,14,0,14,2025-01-25T00:00:00.000Z,-43.349331860000,-21.758144610000,"Avenida Getúlio Vargas, 835"
412,PARQUE BURNIER.,10072296,10:40:00,9,0,4,9,2025-01-25T00:00:00.000Z,-43.329374790000,-21.763440430000,"Rua Adelaide Campos de Resende, 975"
412,PARQUE BURNIER.,10073560,10:40:00,5,0,0,13,2025-01-25T00:00:00.000Z,-43.333589670000,-21.761652280000,"Rua Olga Burnier, 230"
412,PARQUE BURNIER.,10072313,10:40:00,10,0,0,9,2025-01-25T00:00:00.000Z,-43.328846690000,-21.762504770000,"Rua José Teodoro dos Santos, 275"
412,PARQUE BURNIER.,10073558,10:40:00,4,0,1,13,2025-01-25T00:00:00.000Z,-43.334645750000,-21.760669710000,"Rua Olga Burnier, 70"
412,PARQUE BURNIER.,10072358,10:40:00,18,2,0,2,2025-01-25T00:00:00.000Z,-43.328687310000,-21.761675740000,"Rua Natalino José de Paula, 112 - Ponto Final do Parque Burnier"
412,PARQUE BURNIER.,10072356,10:40:00,17,0,0,0,2025-01-25T00:00:00.000Z,-43.327793950000,-21.762107030000,"Rua Natalino José de Paula, 271"
412,PARQUE BURNIER.,10072316,10:40:00,11,0,0,9,2025-01-25T00:00:00.000Z,-43.328204750000,-21.763332370000,"Rua José Teodoro dos Santos, 145"
412,PARQUE BURNIER.,10073552,10:40:00,3,0,0,14,2025-01-25T00:00:00.000Z,-43.335479020000,-21.760313550000,"Rua São Geraldo, 84"
412,PARQUE BURNIER.,10072375,10:40:00,16,0,0,0,2025-01-25T00:00:00.000Z,-43.327420830000,-21.762727850000,"Rua Natalino José de Paula, 319"
412,PARQUE BURNIER.,10071503,10:40:00,15,0,0,0,2025-01-25T00:00:00.000Z,-43.326207040000,-21.762717810000,"Rua Natalino José de Paula, 421"
412,PARQUE BURNIER.,10072359,10:40:00,14,0,0,0,2025-01-25T00:00:00.000Z,-43.326282500000,-21.763143540000,"Rua Adelaide Campos de Resende, 651"
412,PARQUE BURNIER.,10072328,10:40:00,13,0,9,0,2025-01-25T00:00:00.000Z,-43.326450350000,-21.763683320000,"Rua Adelaide Campos de Resende, 669"
412,PARQUE BURNIER.,10072377,10:40:00,12,0,0,9,2025-01-25T00:00:00.000Z,-43.327321890000,-21.764062650000,"Rua José Teodoro dos Santos, 25"
412,PARQUE BURNIER.,10072305,10:40:00,2,2,2,14,2025-01-25T00:00:00.000Z,-43.337478970000,-21.760922950000,"Rua Djalma de Carvalho, 37"
412,PARQUE BURNIER.,10072301,10:40:00,8,0,0,13,2025-01-25T00:00:00.000Z,-43.330138330000,-21.763252970000,"Rua Adelaide Campos de Resende, 1061"
412,PARQUE BURNIER.,10073561,10:40:00,7,0,0,13,2025-01-25T00:00:00.000Z,-43.331552510000,-21.763418910000,"Rua Olga Burnier, 480"
412,PARQUE BURNIER.,10073557,10:40:00,6,0,0,13,2025-01-25T00:00:00.000Z,-43.332479840000,-21.762640710000,"Rua Olga Burnier, 356"
412,PARQUE BURNIER.,10071108,11:35:00,1,20,0,20,2025-01-25T00:00:00.000Z,-43.349331860000,-21.758144610000,"Avenida Getúlio Vargas, 835"
412,PARQUE BURNIER.,10072305,11:35:00,2,4,0,24,2025-01-25T00:00:00.000Z,-43.337478970000,-21.760922950000,"Rua Djalma de Carvalho, 37"
412,PARQUE BURNIER.,10072301,11:35:00,8,1,1,21,2025-01-25T00:00:00.000Z,-43.330138330000,-21.763252970000,"Rua Adelaide Campos de Resende, 1061"
412,PARQUE BURNIER.,10073561,11:35:00,7,1,1,21,2025-01-25T00:00:00.000Z,-43.331552510000,-21.763418910000,"Rua Olga Burnier, 480"
412,PARQUE BURNIER.,10071503,11:35:00,15,0,0,0,2025-01-25T00:00:00.000Z,-43.326207040000,-21.762717810000,"Rua Natalino José de Paula, 421"
412,PARQUE BURNIER.,10073557,11:35:00,6,0,2,21,2025-01-25T00:00:00.000Z,-43.332479840000,-21.762640710000,"Rua Olga Burnier, 356"
412,PARQUE BURNIER.,10072358,11:35:00,18,1,0,1,2025-01-25T00:00:00.000Z,-43.328687310000,-21.761675740000,"Rua Natalino José de Paula, 112 - Ponto Final do Parque Burnier"
412,PARQUE BURNIER.,10072356,11:35:00,17,0,0,0,2025-01-25T00:00:00.000Z,-43.327793950000,-21.762107030000,"Rua Natalino José de Paula, 271"
412,PARQUE BURNIER.,10072375,11:35:00,16,0,0,0,2025-01-25T00:00:00.000Z,-43.327420830000,-21.762727850000,"Rua Natalino José de Paula, 319"
412,PARQUE BURNIER.,10073560,11:35:00,5,0,1,23,2025-01-25T00:00:00.000Z,-43.333589670000,-21.761652280000,"Rua Olga Burnier, 230"
412,PARQUE BURNIER.,10072359,11:35:00,14,0,3,0,2025-01-25T00:00:00.000Z,-43.326282500000,-21.763143540000,"Rua Adelaide Campos de Resende, 651"
412,PARQUE BURNIER.,10072328,11:35:00,13,0,8,3,2025-01-25T00:00:00.000Z,-43.326450350000,-21.763683320000,"Rua Adelaide Campos de Resende, 669"
412,PARQUE BURNIER.,10072377,11:35:00,12,0,4,11,2025-01-25T00:00:00.000Z,-43.327321890000,-21.764062650000,"Rua José Teodoro dos Santos, 25"
412,PARQUE BURNIER.,10072316,11:35:00,11,0,1,15,2025-01-25T00:00:00.000Z,-43.328204750000,-21.763332370000,"Rua José Teodoro dos Santos, 145"
412,PARQUE BURNIER.,10072313,11:35:00,10,0,0,16,2025-01-25T00:00:00.000Z,-43.328846690000,-21.762504770000,"Rua José Teodoro dos Santos, 275"
412,PARQUE BURNIER.,10072296,11:35:00,9,0,5,16,2025-01-25T00:00:00.000Z,-43.329374790000,-21.763440430000,"Rua Adelaide Campos de Resende, 975"
412,PARQUE BURNIER.,10073558,11:35:00,4,1,0,24,2025-01-25T00:00:00.000Z,-43.334645750000,-21.760669710000,"Rua Olga Burnier, 70"
412,PARQUE BURNIER.,10073552,11:35:00,3,0,1,23,2025-01-25T00:00:00.000Z,-43.335479020000,-21.760313550000,"Rua São Geraldo, 84"
412,PARQUE BURNIER.,10072305,12:30:00,2,0,2,17,2025-01-25T00:00:00.000Z,-43.337478970000,-21.760922950000,"Rua Djalma de Carvalho, 37"
412,PARQUE BURNIER.,10071108,12:30:00,1,19,0,19,2025-01-25T00:00:00.000Z,-43.349331860000,-21.758144610000,"Avenida Getúlio Vargas, 835"
412,PARQUE BURNIER.,10073552,12:30:00,3,0,0,17,2025-01-25T00:00:00.000Z,-43.335479020000,-21.760313550000,"Rua São Geraldo, 84"
412,PARQUE BURNIER.,10073560,12:30:00,5,0,0,16,2025-01-25T00:00:00.000Z,-43.333589670000,-21.761652280000,"Rua Olga Burnier, 230"
412,PARQUE BURNIER.,10073558,12:30:00,4,0,1,16,2025-01-25T00:00:00.000Z,-43.334645750000,-21.760669710000,"Rua Olga Burnier, 70"
412,PARQUE BURNIER.,10072356,12:30:00,17,0,0,0,2025-01-25T00:00:00.000Z,-43.327793950000,-21.762107030000,"Rua Natalino José de Paula, 271"
412,PARQUE BURNIER.,10072328,12:30:00,13,0,9,3,2025-01-25T00:00:00.000Z,-43.326450350000,-21.763683320000,"Rua Adelaide Campos de Resende, 669"
412,PARQUE BURNIER.,10072358,12:30:00,18,2,0,2,2025-01-25T00:00:00.000Z,-43.328687310000,-21.761675740000,"Rua Natalino José de Paula, 112 - Ponto Final do Parque Burnier"
412,PARQUE BURNIER.,10072301,12:30:00,8,0,0,16,2025-01-25T00:00:00.000Z,-43.330138330000,-21.763252970000,"Rua Adelaide Campos de Resende, 1061"
412,PARQUE BURNIER.,10072375,12:30:00,16,0,0,0,2025-01-25T00:00:00.000Z,-43.327420830000,-21.762727850000,"Rua Natalino José de Paula, 319"
412,PARQUE BURNIER.,10071503,12:30:00,15,0,0,0,2025-01-25T00:00:00.000Z,-43.326207040000,-21.762717810000,"Rua Natalino José de Paula, 421"
412,PARQUE BURNIER.,10072359,12:30:00,14,0,3,0,2025-01-25T00:00:00.000Z,-43.326282500000,-21.763143540000,"Rua Adelaide Campos de Resende, 651"
412,PARQUE BURNIER.,10073561,12:30:00,7,0,0,16,2025-01-25T00:00:00.000Z,-43.331552510000,-21.763418910000,"Rua Olga Burnier, 480"
412,PARQUE BURNIER.,10072377,12:30:00,12,0,0,12,2025-01-25T00:00:00.000Z,-43.327321890000,-21.764062650000,"Rua José Teodoro dos Santos, 25"
412,PARQUE BURNIER.,10072316,12:30:00,11,0,0,12,2025-01-25T00:00:00.000Z,-43.328204750000,-21.763332370000,"Rua José Teodoro dos Santos, 145"
412,PARQUE BURNIER.,10072313,12:30:00,10,0,0,12,2025-01-25T00:00:00.000Z,-43.328846690000,-21.762504770000,"Rua José Teodoro dos Santos, 275"
412,PARQUE BURNIER.,10072296,12:30:00,9,0,4,12,2025-01-25T00:00:00.000Z,-43.329374790000,-21.763440430000,"Rua Adelaide Campos de Resende, 975"
412,PARQUE BURNIER.,10073557,12:30:00,6,0,0,16,2025-01-25T00:00:00.000Z,-43.332479840000,-21.762640710000,"Rua Olga Burnier, 356"
412,PARQUE BURNIER.,10072362,13:05:00,3,1,0,2,2025-01-25T00:00:00.000Z,-43.327527760000,-21.762798310000,"Rua Natalino José de Paula, 310"
412,PARQUE BURNIER.,10072363,13:05:00,2,1,0,1,2025-01-25T00:00:00.000Z,-43.327885630000,-21.762179390000,"Rua Natalino José de Paula, 288"
412,PARQUE BURNIER.,10072358,13:05:00,1,0,0,0,2025-01-25T00:00:00.000Z,-43.328687310000,-21.761675740000,"Rua Natalino José de Paula, 112 - Ponto Final do Parque Burnier"
412,PARQUE BURNIER.,10071108,13:05:00,17,0,12,4,2025-01-25T00:00:00.000Z,-43.349331860000,-21.758144610000,"Avenida Getúlio Vargas, 835"
412,PARQUE BURNIER.,10072302,13:05:00,15,0,1,6,2025-01-25T00:00:00.000Z,-43.338029500000,-21.760323850000,"Avenida Sete de Setembro, 623"
412,PARQUE BURNIER.,10074194,13:05:00,16,12,2,16,2025-01-25T00:00:00.000Z,-43.342338620000,-21.760505960000,"Rua Ângelo Falci, 55"
412,PARQUE BURNIER.,10072382,13:05:00,11,0,0,8,2025-01-25T00:00:00.000Z,-43.332369450000,-21.762522520000,"Rua Olga Burnier, 361"
412,PARQUE BURNIER.,10072332,13:05:00,14,0,0,7,2025-01-25T00:00:00.000Z,-43.335533860000,-21.760131640000,"Rua São Geraldo, 89"
412,PARQUE BURNIER.,10072337,13:05:00,13,0,1,7,2025-01-25T00:00:00.000Z,-43.334540130000,-21.760522960000,"Rua Olga Burnier, 67"
412,PARQUE BURNIER.,10072335,13:05:00,12,0,0,8,2025-01-25T00:00:00.000Z,-43.333453420000,-21.761562350000,"Rua Olga Burnier, 233"
412,PARQUE BURNIER.,10073584,13:05:00,8,4,0,7,2025-01-25T00:00:00.000Z,-43.329363350000,-21.763255450000,"Rua Adelaide Campos de Resende, 984"
412,PARQUE BURNIER.,10072380,13:05:00,10,1,0,8,2025-01-25T00:00:00.000Z,-43.331466790000,-21.763337580000,"Rua Olga Burnier, 485"
412,PARQUE BURNIER.,10073583,13:05:00,9,0,0,7,2025-01-25T00:00:00.000Z,-43.330207820000,-21.763072230000,"Rua Adelaide Campos de Resende, 1070"
412,PARQUE BURNIER.,10072386,13:05:00,7,1,0,3,2025-01-25T00:00:00.000Z,-43.328850270000,-21.762325320000,"Rua José Teodoro dos Santos, 292"
412,PARQUE BURNIER.,10072384,13:05:00,6,0,0,2,2025-01-25T00:00:00.000Z,-43.327999480000,-21.763301540000,"Rua José Teodoro dos Santos, 126"
412,PARQUE BURNIER.,10072309,13:05:00,5,0,0,2,2025-01-25T00:00:00.000Z,-43.327273730000,-21.763967940000,"Rua José Teodoro dos Santos, 28"
412,PARQUE BURNIER.,10073589,13:05:00,4,1,1,2,2025-01-25T00:00:00.000Z,-43.326568960000,-21.763629600000,"Rua Adelaide Campos de Resende, 706"
412,PARQUE BURNIER.,10071108,13:25:00,1,20,0,20,2025-01-25T00:00:00.000Z,-43.349331860000,-21.758144610000,"Avenida Getúlio Vargas, 835"
412,PARQUE BURNIER.,10073560,13:25:00,5,1,1,20,2025-01-25T00:00:00.000Z,-43.333589670000,-21.761652280000,"Rua Olga Burnier, 230"
412,PARQUE BURNIER.,10073558,13:25:00,4,0,0,20,2025-01-25T00:00:00.000Z,-43.334645750000,-21.760669710000,"Rua Olga Burnier, 70"
412,PARQUE BURNIER.,10073557,13:25:00,6,0,2,18,2025-01-25T00:00:00.000Z,-43.332479840000,-21.762640710000,"Rua Olga Burnier, 356"
412,PARQUE BURNIER.,10073552,13:25:00,3,0,0,20,2025-01-25T00:00:00.000Z,-43.335479020000,-21.760313550000,"Rua São Geraldo, 84"
412,PARQUE BURNIER.,10072358,13:25:00,18,1,0,1,2025-01-25T00:00:00.000Z,-43.328687310000,-21.761675740000,"Rua Natalino José de Paula, 112 - Ponto Final do Parque Burnier"
412,PARQUE BURNIER.,10073561,13:25:00,7,0,1,17,2025-01-25T00:00:00.000Z,-43.331552510000,-21.763418910000,"Rua Olga Burnier, 480"
412,PARQUE BURNIER.,10072305,13:25:00,2,0,0,20,2025-01-25T00:00:00.000Z,-43.337478970000,-21.760922950000,"Rua Djalma de Carvalho, 37"
412,PARQUE BURNIER.,10072356,13:25:00,17,0,0,0,2025-01-25T00:00:00.000Z,-43.327793950000,-21.762107030000,"Rua Natalino José de Paula, 271"
412,PARQUE BURNIER.,10072375,13:25:00,16,0,0,0,2025-01-25T00:00:00.000Z,-43.327420830000,-21.762727850000,"Rua Natalino José de Paula, 319"
412,PARQUE BURNIER.,10071503,13:25:00,15,0,0,0,2025-01-25T00:00:00.000Z,-43.326207040000,-21.762717810000,"Rua Natalino José de Paula, 421"
412,PARQUE BURNIER.,10072359,13:25:00,14,0,1,0,2025-01-25T00:00:00.000Z,-43.326282500000,-21.763143540000,"Rua Adelaide Campos de Resende, 651"
412,PARQUE BURNIER.,10072328,13:25:00,13,1,6,1,2025-01-25T00:00:00.000Z,-43.326450350000,-21.763683320000,"Rua Adelaide Campos de Resende, 669"
412,PARQUE BURNIER.,10072377,13:25:00,12,0,4,6,2025-01-25T00:00:00.000Z,-43.327321890000,-21.764062650000,"Rua José Teodoro dos Santos, 25"
412,PARQUE BURNIER.,10072316,13:25:00,11,0,1,10,2025-01-25T00:00:00.000Z,-43.328204750000,-21.763332370000,"Rua José Teodoro dos Santos, 145"
412,PARQUE BURNIER.,10072313,13:25:00,10,0,0,11,2025-01-25T00:00:00.000Z,-43.328846690000,-21.762504770000,"Rua José Teodoro dos Santos, 275"
412,PARQUE BURNIER.,10072296,13:25:00,9,0,4,11,2025-01-25T00:00:00.000Z,-43.329374790000,-21.763440430000,"Rua Adelaide Campos de Resende, 975"
412,PARQUE BURNIER.,10072301,13:25:00,8,0,2,15,2025-01-25T00:00:00.000Z,-43.330138330000,-21.763252970000,"Rua Adelaide Campos de Resende, 1061"
412,PARQUE BURNIER.,10072363,14:00:00,2,1,0,1,2025-01-25T00:00:00.000Z,-43.327885630000,-21.762179390000,"Rua Natalino José de Paula, 288"
412,PARQUE BURNIER.,10072358,14:00:00,1,0,0,0,2025-01-25T00:00:00.000Z,-43.328687310000,-21.761675740000,"Rua Natalino José de Paula, 112 - Ponto Final do Parque Burnier"
412,PARQUE BURNIER.,10072384,14:00:00,6,1,0,5,2025-01-25T00:00:00.000Z,-43.327999480000,-21.763301540000,"Rua José Teodoro dos Santos, 126"
412,PARQUE BURNIER.,10072309,14:00:00,5,1,0,4,2025-01-25T00:00:00.000Z,-43.327273730000,-21.763967940000,"Rua José Teodoro dos Santos, 28"
412,PARQUE BURNIER.,10074194,14:00:00,16,9,3,10,2025-01-25T00:00:00.000Z,-43.342338620000,-21.760505960000,"Rua Ângelo Falci, 55"
412,PARQUE BURNIER.,10073589,14:00:00,4,2,0,3,2025-01-25T00:00:00.000Z,-43.326568960000,-21.763629600000,"Rua Adelaide Campos de Resende, 706"
412,PARQUE BURNIER.,10071108,14:00:00,17,0,6,4,2025-01-25T00:00:00.000Z,-43.349331860000,-21.758144610000,"Avenida Getúlio Vargas, 835"
412,PARQUE BURNIER.,10072362,14:00:00,3,0,0,1,2025-01-25T00:00:00.000Z,-43.327527760000,-21.762798310000,"Rua Natalino José de Paula, 310"
412,PARQUE BURNIER.,10072302,14:00:00,15,1,4,4,2025-01-25T00:00:00.000Z,-43.338029500000,-21.760323850000,"Avenida Sete de Setembro, 623"
412,PARQUE BURNIER.,10072332,14:00:00,14,0,0,7,2025-01-25T00:00:00.000Z,-43.335533860000,-21.760131640000,"Rua São Geraldo, 89"
412,PARQUE BURNIER.,10072337,14:00:00,13,0,0,7,2025-01-25T00:00:00.000Z,-43.334540130000,-21.760522960000,"Rua Olga Burnier, 67"
412,PARQUE BURNIER.,10072335,14:00:00,12,0,0,7,2025-01-25T00:00:00.000Z,-43.333453420000,-21.761562350000,"Rua Olga Burnier, 233"
412,PARQUE BURNIER.,10072382,14:00:00,11,0,0,7,2025-01-25T00:00:00.000Z,-43.332369450000,-21.762522520000,"Rua Olga Burnier, 361"
412,PARQUE BURNIER.,10072380,14:00:00,10,0,0,7,2025-01-25T00:00:00.000Z,-43.331466790000,-21.763337580000,"Rua Olga Burnier, 485"
412,PARQUE BURNIER.,10073583,14:00:00,9,0,0,7,2025-01-25T00:00:00.000Z,-43.330207820000,-21.763072230000,"Rua Adelaide Campos de Resende, 1070"
412,PARQUE BURNIER.,10073584,14:00:00,8,0,0,7,2025-01-25T00:00:00.000Z,-43.329363350000,-21.763255450000,"Rua Adelaide Campos de Resende, 984"
412,PARQUE BURNIER.,10072386,14:00:00,7,2,0,7,2025-01-25T00:00:00.000Z,-43.328850270000,-21.762325320000,"Rua José Teodoro dos Santos, 292"
412,PARQUE BURNIER.,10071108,14:20:00,1,17,0,17,2025-01-25T00:00:00.000Z,-43.349331860000,-21.758144610000,"Avenida Getúlio Vargas, 835"
412,PARQUE BURNIER.,10073558,14:20:00,4,0,1,16,2025-01-25T00:00:00.000Z,-43.334645750000,-21.760669710000,"Rua Olga Burnier, 70"
412,PARQUE BURNIER.,10073552,14:20:00,3,0,0,17,2025-01-25T00:00:00.000Z,-43.335479020000,-21.760313550000,"Rua São Geraldo, 84"
412,PARQUE BURNIER.,10072305,14:20:00,2,2,2,17,2025-01-25T00:00:00.000Z,-43.337478970000,-21.760922950000,"Rua Djalma de Carvalho, 37"
412,PARQUE BURNIER.,10071503,14:20:00,15,0,1,0,2025-01-25T00:00:00.000Z,-43.326207040000,-21.762717810000,"Rua Natalino José de Paula, 421"
412,PARQUE BURNIER.,10073561,14:20:00,7,0,0,16,2025-01-25T00:00:00.000Z,-43.331552510000,-21.763418910000,"Rua Olga Burnier, 480"
412,PARQUE BURNIER.,10072375,14:20:00,16,0,0,0,2025-01-25T00:00:00.000Z,-43.327420830000,-21.762727850000,"Rua Natalino José de Paula, 319"
412,PARQUE BURNIER.,10073557,14:20:00,6,0,0,16,2025-01-25T00:00:00.000Z,-43.332479840000,-21.762640710000,"Rua Olga Burnier, 356"
412,PARQUE BURNIER.,10072358,14:20:00,18,1,0,1,2025-01-25T00:00:00.000Z,-43.328687310000,-21.761675740000,"Rua Natalino José de Paula, 112 - Ponto Final do Parque Burnier"
412,PARQUE BURNIER.,10072356,14:20:00,17,0,0,0,2025-01-25T00:00:00.000Z,-43.327793950000,-21.762107030000,"Rua Natalino José de Paula, 271"
412,PARQUE BURNIER.,10073560,14:20:00,5,0,0,16,2025-01-25T00:00:00.000Z,-43.333589670000,-21.761652280000,"Rua Olga Burnier, 230"
412,PARQUE BURNIER.,10072359,14:20:00,14,1,1,1,2025-01-25T00:00:00.000Z,-43.326282500000,-21.763143540000,"Rua Adelaide Campos de Resende, 651"
412,PARQUE BURNIER.,10072328,14:20:00,13,0,9,1,2025-01-25T00:00:00.000Z,-43.326450350000,-21.763683320000,"Rua Adelaide Campos de Resende, 669"
412,PARQUE BURNIER.,10072377,14:20:00,12,0,0,10,2025-01-25T00:00:00.000Z,-43.327321890000,-21.764062650000,"Rua José Teodoro dos Santos, 25"
412,PARQUE BURNIER.,10072316,14:20:00,11,0,0,10,2025-01-25T00:00:00.000Z,-43.328204750000,-21.763332370000,"Rua José Teodoro dos Santos, 145"
412,PARQUE BURNIER.,10072313,14:20:00,10,0,0,10,2025-01-25T00:00:00.000Z,-43.328846690000,-21.762504770000,"Rua José Teodoro dos Santos, 275"
412,PARQUE BURNIER.,10072296,14:20:00,9,0,4,10,2025-01-25T00:00:00.000Z,-43.329374790000,-21.763440430000,"Rua Adelaide Campos de Resende, 975"
412,PARQUE BURNIER.,10072301,14:20:00,8,0,2,14,2025-01-25T00:00:00.000Z,-43.330138330000,-21.763252970000,"Rua Adelaide Campos de Resende, 1061"
412,PARQUE BURNIER.,10072358,14:55:00,1,0,0,0,2025-01-25T00:00:00.000Z,-43.328687310000,-21.761675740000,"Rua Natalino José de Paula, 112 - Ponto Final do Parque Burnier"
412,PARQUE BURNIER.,10072363,14:55:00,2,0,0,0,2025-01-25T00:00:00.000Z,-43.327885630000,-21.762179390000,"Rua Natalino José de Paula, 288"
412,PARQUE BURNIER.,10072309,14:55:00,5,1,0,4,2025-01-25T00:00:00.000Z,-43.327273730000,-21.763967940000,"Rua José Teodoro dos Santos, 28"
412,PARQUE BURNIER.,10073589,14:55:00,4,2,0,3,2025-01-25T00:00:00.000Z,-43.326568960000,-21.763629600000,"Rua Adelaide Campos de Resende, 706"
412,PARQUE BURNIER.,10072362,14:55:00,3,1,0,1,2025-01-25T00:00:00.000Z,-43.327527760000,-21.762798310000,"Rua Natalino José de Paula, 310"
412,PARQUE BURNIER.,10074194,14:55:00,16,3,1,10,2025-01-25T00:00:00.000Z,-43.342338620000,-21.760505960000,"Rua Ângelo Falci, 55"
412,PARQUE BURNIER.,10072302,14:55:00,15,3,0,8,2025-01-25T00:00:00.000Z,-43.338029500000,-21.760323850000,"Avenida Sete de Setembro, 623"
412,PARQUE BURNIER.,10071108,14:55:00,17,0,1,9,2025-01-25T00:00:00.000Z,-43.349331860000,-21.758144610000,"Avenida Getúlio Vargas, 835"
412,PARQUE BURNIER.,10072332,14:55:00,14,0,0,5,2025-01-25T00:00:00.000Z,-43.335533860000,-21.760131640000,"Rua São Geraldo, 89"
412,PARQUE BURNIER.,10072337,14:55:00,13,0,0,5,2025-01-25T00:00:00.000Z,-43.334540130000,-21.760522960000,"Rua Olga Burnier, 67"
412,PARQUE BURNIER.,10072335,14:55:00,12,1,0,5,2025-01-25T00:00:00.000Z,-43.333453420000,-21.761562350000,"Rua Olga Burnier, 233"
412,PARQUE BURNIER.,10072382,14:55:00,11,0,0,4,2025-01-25T00:00:00.000Z,-43.332369450000,-21.762522520000,"Rua Olga Burnier, 361"
412,PARQUE BURNIER.,10072380,14:55:00,10,0,1,4,2025-01-25T00:00:00.000Z,-43.331466790000,-21.763337580000,"Rua Olga Burnier, 485"
412,PARQUE BURNIER.,10073583,14:55:00,9,0,0,5,2025-01-25T00:00:00.000Z,-43.330207820000,-21.763072230000,"Rua Adelaide Campos de Resende, 1070"
412,PARQUE BURNIER.,10073584,14:55:00,8,1,0,5,2025-01-25T00:00:00.000Z,-43.329363350000,-21.763255450000,"Rua Adelaide Campos de Resende, 984"
412,PARQUE BURNIER.,10072386,14:55:00,7,0,0,4,2025-01-25T00:00:00.000Z,-43.328850270000,-21.762325320000,"Rua José Teodoro dos Santos, 292"
412,PARQUE BURNIER.,10072384,14:55:00,6,0,0,4,2025-01-25T00:00:00.000Z,-43.327999480000,-21.763301540000,"Rua José Teodoro dos Santos, 126"
412,PARQUE BURNIER.,10073552,15:15:00,3,0,0,11,2025-01-25T00:00:00.000Z,-43.335479020000,-21.760313550000,"Rua São Geraldo, 84"
412,PARQUE BURNIER.,10072305,15:15:00,2,0,2,11,2025-01-25T00:00:00.000Z,-43.337478970000,-21.760922950000,"Rua Djalma de Carvalho, 37"
412,PARQUE BURNIER.,10073558,15:15:00,4,0,1,10,2025-01-25T00:00:00.000Z,-43.334645750000,-21.760669710000,"Rua Olga Burnier, 70"
412,PARQUE BURNIER.,10071108,15:15:00,1,13,0,13,2025-01-25T00:00:00.000Z,-43.349331860000,-21.758144610000,"Avenida Getúlio Vargas, 835"
412,PARQUE BURNIER.,10073561,15:15:00,7,2,0,12,2025-01-25T00:00:00.000Z,-43.331552510000,-21.763418910000,"Rua Olga Burnier, 480"
412,PARQUE BURNIER.,10073557,15:15:00,6,0,0,10,2025-01-25T00:00:00.000Z,-43.332479840000,-21.762640710000,"Rua Olga Burnier, 356"
412,PARQUE BURNIER.,10073560,15:15:00,5,0,0,10,2025-01-25T00:00:00.000Z,-43.333589670000,-21.761652280000,"Rua Olga Burnier, 230"
412,PARQUE BURNIER.,10072358,15:15:00,18,1,0,1,2025-01-25T00:00:00.000Z,-43.328687310000,-21.761675740000,"Rua Natalino José de Paula, 112 - Ponto Final do Parque Burnier"
412,PARQUE BURNIER.,10072375,15:15:00,16,0,0,1,2025-01-25T00:00:00.000Z,-43.327420830000,-21.762727850000,"Rua Natalino José de Paula, 319"
412,PARQUE BURNIER.,10072356,15:15:00,17,0,1,0,2025-01-25T00:00:00.000Z,-43.327793950000,-21.762107030000,"Rua Natalino José de Paula, 271"
412,PARQUE BURNIER.,10072328,15:15:00,13,0,9,1,2025-01-25T00:00:00.000Z,-43.326450350000,-21.763683320000,"Rua Adelaide Campos de Resende, 669"
412,PARQUE BURNIER.,10071503,15:15:00,15,1,0,1,2025-01-25T00:00:00.000Z,-43.326207040000,-21.762717810000,"Rua Natalino José de Paula, 421"
412,PARQUE BURNIER.,10072359,15:15:00,14,0,1,0,2025-01-25T00:00:00.000Z,-43.326282500000,-21.763143540000,"Rua Adelaide Campos de Resende, 651"
412,PARQUE BURNIER.,10072377,15:15:00,12,0,0,10,2025-01-25T00:00:00.000Z,-43.327321890000,-21.764062650000,"Rua José Teodoro dos Santos, 25"
412,PARQUE BURNIER.,10072316,15:15:00,11,0,0,10,2025-01-25T00:00:00.000Z,-43.328204750000,-21.763332370000,"Rua José Teodoro dos Santos, 145"
412,PARQUE BURNIER.,10072313,15:15:00,10,0,0,10,2025-01-25T00:00:00.000Z,-43.328846690000,-21.762504770000,"Rua José Teodoro dos Santos, 275"
412,PARQUE BURNIER.,10072296,15:15:00,9,0,2,10,2025-01-25T00:00:00.000Z,-43.329374790000,-21.763440430000,"Rua Adelaide Campos de Resende, 975"
412,PARQUE BURNIER.,10072301,15:15:00,8,0,0,12,2025-01-25T00:00:00.000Z,-43.330138330000,-21.763252970000,"Rua Adelaide Campos de Resende, 1061"
412,PARQUE BURNIER.,10073589,15:50:00,4,0,0,0,2025-01-25T00:00:00.000Z,-43.326568960000,-21.763629600000,"Rua Adelaide Campos de Resende, 706"
412,PARQUE BURNIER.,10072362,15:50:00,3,0,0,0,2025-01-25T00:00:00.000Z,-43.327527760000,-21.762798310000,"Rua Natalino José de Paula, 310"
412,PARQUE BURNIER.,10072309,15:50:00,5,0,0,0,2025-01-25T00:00:00.000Z,-43.327273730000,-21.763967940000,"Rua José Teodoro dos Santos, 28"
412,PARQUE BURNIER.,10072363,15:50:00,2,0,0,0,2025-01-25T00:00:00.000Z,-43.327885630000,-21.762179390000,"Rua Natalino José de Paula, 288"
412,PARQUE BURNIER.,10072382,15:50:00,11,0,0,1,2025-01-25T00:00:00.000Z,-43.332369450000,-21.762522520000,"Rua Olga Burnier, 361"
412,PARQUE BURNIER.,10072380,15:50:00,10,0,0,1,2025-01-25T00:00:00.000Z,-43.331466790000,-21.763337580000,"Rua Olga Burnier, 485"
412,PARQUE BURNIER.,10072384,15:50:00,6,0,0,0,2025-01-25T00:00:00.000Z,-43.327999480000,-21.763301540000,"Rua José Teodoro dos Santos, 126"
412,PARQUE BURNIER.,10072358,15:50:00,1,0,0,0,2025-01-25T00:00:00.000Z,-43.328687310000,-21.761675740000,"Rua Natalino José de Paula, 112 - Ponto Final do Parque Burnier"
412,PARQUE BURNIER.,10071108,15:50:00,17,0,10,1,2025-01-25T00:00:00.000Z,-43.349331860000,-21.758144610000,"Avenida Getúlio Vargas, 835"
412,PARQUE BURNIER.,10074194,15:50:00,16,9,0,11,2025-01-25T00:00:00.000Z,-43.342338620000,-21.760505960000,"Rua Ângelo Falci, 55"
412,PARQUE BURNIER.,10072302,15:50:00,15,0,0,2,2025-01-25T00:00:00.000Z,-43.338029500000,-21.760323850000,"Avenida Sete de Setembro, 623"
412,PARQUE BURNIER.,10072332,15:50:00,14,0,0,2,2025-01-25T00:00:00.000Z,-43.335533860000,-21.760131640000,"Rua São Geraldo, 89"
412,PARQUE BURNIER.,10072337,15:50:00,13,1,0,2,2025-01-25T00:00:00.000Z,-43.334540130000,-21.760522960000,"Rua Olga Burnier, 67"
412,PARQUE BURNIER.,10072335,15:50:00,12,0,0,1,2025-01-25T00:00:00.000Z,-43.333453420000,-21.761562350000,"Rua Olga Burnier, 233"
412,PARQUE BURNIER.,10073583,15:50:00,9,0,0,1,2025-01-25T00:00:00.000Z,-43.330207820000,-21.763072230000,"Rua Adelaide Campos de Resende, 1070"
412,PARQUE BURNIER.,10073584,15:50:00,8,0,0,1,2025-01-25T00:00:00.000Z,-43.329363350000,-21.763255450000,"Rua Adelaide Campos de Resende, 984"
412,PARQUE BURNIER.,10072386,15:50:00,7,1,0,1,2025-01-25T00:00:00.000Z,-43.328850270000,-21.762325320000,"Rua José Teodoro dos Santos, 292"
412,PARQUE BURNIER.,10073557,16:10:00,6,0,0,12,2025-01-25T00:00:00.000Z,-43.332479840000,-21.762640710000,"Rua Olga Burnier, 356"
412,PARQUE BURNIER.,10073560,16:10:00,5,0,0,12,2025-01-25T00:00:00.000Z,-43.333589670000,-21.761652280000,"Rua Olga Burnier, 230"
412,PARQUE BURNIER.,10073561,16:10:00,7,0,0,12,2025-01-25T00:00:00.000Z,-43.331552510000,-21.763418910000,"Rua Olga Burnier, 480"
412,PARQUE BURNIER.,10073558,16:10:00,4,0,0,12,2025-01-25T00:00:00.000Z,-43.334645750000,-21.760669710000,"Rua Olga Burnier, 70"
412,PARQUE BURNIER.,10072358,16:10:00,18,0,0,2,2025-01-25T00:00:00.000Z,-43.328687310000,-21.761675740000,"Rua Natalino José de Paula, 112 - Ponto Final do Parque Burnier"
412,PARQUE BURNIER.,10072356,16:10:00,17,0,1,2,2025-01-25T00:00:00.000Z,-43.327793950000,-21.762107030000,"Rua Natalino José de Paula, 271"
412,PARQUE BURNIER.,10072296,16:10:00,9,0,0,12,2025-01-25T00:00:00.000Z,-43.329374790000,-21.763440430000,"Rua Adelaide Campos de Resende, 975"
412,PARQUE BURNIER.,10073552,16:10:00,3,0,0,12,2025-01-25T00:00:00.000Z,-43.335479020000,-21.760313550000,"Rua São Geraldo, 84"
412,PARQUE BURNIER.,10072375,16:10:00,16,0,0,3,2025-01-25T00:00:00.000Z,-43.327420830000,-21.762727850000,"Rua Natalino José de Paula, 319"
412,PARQUE BURNIER.,10071503,16:10:00,15,1,2,3,2025-01-25T00:00:00.000Z,-43.326207040000,-21.762717810000,"Rua Natalino José de Paula, 421"
412,PARQUE BURNIER.,10072359,16:10:00,14,0,2,4,2025-01-25T00:00:00.000Z,-43.326282500000,-21.763143540000,"Rua Adelaide Campos de Resende, 651"
412,PARQUE BURNIER.,10072328,16:10:00,13,0,2,6,2025-01-25T00:00:00.000Z,-43.326450350000,-21.763683320000,"Rua Adelaide Campos de Resende, 669"
412,PARQUE BURNIER.,10072377,16:10:00,12,0,1,8,2025-01-25T00:00:00.000Z,-43.327321890000,-21.764062650000,"Rua José Teodoro dos Santos, 25"
412,PARQUE BURNIER.,10072316,16:10:00,11,0,1,9,2025-01-25T00:00:00.000Z,-43.328204750000,-21.763332370000,"Rua José Teodoro dos Santos, 145"
412,PARQUE BURNIER.,10072313,16:10:00,10,0,2,10,2025-01-25T00:00:00.000Z,-43.328846690000,-21.762504770000,"Rua José Teodoro dos Santos, 275"
412,PARQUE BURNIER.,10072305,16:10:00,2,0,1,12,2025-01-25T00:00:00.000Z,-43.337478970000,-21.760922950000,"Rua Djalma de Carvalho, 37"
412,PARQUE BURNIER.,10072301,16:10:00,8,0,0,12,2025-01-25T00:00:00.000Z,-43.330138330000,-21.763252970000,"Rua Adelaide Campos de Resende, 1061"
412,PARQUE BURNIER.,10071108,16:10:00,1,13,0,13,2025-01-25T00:00:00.000Z,-43.349331860000,-21.758144610000,"Avenida Getúlio Vargas, 835"
412,PARQUE BURNIER.,10072386,16:45:00,7,2,0,3,2025-01-25T00:00:00.000Z,-43.328850270000,-21.762325320000,"Rua José Teodoro dos Santos, 292"
412,PARQUE BURNIER.,10072358,16:45:00,1,0,0,0,2025-01-25T00:00:00.000Z,-43.328687310000,-21.761675740000,"Rua Natalino José de Paula, 112 - Ponto Final do Parque Burnier"
412,PARQUE BURNIER.,10072335,16:45:00,12,1,0,4,2025-01-25T00:00:00.000Z,-43.333453420000,-21.761562350000,"Rua Olga Burnier, 233"
412,PARQUE BURNIER.,10072382,16:45:00,11,0,0,3,2025-01-25T00:00:00.000Z,-43.332369450000,-21.762522520000,"Rua Olga Burnier, 361"
412,PARQUE BURNIER.,10072337,16:45:00,13,0,0,4,2025-01-25T00:00:00.000Z,-43.334540130000,-21.760522960000,"Rua Olga Burnier, 67"
412,PARQUE BURNIER.,10072380,16:45:00,10,0,0,3,2025-01-25T00:00:00.000Z,-43.331466790000,-21.763337580000,"Rua Olga Burnier, 485"
412,PARQUE BURNIER.,10071108,16:45:00,17,0,7,0,2025-01-25T00:00:00.000Z,-43.349331860000,-21.758144610000,"Avenida Getúlio Vargas, 835"
412,PARQUE BURNIER.,10074194,16:45:00,16,4,1,7,2025-01-25T00:00:00.000Z,-43.342338620000,-21.760505960000,"Rua Ângelo Falci, 55"
412,PARQUE BURNIER.,10072302,16:45:00,15,0,0,4,2025-01-25T00:00:00.000Z,-43.338029500000,-21.760323850000,"Avenida Sete de Setembro, 623"
412,PARQUE BURNIER.,10073583,16:45:00,9,0,1,3,2025-01-25T00:00:00.000Z,-43.330207820000,-21.763072230000,"Rua Adelaide Campos de Resende, 1070"
412,PARQUE BURNIER.,10072332,16:45:00,14,0,0,4,2025-01-25T00:00:00.000Z,-43.335533860000,-21.760131640000,"Rua São Geraldo, 89"
412,PARQUE BURNIER.,10073584,16:45:00,8,1,0,4,2025-01-25T00:00:00.000Z,-43.329363350000,-21.763255450000,"Rua Adelaide Campos de Resende, 984"
412,PARQUE BURNIER.,10072384,16:45:00,6,0,0,1,2025-01-25T00:00:00.000Z,-43.327999480000,-21.763301540000,"Rua José Teodoro dos Santos, 126"
412,PARQUE BURNIER.,10072309,16:45:00,5,0,0,1,2025-01-25T00:00:00.000Z,-43.327273730000,-21.763967940000,"Rua José Teodoro dos Santos, 28"
412,PARQUE BURNIER.,10073589,16:45:00,4,0,0,1,2025-01-25T00:00:00.000Z,-43.326568960000,-21.763629600000,"Rua Adelaide Campos de Resende, 706"
412,PARQUE BURNIER.,10072362,16:45:00,3,1,0,1,2025-01-25T00:00:00.000Z,-43.327527760000,-21.762798310000,"Rua Natalino José de Paula, 310"
412,PARQUE BURNIER.,10072363,16:45:00,2,0,0,0,2025-01-25T00:00:00.000Z,-43.327885630000,-21.762179390000,"Rua Natalino José de Paula, 288"
412,PARQUE BURNIER.,10071108,17:05:00,1,9,0,9,2025-01-25T00:00:00.000Z,-43.349331860000,-21.758144610000,"Avenida Getúlio Vargas, 835"
412,PARQUE BURNIER.,10072305,17:05:00,2,0,3,6,2025-01-25T00:00:00.000Z,-43.337478970000,-21.760922950000,"Rua Djalma de Carvalho, 37"
412,PARQUE BURNIER.,10073552,17:05:00,3,0,0,6,2025-01-25T00:00:00.000Z,-43.335479020000,-21.760313550000,"Rua São Geraldo, 84"
412,PARQUE BURNIER.,10072359,17:05:00,14,0,0,2,2025-01-25T00:00:00.000Z,-43.326282500000,-21.763143540000,"Rua Adelaide Campos de Resende, 651"
412,PARQUE BURNIER.,10072301,17:05:00,8,0,1,6,2025-01-25T00:00:00.000Z,-43.330138330000,-21.763252970000,"Rua Adelaide Campos de Resende, 1061"
412,PARQUE BURNIER.,10072358,17:05:00,18,0,0,1,2025-01-25T00:00:00.000Z,-43.328687310000,-21.761675740000,"Rua Natalino José de Paula, 112 - Ponto Final do Parque Burnier"
412,PARQUE BURNIER.,10073561,17:05:00,7,1,0,7,2025-01-25T00:00:00.000Z,-43.331552510000,-21.763418910000,"Rua Olga Burnier, 480"
412,PARQUE BURNIER.,10072356,17:05:00,17,0,0,1,2025-01-25T00:00:00.000Z,-43.327793950000,-21.762107030000,"Rua Natalino José de Paula, 271"
412,PARQUE BURNIER.,10072375,17:05:00,16,0,1,1,2025-01-25T00:00:00.000Z,-43.327420830000,-21.762727850000,"Rua Natalino José de Paula, 319"
412,PARQUE BURNIER.,10071503,17:05:00,15,0,0,2,2025-01-25T00:00:00.000Z,-43.326207040000,-21.762717810000,"Rua Natalino José de Paula, 421"
412,PARQUE BURNIER.,10073557,17:05:00,6,0,0,6,2025-01-25T00:00:00.000Z,-43.332479840000,-21.762640710000,"Rua Olga Burnier, 356"
412,PARQUE BURNIER.,10072328,17:05:00,13,0,0,2,2025-01-25T00:00:00.000Z,-43.326450350000,-21.763683320000,"Rua Adelaide Campos de Resende, 669"
412,PARQUE BURNIER.,10072377,17:05:00,12,0,0,2,2025-01-25T00:00:00.000Z,-43.327321890000,-21.764062650000,"Rua José Teodoro dos Santos, 25"
412,PARQUE BURNIER.,10072316,17:05:00,11,0,4,2,2025-01-25T00:00:00.000Z,-43.328204750000,-21.763332370000,"Rua José Teodoro dos Santos, 145"
412,PARQUE BURNIER.,10072313,17:05:00,10,0,0,6,2025-01-25T00:00:00.000Z,-43.328846690000,-21.762504770000,"Rua José Teodoro dos Santos, 275"
412,PARQUE BURNIER.,10072296,17:05:00,9,0,0,6,2025-01-25T00:00:00.000Z,-43.329374790000,-21.763440430000,"Rua Adelaide Campos de Resende, 975"
412,PARQUE BURNIER.,10073560,17:05:00,5,0,0,6,2025-01-25T00:00:00.000Z,-43.333589670000,-21.761652280000,"Rua Olga Burnier, 230"
412,PARQUE BURNIER.,10073558,17:05:00,4,0,0,6,2025-01-25T00:00:00.000Z,-43.334645750000,-21.760669710000,"Rua Olga Burnier, 70"
412,PARQUE BURNIER.,10073552,18:00:00,3,0,2,11,2025-01-25T00:00:00.000Z,-43.335479020000,-21.760313550000,"Rua São Geraldo, 84"
412,PARQUE BURNIER.,10072305,18:00:00,2,4,1,13,2025-01-25T00:00:00.000Z,-43.337478970000,-21.760922950000,"Rua Djalma de Carvalho, 37"
412,PARQUE BURNIER.,10073558,18:00:00,4,0,0,11,2025-01-25T00:00:00.000Z,-43.334645750000,-21.760669710000,"Rua Olga Burnier, 70"
412,PARQUE BURNIER.,10071108,18:00:00,1,10,0,10,2025-01-25T00:00:00.000Z,-43.349331860000,-21.758144610000,"Avenida Getúlio Vargas, 835"
412,PARQUE BURNIER.,10073557,18:00:00,6,0,0,11,2025-01-25T00:00:00.000Z,-43.332479840000,-21.762640710000,"Rua Olga Burnier, 356"
412,PARQUE BURNIER.,10073560,18:00:00,5,0,0,11,2025-01-25T00:00:00.000Z,-43.333589670000,-21.761652280000,"Rua Olga Burnier, 230"
412,PARQUE BURNIER.,10072358,18:00:00,18,1,0,3,2025-01-25T00:00:00.000Z,-43.328687310000,-21.761675740000,"Rua Natalino José de Paula, 112 - Ponto Final do Parque Burnier"
412,PARQUE BURNIER.,10072375,18:00:00,16,0,0,3,2025-01-25T00:00:00.000Z,-43.327420830000,-21.762727850000,"Rua Natalino José de Paula, 319"
412,PARQUE BURNIER.,10072356,18:00:00,17,0,1,2,2025-01-25T00:00:00.000Z,-43.327793950000,-21.762107030000,"Rua Natalino José de Paula, 271"
412,PARQUE BURNIER.,10072377,18:00:00,12,0,1,7,2025-01-25T00:00:00.000Z,-43.327321890000,-21.764062650000,"Rua José Teodoro dos Santos, 25"
412,PARQUE BURNIER.,10071503,18:00:00,15,0,0,3,2025-01-25T00:00:00.000Z,-43.326207040000,-21.762717810000,"Rua Natalino José de Paula, 421"
412,PARQUE BURNIER.,10072359,18:00:00,14,0,2,3,2025-01-25T00:00:00.000Z,-43.326282500000,-21.763143540000,"Rua Adelaide Campos de Resende, 651"
412,PARQUE BURNIER.,10072328,18:00:00,13,0,2,5,2025-01-25T00:00:00.000Z,-43.326450350000,-21.763683320000,"Rua Adelaide Campos de Resende, 669"
412,PARQUE BURNIER.,10072301,18:00:00,8,0,0,11,2025-01-25T00:00:00.000Z,-43.330138330000,-21.763252970000,"Rua Adelaide Campos de Resende, 1061"
412,PARQUE BURNIER.,10072316,18:00:00,11,0,1,8,2025-01-25T00:00:00.000Z,-43.328204750000,-21.763332370000,"Rua José Teodoro dos Santos, 145"
412,PARQUE BURNIER.,10072313,18:00:00,10,0,2,9,2025-01-25T00:00:00.000Z,-43.328846690000,-21.762504770000,"Rua José Teodoro dos Santos, 275"
412,PARQUE BURNIER.,10072296,18:00:00,9,0,0,11,2025-01-25T00:00:00.000Z,-43.329374790000,-21.763440430000,"Rua Adelaide Campos de Resende, 975"
412,PARQUE BURNIER.,10073561,18:00:00,7,0,0,11,2025-01-25T00:00:00.000Z,-43.331552510000,-21.763418910000,"Rua Olga Burnier, 480"
412,PARQUE BURNIER.,10071108,18:55:00,1,7,0,7,2025-01-25T00:00:00.000Z,-43.349331860000,-21.758144610000,"Avenida Getúlio Vargas, 835"
412,PARQUE BURNIER.,10073560,18:55:00,5,0,0,7,2025-01-25T00:00:00.000Z,-43.333589670000,-21.761652280000,"Rua Olga Burnier, 230"
412,PARQUE BURNIER.,10073558,18:55:00,4,1,0,7,2025-01-25T00:00:00.000Z,-43.334645750000,-21.760669710000,"Rua Olga Burnier, 70"
412,PARQUE BURNIER.,10072358,18:55:00,18,0,0,0,2025-01-25T00:00:00.000Z,-43.328687310000,-21.761675740000,"Rua Natalino José de Paula, 112 - Ponto Final do Parque Burnier"
412,PARQUE BURNIER.,10073552,18:55:00,3,0,0,6,2025-01-25T00:00:00.000Z,-43.335479020000,-21.760313550000,"Rua São Geraldo, 84"
412,PARQUE BURNIER.,10072305,18:55:00,2,0,1,6,2025-01-25T00:00:00.000Z,-43.337478970000,-21.760922950000,"Rua Djalma de Carvalho, 37"
412,PARQUE BURNIER.,10072356,18:55:00,17,0,0,0,2025-01-25T00:00:00.000Z,-43.327793950000,-21.762107030000,"Rua Natalino José de Paula, 271"
412,PARQUE BURNIER.,10072375,18:55:00,16,0,0,0,2025-01-25T00:00:00.000Z,-43.327420830000,-21.762727850000,"Rua Natalino José de Paula, 319"
412,PARQUE BURNIER.,10071503,18:55:00,15,0,2,0,2025-01-25T00:00:00.000Z,-43.326207040000,-21.762717810000,"Rua Natalino José de Paula, 421"
412,PARQUE BURNIER.,10072359,18:55:00,14,0,2,2,2025-01-25T00:00:00.000Z,-43.326282500000,-21.763143540000,"Rua Adelaide Campos de Resende, 651"
412,PARQUE BURNIER.,10072328,18:55:00,13,0,2,4,2025-01-25T00:00:00.000Z,-43.326450350000,-21.763683320000,"Rua Adelaide Campos de Resende, 669"
412,PARQUE BURNIER.,10072377,18:55:00,12,0,0,6,2025-01-25T00:00:00.000Z,-43.327321890000,-21.764062650000,"Rua José Teodoro dos Santos, 25"
412,PARQUE BURNIER.,10072316,18:55:00,11,0,1,6,2025-01-25T00:00:00.000Z,-43.328204750000,-21.763332370000,"Rua José Teodoro dos Santos, 145"
412,PARQUE BURNIER.,10072313,18:55:00,10,0,0,7,2025-01-25T00:00:00.000Z,-43.328846690000,-21.762504770000,"Rua José Teodoro dos Santos, 275"
412,PARQUE BURNIER.,10072296,18:55:00,9,0,0,7,2025-01-25T00:00:00.000Z,-43.329374790000,-21.763440430000,"Rua Adelaide Campos de Resende, 975"
412,PARQUE BURNIER.,10072301,18:55:00,8,0,0,7,2025-01-25T00:00:00.000Z,-43.330138330000,-21.763252970000,"Rua Adelaide Campos de Resende, 1061"
412,PARQUE BURNIER.,10073561,18:55:00,7,0,0,7,2025-01-25T00:00:00.000Z,-43.331552510000,-21.763418910000,"Rua Olga Burnier, 480"
412,PARQUE BURNIER.,10073557,18:55:00,6,0,0,7,2025-01-25T00:00:00.000Z,-43.332479840000,-21.762640710000,"Rua Olga Burnier, 356"
412,PARQUE BURNIER.,10072363,19:30:00,2,2,0,2,2025-01-25T00:00:00.000Z,-43.327885630000,-21.762179390000,"Rua Natalino José de Paula, 288"
412,PARQUE BURNIER.,10072358,19:30:00,1,0,0,0,2025-01-25T00:00:00.000Z,-43.328687310000,-21.761675740000,"Rua Natalino José de Paula, 112 - Ponto Final do Parque Burnier"
412,PARQUE BURNIER.,10072384,19:30:00,6,0,0,6,2025-01-25T00:00:00.000Z,-43.327999480000,-21.763301540000,"Rua José Teodoro dos Santos, 126"
412,PARQUE BURNIER.,10072309,19:30:00,5,0,1,6,2025-01-25T00:00:00.000Z,-43.327273730000,-21.763967940000,"Rua José Teodoro dos Santos, 28"
412,PARQUE BURNIER.,10072386,19:30:00,7,0,0,6,2025-01-25T00:00:00.000Z,-43.328850270000,-21.762325320000,"Rua José Teodoro dos Santos, 292"
412,PARQUE BURNIER.,10073589,19:30:00,4,3,0,7,2025-01-25T00:00:00.000Z,-43.326568960000,-21.763629600000,"Rua Adelaide Campos de Resende, 706"
412,PARQUE BURNIER.,10071108,19:30:00,17,0,1,5,2025-01-25T00:00:00.000Z,-43.349331860000,-21.758144610000,"Avenida Getúlio Vargas, 835"
412,PARQUE BURNIER.,10074194,19:30:00,16,0,0,6,2025-01-25T00:00:00.000Z,-43.342338620000,-21.760505960000,"Rua Ângelo Falci, 55"
412,PARQUE BURNIER.,10072362,19:30:00,3,2,0,4,2025-01-25T00:00:00.000Z,-43.327527760000,-21.762798310000,"Rua Natalino José de Paula, 310"
412,PARQUE BURNIER.,10072302,19:30:00,15,0,0,6,2025-01-25T00:00:00.000Z,-43.338029500000,-21.760323850000,"Avenida Sete de Setembro, 623"
412,PARQUE BURNIER.,10072332,19:30:00,14,0,0,6,2025-01-25T00:00:00.000Z,-43.335533860000,-21.760131640000,"Rua São Geraldo, 89"
412,PARQUE BURNIER.,10072337,19:30:00,13,0,0,6,2025-01-25T00:00:00.000Z,-43.334540130000,-21.760522960000,"Rua Olga Burnier, 67"
412,PARQUE BURNIER.,10072335,19:30:00,12,0,0,6,2025-01-25T00:00:00.000Z,-43.333453420000,-21.761562350000,"Rua Olga Burnier, 233"
412,PARQUE BURNIER.,10072382,19:30:00,11,0,0,6,2025-01-25T00:00:00.000Z,-43.332369450000,-21.762522520000,"Rua Olga Burnier, 361"
412,PARQUE BURNIER.,10072380,19:30:00,10,0,0,6,2025-01-25T00:00:00.000Z,-43.331466790000,-21.763337580000,"Rua Olga Burnier, 485"
412,PARQUE BURNIER.,10073583,19:30:00,9,0,0,6,2025-01-25T00:00:00.000Z,-43.330207820000,-21.763072230000,"Rua Adelaide Campos de Resende, 1070"
412,PARQUE BURNIER.,10073584,19:30:00,8,0,0,6,2025-01-25T00:00:00.000Z,-43.329363350000,-21.763255450000,"Rua Adelaide Campos de Resende, 984"
412,PARQUE BURNIER.,10071108,19:50:00,1,4,0,4,2025-01-25T00:00:00.000Z,-43.349331860000,-21.758144610000,"Avenida Getúlio Vargas, 835"
412,PARQUE BURNIER.,10073558,19:50:00,4,0,0,3,2025-01-25T00:00:00.000Z,-43.334645750000,-21.760669710000,"Rua Olga Burnier, 70"
412,PARQUE BURNIER.,10073552,19:50:00,3,0,0,3,2025-01-25T00:00:00.000Z,-43.335479020000,-21.760313550000,"Rua São Geraldo, 84"
412,PARQUE BURNIER.,10072305,19:50:00,2,0,1,3,2025-01-25T00:00:00.000Z,-43.337478970000,-21.760922950000,"Rua Djalma de Carvalho, 37"
412,PARQUE BURNIER.,10072375,19:50:00,16,0,0,0,2025-01-25T00:00:00.000Z,-43.327420830000,-21.762727850000,"Rua Natalino José de Paula, 319"
412,PARQUE BURNIER.,10071503,19:50:00,15,0,0,0,2025-01-25T00:00:00.000Z,-43.326207040000,-21.762717810000,"Rua Natalino José de Paula, 421"
412,PARQUE BURNIER.,10072356,19:50:00,17,0,0,0,2025-01-25T00:00:00.000Z,-43.327793950000,-21.762107030000,"Rua Natalino José de Paula, 271"
412,PARQUE BURNIER.,10073557,19:50:00,6,0,0,3,2025-01-25T00:00:00.000Z,-43.332479840000,-21.762640710000,"Rua Olga Burnier, 356"
412,PARQUE BURNIER.,10072358,19:50:00,18,4,0,4,2025-01-25T00:00:00.000Z,-43.328687310000,-21.761675740000,"Rua Natalino José de Paula, 112 - Ponto Final do Parque Burnier"
412,PARQUE BURNIER.,10073560,19:50:00,5,0,0,3,2025-01-25T00:00:00.000Z,-43.333589670000,-21.761652280000,"Rua Olga Burnier, 230"
412,PARQUE BURNIER.,10072359,19:50:00,14,0,0,0,2025-01-25T00:00:00.000Z,-43.326282500000,-21.763143540000,"Rua Adelaide Campos de Resende, 651"
412,PARQUE BURNIER.,10072328,19:50:00,13,0,1,0,2025-01-25T00:00:00.000Z,-43.326450350000,-21.763683320000,"Rua Adelaide Campos de Resende, 669"
412,PARQUE BURNIER.,10072377,19:50:00,12,0,0,1,2025-01-25T00:00:00.000Z,-43.327321890000,-21.764062650000,"Rua José Teodoro dos Santos, 25"
412,PARQUE BURNIER.,10072316,19:50:00,11,0,1,1,2025-01-25T00:00:00.000Z,-43.328204750000,-21.763332370000,"Rua José Teodoro dos Santos, 145"
412,PARQUE BURNIER.,10072313,19:50:00,10,0,0,2,2025-01-25T00:00:00.000Z,-43.328846690000,-21.762504770000,"Rua José Teodoro dos Santos, 275"
412,PARQUE BURNIER.,10072296,19:50:00,9,0,1,2,2025-01-25T00:00:00.000Z,-43.329374790000,-21.763440430000,"Rua Adelaide Campos de Resende, 975"
412,PARQUE BURNIER.,10072301,19:50:00,8,0,0,3,2025-01-25T00:00:00.000Z,-43.330138330000,-21.763252970000,"Rua Adelaide Campos de Resende, 1061"
412,PARQUE BURNIER.,10073561,19:50:00,7,0,0,3,2025-01-25T00:00:00.000Z,-43.331552510000,-21.763418910000,"Rua Olga Burnier, 480"
412,PARQUE BURNIER.,10072358,21:20:00,1,0,0,0,2025-01-25T00:00:00.000Z,-43.328687310000,-21.761675740000,"Rua Natalino José de Paula, 112 - Ponto Final do Parque Burnier"
412,PARQUE BURNIER.,10072363,21:20:00,2,0,0,0,2025-01-25T00:00:00.000Z,-43.327885630000,-21.762179390000,"Rua Natalino José de Paula, 288"
412,PARQUE BURNIER.,10072309,21:20:00,5,0,0,1,2025-01-25T00:00:00.000Z,-43.327273730000,-21.763967940000,"Rua José Teodoro dos Santos, 28"
412,PARQUE BURNIER.,10073589,21:20:00,4,0,0,1,2025-01-25T00:00:00.000Z,-43.326568960000,-21.763629600000,"Rua Adelaide Campos de Resende, 706"
412,PARQUE BURNIER.,10072362,21:20:00,3,1,0,1,2025-01-25T00:00:00.000Z,-43.327527760000,-21.762798310000,"Rua Natalino José de Paula, 310"
412,PARQUE BURNIER.,10072332,21:20:00,14,0,0,5,2025-01-25T00:00:00.000Z,-43.335533860000,-21.760131640000,"Rua São Geraldo, 89"
412,PARQUE BURNIER.,10072337,21:20:00,13,0,0,5,2025-01-25T00:00:00.000Z,-43.334540130000,-21.760522960000,"Rua Olga Burnier, 67"
412,PARQUE BURNIER.,10071108,21:20:00,17,0,2,5,2025-01-25T00:00:00.000Z,-43.349331860000,-21.758144610000,"Avenida Getúlio Vargas, 835"
412,PARQUE BURNIER.,10072386,21:20:00,7,0,0,5,2025-01-25T00:00:00.000Z,-43.328850270000,-21.762325320000,"Rua José Teodoro dos Santos, 292"
412,PARQUE BURNIER.,10074194,21:20:00,16,2,3,7,2025-01-25T00:00:00.000Z,-43.342338620000,-21.760505960000,"Rua Ângelo Falci, 55"
412,PARQUE BURNIER.,10072302,21:20:00,15,3,0,8,2025-01-25T00:00:00.000Z,-43.338029500000,-21.760323850000,"Avenida Sete de Setembro, 623"
412,PARQUE BURNIER.,10072384,21:20:00,6,4,0,5,2025-01-25T00:00:00.000Z,-43.327999480000,-21.763301540000,"Rua José Teodoro dos Santos, 126"
412,PARQUE BURNIER.,10072335,21:20:00,12,0,0,5,2025-01-25T00:00:00.000Z,-43.333453420000,-21.761562350000,"Rua Olga Burnier, 233"
412,PARQUE BURNIER.,10072382,21:20:00,11,0,0,5,2025-01-25T00:00:00.000Z,-43.332369450000,-21.762522520000,"Rua Olga Burnier, 361"
412,PARQUE BURNIER.,10072380,21:20:00,10,0,0,5,2025-01-25T00:00:00.000Z,-43.331466790000,-21.763337580000,"Rua Olga Burnier, 485"
412,PARQUE BURNIER.,10073583,21:20:00,9,0,0,5,2025-01-25T00:00:00.000Z,-43.330207820000,-21.763072230000,"Rua Adelaide Campos de Resende, 1070"
412,PARQUE BURNIER.,10073584,21:20:00,8,0,0,5,2025-01-25T00:00:00.000Z,-43.329363350000,-21.763255450000,"Rua Adelaide Campos de Resende, 984"
412,PARQUE BURNIER.,10073552,21:40:00,3,0,0,11,2025-01-25T00:00:00.000Z,-43.335479020000,-21.760313550000,"Rua São Geraldo, 84"
412,PARQUE BURNIER.,10072305,21:40:00,2,0,0,11,2025-01-25T00:00:00.000Z,-43.337478970000,-21.760922950000,"Rua Djalma de Carvalho, 37"
412,PARQUE BURNIER.,10073558,21:40:00,4,0,1,10,2025-01-25T00:00:00.000Z,-43.334645750000,-21.760669710000,"Rua Olga Burnier, 70"
412,PARQUE BURNIER.,10071108,21:40:00,1,11,0,11,2025-01-25T00:00:00.000Z,-43.349331860000,-21.758144610000,"Avenida Getúlio Vargas, 835"
412,PARQUE BURNIER.,10072359,21:40:00,14,0,0,9,2025-01-25T00:00:00.000Z,-43.326282500000,-21.763143540000,"Rua Adelaide Campos de Resende, 651"
412,PARQUE BURNIER.,10072328,21:40:00,13,0,0,9,2025-01-25T00:00:00.000Z,-43.326450350000,-21.763683320000,"Rua Adelaide Campos de Resende, 669"
412,PARQUE BURNIER.,10072377,21:40:00,12,0,0,9,2025-01-25T00:00:00.000Z,-43.327321890000,-21.764062650000,"Rua José Teodoro dos Santos, 25"
412,PARQUE BURNIER.,10072358,21:40:00,18,0,0,9,2025-01-25T00:00:00.000Z,-43.328687310000,-21.761675740000,"Rua Natalino José de Paula, 112 - Ponto Final do Parque Burnier"
412,PARQUE BURNIER.,10072356,21:40:00,17,0,0,9,2025-01-25T00:00:00.000Z,-43.327793950000,-21.762107030000,"Rua Natalino José de Paula, 271"
412,PARQUE BURNIER.,10072375,21:40:00,16,0,0,9,2025-01-25T00:00:00.000Z,-43.327420830000,-21.762727850000,"Rua Natalino José de Paula, 319"
412,PARQUE BURNIER.,10071503,21:40:00,15,0,0,9,2025-01-25T00:00:00.000Z,-43.326207040000,-21.762717810000,"Rua Natalino José de Paula, 421"
412,PARQUE BURNIER.,10072316,21:40:00,11,0,0,9,2025-01-25T00:00:00.000Z,-43.328204750000,-21.763332370000,"Rua José Teodoro dos Santos, 145"
412,PARQUE BURNIER.,10072313,21:40:00,10,0,1,9,2025-01-25T00:00:00.000Z,-43.328846690000,-21.762504770000,"Rua José Teodoro dos Santos, 275"
412,PARQUE BURNIER.,10072296,21:40:00,9,0,0,10,2025-01-25T00:00:00.000Z,-43.329374790000,-21.763440430000,"Rua Adelaide Campos de Resende, 975"
412,PARQUE BURNIER.,10072301,21:40:00,8,0,0,10,2025-01-25T00:00:00.000Z,-43.330138330000,-21.763252970000,"Rua Adelaide Campos de Resende, 1061"
412,PARQUE BURNIER.,10073561,21:40:00,7,0,0,10,2025-01-25T00:00:00.000Z,-43.331552510000,-21.763418910000,"Rua Olga Burnier, 480"
412,PARQUE BURNIER.,10073557,21:40:00,6,0,0,10,2025-01-25T00:00:00.000Z,-43.332479840000,-21.762640710000,"Rua Olga Burnier, 356"
412,PARQUE BURNIER.,10073560,21:40:00,5,0,0,10,2025-01-25T00:00:00.000Z,-43.333589670000,-21.761652280000,"Rua Olga Burnier, 230"
412,PARQUE BURNIER.,10073589,22:10:00,4,0,0,0,2025-01-25T00:00:00.000Z,-43.326568960000,-21.763629600000,"Rua Adelaide Campos de Resende, 706"
412,PARQUE BURNIER.,10072362,22:10:00,3,0,0,0,2025-01-25T00:00:00.000Z,-43.327527760000,-21.762798310000,"Rua Natalino José de Paula, 310"
412,PARQUE BURNIER.,10072309,22:10:00,5,0,0,0,2025-01-25T00:00:00.000Z,-43.327273730000,-21.763967940000,"Rua José Teodoro dos Santos, 28"
412,PARQUE BURNIER.,10072363,22:10:00,2,0,0,0,2025-01-25T00:00:00.000Z,-43.327885630000,-21.762179390000,"Rua Natalino José de Paula, 288"
412,PARQUE BURNIER.,10072380,22:10:00,10,2,0,2,2025-01-25T00:00:00.000Z,-43.331466790000,-21.763337580000,"Rua Olga Burnier, 485"
412,PARQUE BURNIER.,10072386,22:10:00,7,0,0,0,2025-01-25T00:00:00.000Z,-43.328850270000,-21.762325320000,"Rua José Teodoro dos Santos, 292"
412,PARQUE BURNIER.,10072384,22:10:00,6,0,0,0,2025-01-25T00:00:00.000Z,-43.327999480000,-21.763301540000,"Rua José Teodoro dos Santos, 126"
412,PARQUE BURNIER.,10072358,22:10:00,1,0,0,0,2025-01-25T00:00:00.000Z,-43.328687310000,-21.761675740000,"Rua Natalino José de Paula, 112 - Ponto Final do Parque Burnier"
412,PARQUE BURNIER.,10071108,22:10:00,17,0,0,6,2025-01-25T00:00:00.000Z,-43.349331860000,-21.758144610000,"Avenida Getúlio Vargas, 835"
412,PARQUE BURNIER.,10074194,22:10:00,16,4,0,6,2025-01-25T00:00:00.000Z,-43.342338620000,-21.760505960000,"Rua Ângelo Falci, 55"
412,PARQUE BURNIER.,10072302,22:10:00,15,0,0,2,2025-01-25T00:00:00.000Z,-43.338029500000,-21.760323850000,"Avenida Sete de Setembro, 623"
412,PARQUE BURNIER.,10072332,22:10:00,14,0,0,2,2025-01-25T00:00:00.000Z,-43.335533860000,-21.760131640000,"Rua São Geraldo, 89"
412,PARQUE BURNIER.,10072337,22:10:00,13,0,0,2,2025-01-25T00:00:00.000Z,-43.334540130000,-21.760522960000,"Rua Olga Burnier, 67"
412,PARQUE BURNIER.,10072335,22:10:00,12,0,0,2,2025-01-25T00:00:00.000Z,-43.333453420000,-21.761562350000,"Rua Olga Burnier, 233"
412,PARQUE BURNIER.,10072382,22:10:00,11,0,0,2,2025-01-25T00:00:00.000Z,-43.332369450000,-21.762522520000,"Rua Olga Burnier, 361"
412,PARQUE BURNIER.,10073583,22:10:00,9,0,0,0,2025-01-25T00:00:00.000Z,-43.330207820000,-21.763072230000,"Rua Adelaide Campos de Resende, 1070"
412,PARQUE BURNIER.,10073584,22:10:00,8,0,0,0,2025-01-25T00:00:00.000Z,-43.329363350000,-21.763255450000,"Rua Adelaide Campos de Resende, 984"
412,PARQUE BURNIER.,10071108,22:30:00,1,10,0,10,2025-01-25T00:00:00.000Z,-43.349331860000,-21.758144610000,"Avenida Getúlio Vargas, 835"
412,PARQUE BURNIER.,10073557,22:30:00,6,0,0,9,2025-01-25T00:00:00.000Z,-43.332479840000,-21.762640710000,"Rua Olga Burnier, 356"
412,PARQUE BURNIER.,10073560,22:30:00,5,0,0,9,2025-01-25T00:00:00.000Z,-43.333589670000,-21.761652280000,"Rua Olga Burnier, 230"
412,PARQUE BURNIER.,10072296,22:30:00,9,0,0,9,2025-01-25T00:00:00.000Z,-43.329374790000,-21.763440430000,"Rua Adelaide Campos de Resende, 975"
412,PARQUE BURNIER.,10073558,22:30:00,4,0,1,9,2025-01-25T00:00:00.000Z,-43.334645750000,-21.760669710000,"Rua Olga Burnier, 70"
412,PARQUE BURNIER.,10072358,22:30:00,18,0,0,8,2025-01-25T00:00:00.000Z,-43.328687310000,-21.761675740000,"Rua Natalino José de Paula, 112 - Ponto Final do Parque Burnier"
412,PARQUE BURNIER.,10072356,22:30:00,17,0,0,8,2025-01-25T00:00:00.000Z,-43.327793950000,-21.762107030000,"Rua Natalino José de Paula, 271"
412,PARQUE BURNIER.,10072313,22:30:00,10,0,1,8,2025-01-25T00:00:00.000Z,-43.328846690000,-21.762504770000,"Rua José Teodoro dos Santos, 275"
412,PARQUE BURNIER.,10073552,22:30:00,3,0,0,10,2025-01-25T00:00:00.000Z,-43.335479020000,-21.760313550000,"Rua São Geraldo, 84"
412,PARQUE BURNIER.,10072375,22:30:00,16,0,0,8,2025-01-25T00:00:00.000Z,-43.327420830000,-21.762727850000,"Rua Natalino José de Paula, 319"
412,PARQUE BURNIER.,10071503,22:30:00,15,0,0,8,2025-01-25T00:00:00.000Z,-43.326207040000,-21.762717810000,"Rua Natalino José de Paula, 421"
412,PARQUE BURNIER.,10072359,22:30:00,14,0,0,8,2025-01-25T00:00:00.000Z,-43.326282500000,-21.763143540000,"Rua Adelaide Campos de Resende, 651"
412,PARQUE BURNIER.,10072328,22:30:00,13,0,0,8,2025-01-25T00:00:00.000Z,-43.326450350000,-21.763683320000,"Rua Adelaide Campos de Resende, 669"
412,PARQUE BURNIER.,10072377,22:30:00,12,0,0,8,2025-01-25T00:00:00.000Z,-43.327321890000,-21.764062650000,"Rua José Teodoro dos Santos, 25"
412,PARQUE BURNIER.,10072316,22:30:00,11,0,0,8,2025-01-25T00:00:00.000Z,-43.328204750000,-21.763332370000,"Rua José Teodoro dos Santos, 145"
412,PARQUE BURNIER.,10072305,22:30:00,2,0,0,10,2025-01-25T00:00:00.000Z,-43.337478970000,-21.760922950000,"Rua Djalma de Carvalho, 37"
412,PARQUE BURNIER.,10072301,22:30:00,8,0,0,9,2025-01-25T00:00:00.000Z,-43.330138330000,-21.763252970000,"Rua Adelaide Campos de Resende, 1061"
412,PARQUE BURNIER.,10073561,22:30:00,7,0,0,9,2025-01-25T00:00:00.000Z,-43.331552510000,-21.763418910000,"Rua Olga Burnier, 480"
412,PARQUE BURNIER.,10072386,06:00:00,7,0,0,12,2025-01-26T00:00:00.000Z,-43.328850270000,-21.762325320000,"Rua José Teodoro dos Santos, 292"
412,PARQUE BURNIER.,10072384,06:00:00,6,2,0,12,2025-01-26T00:00:00.000Z,-43.327999480000,-21.763301540000,"Rua José Teodoro dos Santos, 126"
412,PARQUE BURNIER.,10073584,06:00:00,8,0,0,12,2025-01-26T00:00:00.000Z,-43.329363350000,-21.763255450000,"Rua Adelaide Campos de Resende, 984"
412,PARQUE BURNIER.,10072309,06:00:00,5,1,0,10,2025-01-26T00:00:00.000Z,-43.327273730000,-21.763967940000,"Rua José Teodoro dos Santos, 28"
412,PARQUE BURNIER.,10071108,06:00:00,17,0,0,0,2025-01-26T00:00:00.000Z,-43.349331860000,-21.758144610000,"Avenida Getúlio Vargas, 835"
412,PARQUE BURNIER.,10074194,06:00:00,16,0,0,0,2025-01-26T00:00:00.000Z,-43.342338620000,-21.760505960000,"Rua Ângelo Falci, 55"
412,PARQUE BURNIER.,10072302,06:00:00,15,0,5,0,2025-01-26T00:00:00.000Z,-43.338029500000,-21.760323850000,"Avenida Sete de Setembro, 623"
412,PARQUE BURNIER.,10073589,06:00:00,4,7,0,9,2025-01-26T00:00:00.000Z,-43.326568960000,-21.763629600000,"Rua Adelaide Campos de Resende, 706"
412,PARQUE BURNIER.,10072332,06:00:00,14,0,5,5,2025-01-26T00:00:00.000Z,-43.335533860000,-21.760131640000,"Rua São Geraldo, 89"
412,PARQUE BURNIER.,10072337,06:00:00,13,0,3,10,2025-01-26T00:00:00.000Z,-43.334540130000,-21.760522960000,"Rua Olga Burnier, 67"
412,PARQUE BURNIER.,10072335,06:00:00,12,0,0,13,2025-01-26T00:00:00.000Z,-43.333453420000,-21.761562350000,"Rua Olga Burnier, 233"
412,PARQUE BURNIER.,10072382,06:00:00,11,1,0,13,2025-01-26T00:00:00.000Z,-43.332369450000,-21.762522520000,"Rua Olga Burnier, 361"
412,PARQUE BURNIER.,10072380,06:00:00,10,0,0,12,2025-01-26T00:00:00.000Z,-43.331466790000,-21.763337580000,"Rua Olga Burnier, 485"
412,PARQUE BURNIER.,10073583,06:00:00,9,0,0,12,2025-01-26T00:00:00.000Z,-43.330207820000,-21.763072230000,"Rua Adelaide Campos de Resende, 1070"
412,PARQUE BURNIER.,10072362,06:00:00,3,1,0,2,2025-01-26T00:00:00.000Z,-43.327527760000,-21.762798310000,"Rua Natalino José de Paula, 310"
412,PARQUE BURNIER.,10072363,06:00:00,2,1,0,1,2025-01-26T00:00:00.000Z,-43.327885630000,-21.762179390000,"Rua Natalino José de Paula, 288"
412,PARQUE BURNIER.,10072358,06:00:00,1,0,0,0,2025-01-26T00:00:00.000Z,-43.328687310000,-21.761675740000,"Rua Natalino José de Paula, 112 - Ponto Final do Parque Burnier"
412,PARQUE BURNIER.,10072358,07:00:00,1,0,0,0,2025-01-26T00:00:00.000Z,-43.328687310000,-21.761675740000,"Rua Natalino José de Paula, 112 - Ponto Final do Parque Burnier"
412,PARQUE BURNIER.,10072362,07:00:00,3,0,0,0,2025-01-26T00:00:00.000Z,-43.327527760000,-21.762798310000,"Rua Natalino José de Paula, 310"
412,PARQUE BURNIER.,10072363,07:00:00,2,0,0,0,2025-01-26T00:00:00.000Z,-43.327885630000,-21.762179390000,"Rua Natalino José de Paula, 288"
412,PARQUE BURNIER.,10073584,07:00:00,8,1,0,8,2025-01-26T00:00:00.000Z,-43.329363350000,-21.763255450000,"Rua Adelaide Campos de Resende, 984"
412,PARQUE BURNIER.,10072386,07:00:00,7,0,0,7,2025-01-26T00:00:00.000Z,-43.328850270000,-21.762325320000,"Rua José Teodoro dos Santos, 292"
412,PARQUE BURNIER.,10072332,07:00:00,14,0,5,0,2025-01-26T00:00:00.000Z,-43.335533860000,-21.760131640000,"Rua São Geraldo, 89"
412,PARQUE BURNIER.,10072384,07:00:00,6,0,0,7,2025-01-26T00:00:00.000Z,-43.327999480000,-21.763301540000,"Rua José Teodoro dos Santos, 126"
412,PARQUE BURNIER.,10071108,07:00:00,17,0,0,3,2025-01-26T00:00:00.000Z,-43.349331860000,-21.758144610000,"Avenida Getúlio Vargas, 835"
412,PARQUE BURNIER.,10074194,07:00:00,16,3,1,3,2025-01-26T00:00:00.000Z,-43.342338620000,-21.760505960000,"Rua Ângelo Falci, 55"
412,PARQUE BURNIER.,10072302,07:00:00,15,1,0,1,2025-01-26T00:00:00.000Z,-43.338029500000,-21.760323850000,"Avenida Sete de Setembro, 623"
412,PARQUE BURNIER.,10072309,07:00:00,5,3,0,7,2025-01-26T00:00:00.000Z,-43.327273730000,-21.763967940000,"Rua José Teodoro dos Santos, 28"
412,PARQUE BURNIER.,10072337,07:00:00,13,0,3,5,2025-01-26T00:00:00.000Z,-43.334540130000,-21.760522960000,"Rua Olga Burnier, 67"
412,PARQUE BURNIER.,10072335,07:00:00,12,0,0,8,2025-01-26T00:00:00.000Z,-43.333453420000,-21.761562350000,"Rua Olga Burnier, 233"
412,PARQUE BURNIER.,10072382,07:00:00,11,0,0,8,2025-01-26T00:00:00.000Z,-43.332369450000,-21.762522520000,"Rua Olga Burnier, 361"
412,PARQUE BURNIER.,10072380,07:00:00,10,0,0,8,2025-01-26T00:00:00.000Z,-43.331466790000,-21.763337580000,"Rua Olga Burnier, 485"
412,PARQUE BURNIER.,10073583,07:00:00,9,0,0,8,2025-01-26T00:00:00.000Z,-43.330207820000,-21.763072230000,"Rua Adelaide Campos de Resende, 1070"
412,PARQUE BURNIER.,10073589,07:00:00,4,4,0,4,2025-01-26T00:00:00.000Z,-43.326568960000,-21.763629600000,"Rua Adelaide Campos de Resende, 706"
412,PARQUE BURNIER.,10072305,07:25:00,2,0,0,1,2025-01-26T00:00:00.000Z,-43.337478970000,-21.760922950000,"Rua Djalma de Carvalho, 37"
412,PARQUE BURNIER.,10071108,07:25:00,1,1,0,1,2025-01-26T00:00:00.000Z,-43.349331860000,-21.758144610000,"Avenida Getúlio Vargas, 835"
412,PARQUE BURNIER.,10073552,07:25:00,3,0,0,1,2025-01-26T00:00:00.000Z,-43.335479020000,-21.760313550000,"Rua São Geraldo, 84"
412,PARQUE BURNIER.,10073558,07:25:00,4,0,0,1,2025-01-26T00:00:00.000Z,-43.334645750000,-21.760669710000,"Rua Olga Burnier, 70"
412,PARQUE BURNIER.,10072356,07:25:00,17,0,0,0,2025-01-26T00:00:00.000Z,-43.327793950000,-21.762107030000,"Rua Natalino José de Paula, 271"
412,PARQUE BURNIER.,10072328,07:25:00,13,0,0,0,2025-01-26T00:00:00.000Z,-43.326450350000,-21.763683320000,"Rua Adelaide Campos de Resende, 669"
412,PARQUE BURNIER.,10072358,07:25:00,18,6,0,6,2025-01-26T00:00:00.000Z,-43.328687310000,-21.761675740000,"Rua Natalino José de Paula, 112 - Ponto Final do Parque Burnier"
412,PARQUE BURNIER.,10072301,07:25:00,8,0,0,1,2025-01-26T00:00:00.000Z,-43.330138330000,-21.763252970000,"Rua Adelaide Campos de Resende, 1061"
412,PARQUE BURNIER.,10072375,07:25:00,16,0,0,0,2025-01-26T00:00:00.000Z,-43.327420830000,-21.762727850000,"Rua Natalino José de Paula, 319"
412,PARQUE BURNIER.,10071503,07:25:00,15,0,0,0,2025-01-26T00:00:00.000Z,-43.326207040000,-21.762717810000,"Rua Natalino José de Paula, 421"
412,PARQUE BURNIER.,10072359,07:25:00,14,0,0,0,2025-01-26T00:00:00.000Z,-43.326282500000,-21.763143540000,"Rua Adelaide Campos de Resende, 651"
412,PARQUE BURNIER.,10073561,07:25:00,7,0,0,1,2025-01-26T00:00:00.000Z,-43.331552510000,-21.763418910000,"Rua Olga Burnier, 480"
412,PARQUE BURNIER.,10072377,07:25:00,12,0,1,0,2025-01-26T00:00:00.000Z,-43.327321890000,-21.764062650000,"Rua José Teodoro dos Santos, 25"
412,PARQUE BURNIER.,10072316,07:25:00,11,0,0,1,2025-01-26T00:00:00.000Z,-43.328204750000,-21.763332370000,"Rua José Teodoro dos Santos, 145"
412,PARQUE BURNIER.,10072313,07:25:00,10,0,0,1,2025-01-26T00:00:00.000Z,-43.328846690000,-21.762504770000,"Rua José Teodoro dos Santos, 275"
412,PARQUE BURNIER.,10072296,07:25:00,9,0,0,1,2025-01-26T00:00:00.000Z,-43.329374790000,-21.763440430000,"Rua Adelaide Campos de Resende, 975"
412,PARQUE BURNIER.,10073557,07:25:00,6,0,0,1,2025-01-26T00:00:00.000Z,-43.332479840000,-21.762640710000,"Rua Olga Burnier, 356"
412,PARQUE BURNIER.,10073560,07:25:00,5,0,0,1,2025-01-26T00:00:00.000Z,-43.333589670000,-21.761652280000,"Rua Olga Burnier, 230"
412,PARQUE BURNIER.,10072362,08:00:00,3,3,0,3,2025-01-26T00:00:00.000Z,-43.327527760000,-21.762798310000,"Rua Natalino José de Paula, 310"
412,PARQUE BURNIER.,10072363,08:00:00,2,0,0,0,2025-01-26T00:00:00.000Z,-43.327885630000,-21.762179390000,"Rua Natalino José de Paula, 288"
412,PARQUE BURNIER.,10073589,08:00:00,4,3,0,6,2025-01-26T00:00:00.000Z,-43.326568960000,-21.763629600000,"Rua Adelaide Campos de Resende, 706"
412,PARQUE BURNIER.,10072358,08:00:00,1,0,0,0,2025-01-26T00:00:00.000Z,-43.328687310000,-21.761675740000,"Rua Natalino José de Paula, 112 - Ponto Final do Parque Burnier"
412,PARQUE BURNIER.,10072384,08:00:00,6,2,0,8,2025-01-26T00:00:00.000Z,-43.327999480000,-21.763301540000,"Rua José Teodoro dos Santos, 126"
412,PARQUE BURNIER.,10072309,08:00:00,5,0,0,6,2025-01-26T00:00:00.000Z,-43.327273730000,-21.763967940000,"Rua José Teodoro dos Santos, 28"
412,PARQUE BURNIER.,10071108,08:00:00,17,0,2,9,2025-01-26T00:00:00.000Z,-43.349331860000,-21.758144610000,"Avenida Getúlio Vargas, 835"
412,PARQUE BURNIER.,10072302,08:00:00,15,0,0,8,2025-01-26T00:00:00.000Z,-43.338029500000,-21.760323850000,"Avenida Sete de Setembro, 623"
412,PARQUE BURNIER.,10074194,08:00:00,16,3,0,11,2025-01-26T00:00:00.000Z,-43.342338620000,-21.760505960000,"Rua Ângelo Falci, 55"
412,PARQUE BURNIER.,10072382,08:00:00,11,0,0,8,2025-01-26T00:00:00.000Z,-43.332369450000,-21.762522520000,"Rua Olga Burnier, 361"
412,PARQUE BURNIER.,10072332,08:00:00,14,0,0,8,2025-01-26T00:00:00.000Z,-43.335533860000,-21.760131640000,"Rua São Geraldo, 89"
412,PARQUE BURNIER.,10072337,08:00:00,13,0,0,8,2025-01-26T00:00:00.000Z,-43.334540130000,-21.760522960000,"Rua Olga Burnier, 67"
412,PARQUE BURNIER.,10072335,08:00:00,12,0,0,8,2025-01-26T00:00:00.000Z,-43.333453420000,-21.761562350000,"Rua Olga Burnier, 233"
412,PARQUE BURNIER.,10073584,08:00:00,8,1,0,9,2025-01-26T00:00:00.000Z,-43.329363350000,-21.763255450000,"Rua Adelaide Campos de Resende, 984"
412,PARQUE BURNIER.,10072380,08:00:00,10,0,0,8,2025-01-26T00:00:00.000Z,-43.331466790000,-21.763337580000,"Rua Olga Burnier, 485"
412,PARQUE BURNIER.,10073583,08:00:00,9,0,1,8,2025-01-26T00:00:00.000Z,-43.330207820000,-21.763072230000,"Rua Adelaide Campos de Resende, 1070"
412,PARQUE BURNIER.,10072386,08:00:00,7,0,0,8,2025-01-26T00:00:00.000Z,-43.328850270000,-21.762325320000,"Rua José Teodoro dos Santos, 292"
412,PARQUE BURNIER.,10071108,08:25:00,1,0,0,0,2025-01-26T00:00:00.000Z,-43.349331860000,-21.758144610000,"Avenida Getúlio Vargas, 835"
412,PARQUE BURNIER.,10072358,08:25:00,18,0,0,0,2025-01-26T00:00:00.000Z,-43.328687310000,-21.761675740000,"Rua Natalino José de Paula, 112 - Ponto Final do Parque Burnier"
412,PARQUE BURNIER.,10073552,08:25:00,3,5,0,11,2025-01-26T00:00:00.000Z,-43.335479020000,-21.760313550000,"Rua São Geraldo, 84"
412,PARQUE BURNIER.,10072305,08:25:00,2,6,0,6,2025-01-26T00:00:00.000Z,-43.337478970000,-21.760922950000,"Rua Djalma de Carvalho, 37"
412,PARQUE BURNIER.,10072356,08:25:00,17,0,0,0,2025-01-26T00:00:00.000Z,-43.327793950000,-21.762107030000,"Rua Natalino José de Paula, 271"
412,PARQUE BURNIER.,10072375,08:25:00,16,0,1,0,2025-01-26T00:00:00.000Z,-43.327420830000,-21.762727850000,"Rua Natalino José de Paula, 319"
412,PARQUE BURNIER.,10071503,08:25:00,15,1,0,1,2025-01-26T00:00:00.000Z,-43.326207040000,-21.762717810000,"Rua Natalino José de Paula, 421"
412,PARQUE BURNIER.,10072359,08:25:00,14,0,3,0,2025-01-26T00:00:00.000Z,-43.326282500000,-21.763143540000,"Rua Adelaide Campos de Resende, 651"
412,PARQUE BURNIER.,10072328,08:25:00,13,0,7,3,2025-01-26T00:00:00.000Z,-43.326450350000,-21.763683320000,"Rua Adelaide Campos de Resende, 669"
412,PARQUE BURNIER.,10072377,08:25:00,12,0,1,10,2025-01-26T00:00:00.000Z,-43.327321890000,-21.764062650000,"Rua José Teodoro dos Santos, 25"
412,PARQUE BURNIER.,10072316,08:25:00,11,0,2,11,2025-01-26T00:00:00.000Z,-43.328204750000,-21.763332370000,"Rua José Teodoro dos Santos, 145"
412,PARQUE BURNIER.,10072313,08:25:00,10,0,0,13,2025-01-26T00:00:00.000Z,-43.328846690000,-21.762504770000,"Rua José Teodoro dos Santos, 275"
412,PARQUE BURNIER.,10072296,08:25:00,9,0,0,13,2025-01-26T00:00:00.000Z,-43.329374790000,-21.763440430000,"Rua Adelaide Campos de Resende, 975"
412,PARQUE BURNIER.,10072301,08:25:00,8,0,0,13,2025-01-26T00:00:00.000Z,-43.330138330000,-21.763252970000,"Rua Adelaide Campos de Resende, 1061"
412,PARQUE BURNIER.,10073561,08:25:00,7,0,0,13,2025-01-26T00:00:00.000Z,-43.331552510000,-21.763418910000,"Rua Olga Burnier, 480"
412,PARQUE BURNIER.,10073557,08:25:00,6,0,1,13,2025-01-26T00:00:00.000Z,-43.332479840000,-21.762640710000,"Rua Olga Burnier, 356"
412,PARQUE BURNIER.,10073560,08:25:00,5,0,0,14,2025-01-26T00:00:00.000Z,-43.333589670000,-21.761652280000,"Rua Olga Burnier, 230"
412,PARQUE BURNIER.,10073558,08:25:00,4,3,0,14,2025-01-26T00:00:00.000Z,-43.334645750000,-21.760669710000,"Rua Olga Burnier, 70"
412,PARQUE BURNIER.,10073552,13:25:00,3,0,0,11,2025-01-26T00:00:00.000Z,-43.335479020000,-21.760313550000,"Rua São Geraldo, 84"
412,PARQUE BURNIER.,10072305,13:25:00,2,0,4,11,2025-01-26T00:00:00.000Z,-43.337478970000,-21.760922950000,"Rua Djalma de Carvalho, 37"
412,PARQUE BURNIER.,10071108,13:25:00,1,15,0,15,2025-01-26T00:00:00.000Z,-43.349331860000,-21.758144610000,"Avenida Getúlio Vargas, 835"
412,PARQUE BURNIER.,10073561,13:25:00,7,1,0,8,2025-01-26T00:00:00.000Z,-43.331552510000,-21.763418910000,"Rua Olga Burnier, 480"
412,PARQUE BURNIER.,10073557,13:25:00,6,0,0,7,2025-01-26T00:00:00.000Z,-43.332479840000,-21.762640710000,"Rua Olga Burnier, 356"
412,PARQUE BURNIER.,10072375,13:25:00,16,0,1,0,2025-01-26T00:00:00.000Z,-43.327420830000,-21.762727850000,"Rua Natalino José de Paula, 319"
412,PARQUE BURNIER.,10073560,13:25:00,5,0,0,7,2025-01-26T00:00:00.000Z,-43.333589670000,-21.761652280000,"Rua Olga Burnier, 230"
412,PARQUE BURNIER.,10072358,13:25:00,18,2,0,2,2025-01-26T00:00:00.000Z,-43.328687310000,-21.761675740000,"Rua Natalino José de Paula, 112 - Ponto Final do Parque Burnier"
412,PARQUE BURNIER.,10072356,13:25:00,17,0,0,0,2025-01-26T00:00:00.000Z,-43.327793950000,-21.762107030000,"Rua Natalino José de Paula, 271"
412,PARQUE BURNIER.,10073558,13:25:00,4,0,4,7,2025-01-26T00:00:00.000Z,-43.334645750000,-21.760669710000,"Rua Olga Burnier, 70"
412,PARQUE BURNIER.,10071503,13:25:00,15,1,0,1,2025-01-26T00:00:00.000Z,-43.326207040000,-21.762717810000,"Rua Natalino José de Paula, 421"
412,PARQUE BURNIER.,10072359,13:25:00,14,0,2,0,2025-01-26T00:00:00.000Z,-43.326282500000,-21.763143540000,"Rua Adelaide Campos de Resende, 651"
412,PARQUE BURNIER.,10072328,13:25:00,13,0,3,2,2025-01-26T00:00:00.000Z,-43.326450350000,-21.763683320000,"Rua Adelaide Campos de Resende, 669"
412,PARQUE BURNIER.,10072377,13:25:00,12,0,0,5,2025-01-26T00:00:00.000Z,-43.327321890000,-21.764062650000,"Rua José Teodoro dos Santos, 25"
412,PARQUE BURNIER.,10072316,13:25:00,11,0,0,5,2025-01-26T00:00:00.000Z,-43.328204750000,-21.763332370000,"Rua José Teodoro dos Santos, 145"
412,PARQUE BURNIER.,10072313,13:25:00,10,0,3,5,2025-01-26T00:00:00.000Z,-43.328846690000,-21.762504770000,"Rua José Teodoro dos Santos, 275"
412,PARQUE BURNIER.,10072296,13:25:00,9,0,0,8,2025-01-26T00:00:00.000Z,-43.329374790000,-21.763440430000,"Rua Adelaide Campos de Resende, 975"
412,PARQUE BURNIER.,10072301,13:25:00,8,0,0,8,2025-01-26T00:00:00.000Z,-43.330138330000,-21.763252970000,"Rua Adelaide Campos de Resende, 1061"
412,PARQUE BURNIER.,10072358,14:00:00,1,0,0,0,2025-01-26T00:00:00.000Z,-43.328687310000,-21.761675740000,"Rua Natalino José de Paula, 112 - Ponto Final do Parque Burnier"
412,PARQUE BURNIER.,10073589,14:00:00,4,0,0,0,2025-01-26T00:00:00.000Z,-43.326568960000,-21.763629600000,"Rua Adelaide Campos de Resende, 706"
412,PARQUE BURNIER.,10072362,14:00:00,3,0,0,0,2025-01-26T00:00:00.000Z,-43.327527760000,-21.762798310000,"Rua Natalino José de Paula, 310"
412,PARQUE BURNIER.,10072363,14:00:00,2,0,0,0,2025-01-26T00:00:00.000Z,-43.327885630000,-21.762179390000,"Rua Natalino José de Paula, 288"
412,PARQUE BURNIER.,10072302,14:00:00,15,4,0,4,2025-01-26T00:00:00.000Z,-43.338029500000,-21.760323850000,"Avenida Sete de Setembro, 623"
412,PARQUE BURNIER.,10072332,14:00:00,14,0,0,0,2025-01-26T00:00:00.000Z,-43.335533860000,-21.760131640000,"Rua São Geraldo, 89"
412,PARQUE BURNIER.,10074194,14:00:00,16,6,1,9,2025-01-26T00:00:00.000Z,-43.342338620000,-21.760505960000,"Rua Ângelo Falci, 55"
412,PARQUE BURNIER.,10072384,14:00:00,6,0,0,0,2025-01-26T00:00:00.000Z,-43.327999480000,-21.763301540000,"Rua José Teodoro dos Santos, 126"
412,PARQUE BURNIER.,10071108,14:00:00,17,0,0,9,2025-01-26T00:00:00.000Z,-43.349331860000,-21.758144610000,"Avenida Getúlio Vargas, 835"
412,PARQUE BURNIER.,10072309,14:00:00,5,0,0,0,2025-01-26T00:00:00.000Z,-43.327273730000,-21.763967940000,"Rua José Teodoro dos Santos, 28"
412,PARQUE BURNIER.,10072337,14:00:00,13,0,1,0,2025-01-26T00:00:00.000Z,-43.334540130000,-21.760522960000,"Rua Olga Burnier, 67"
412,PARQUE BURNIER.,10072335,14:00:00,12,0,0,1,2025-01-26T00:00:00.000Z,-43.333453420000,-21.761562350000,"Rua Olga Burnier, 233"
412,PARQUE BURNIER.,10072382,14:00:00,11,0,0,1,2025-01-26T00:00:00.000Z,-43.332369450000,-21.762522520000,"Rua Olga Burnier, 361"
412,PARQUE BURNIER.,10072380,14:00:00,10,0,0,1,2025-01-26T00:00:00.000Z,-43.331466790000,-21.763337580000,"Rua Olga Burnier, 485"
412,PARQUE BURNIER.,10073583,14:00:00,9,0,0,1,2025-01-26T00:00:00.000Z,-43.330207820000,-21.763072230000,"Rua Adelaide Campos de Resende, 1070"
412,PARQUE BURNIER.,10073584,14:00:00,8,0,0,1,2025-01-26T00:00:00.000Z,-43.329363350000,-21.763255450000,"Rua Adelaide Campos de Resende, 984"
412,PARQUE BURNIER.,10072386,14:00:00,7,1,0,1,2025-01-26T00:00:00.000Z,-43.328850270000,-21.762325320000,"Rua José Teodoro dos Santos, 292"
412,PARQUE BURNIER.,10072358,15:00:00,1,0,0,0,2025-01-26T00:00:00.000Z,-43.328687310000,-21.761675740000,"Rua Natalino José de Paula, 112 - Ponto Final do Parque Burnier"
412,PARQUE BURNIER.,10072363,15:00:00,2,0,0,0,2025-01-26T00:00:00.000Z,-43.327885630000,-21.762179390000,"Rua Natalino José de Paula, 288"
412,PARQUE BURNIER.,10072309,15:00:00,5,0,0,2,2025-01-26T00:00:00.000Z,-43.327273730000,-21.763967940000,"Rua José Teodoro dos Santos, 28"
412,PARQUE BURNIER.,10073589,15:00:00,4,1,1,2,2025-01-26T00:00:00.000Z,-43.326568960000,-21.763629600000,"Rua Adelaide Campos de Resende, 706"
412,PARQUE BURNIER.,10072362,15:00:00,3,2,0,2,2025-01-26T00:00:00.000Z,-43.327527760000,-21.762798310000,"Rua Natalino José de Paula, 310"
412,PARQUE BURNIER.,10072332,15:00:00,14,0,0,1,2025-01-26T00:00:00.000Z,-43.335533860000,-21.760131640000,"Rua São Geraldo, 89"
412,PARQUE BURNIER.,10072337,15:00:00,13,1,5,1,2025-01-26T00:00:00.000Z,-43.334540130000,-21.760522960000,"Rua Olga Burnier, 67"
412,PARQUE BURNIER.,10071108,15:00:00,17,0,0,4,2025-01-26T00:00:00.000Z,-43.349331860000,-21.758144610000,"Avenida Getúlio Vargas, 835"
412,PARQUE BURNIER.,10072386,15:00:00,7,2,0,4,2025-01-26T00:00:00.000Z,-43.328850270000,-21.762325320000,"Rua José Teodoro dos Santos, 292"
412,PARQUE BURNIER.,10074194,15:00:00,16,4,0,4,2025-01-26T00:00:00.000Z,-43.342338620000,-21.760505960000,"Rua Ângelo Falci, 55"
412,PARQUE BURNIER.,10072302,15:00:00,15,0,1,0,2025-01-26T00:00:00.000Z,-43.338029500000,-21.760323850000,"Avenida Sete de Setembro, 623"
412,PARQUE BURNIER.,10072384,15:00:00,6,0,0,2,2025-01-26T00:00:00.000Z,-43.327999480000,-21.763301540000,"Rua José Teodoro dos Santos, 126"
412,PARQUE BURNIER.,10072335,15:00:00,12,0,0,5,2025-01-26T00:00:00.000Z,-43.333453420000,-21.761562350000,"Rua Olga Burnier, 233"
412,PARQUE BURNIER.,10072382,15:00:00,11,0,0,5,2025-01-26T00:00:00.000Z,-43.332369450000,-21.762522520000,"Rua Olga Burnier, 361"
412,PARQUE BURNIER.,10072380,15:00:00,10,1,0,5,2025-01-26T00:00:00.000Z,-43.331466790000,-21.763337580000,"Rua Olga Burnier, 485"
412,PARQUE BURNIER.,10073583,15:00:00,9,0,0,4,2025-01-26T00:00:00.000Z,-43.330207820000,-21.763072230000,"Rua Adelaide Campos de Resende, 1070"
412,PARQUE BURNIER.,10073584,15:00:00,8,0,0,4,2025-01-26T00:00:00.000Z,-43.329363350000,-21.763255450000,"Rua Adelaide Campos de Resende, 984"
412,PARQUE BURNIER.,10072363,18:00:00,2,3,0,3,2025-01-26T00:00:00.000Z,-43.327885630000,-21.762179390000,"Rua Natalino José de Paula, 288"
412,PARQUE BURNIER.,10072358,18:00:00,1,0,0,0,2025-01-26T00:00:00.000Z,-43.328687310000,-21.761675740000,"Rua Natalino José de Paula, 112 - Ponto Final do Parque Burnier"
412,PARQUE BURNIER.,10072362,18:00:00,3,0,0,3,2025-01-26T00:00:00.000Z,-43.327527760000,-21.762798310000,"Rua Natalino José de Paula, 310"
412,PARQUE BURNIER.,10072335,18:00:00,12,0,0,3,2025-01-26T00:00:00.000Z,-43.333453420000,-21.761562350000,"Rua Olga Burnier, 233"
412,PARQUE BURNIER.,10072309,18:00:00,5,0,0,3,2025-01-26T00:00:00.000Z,-43.327273730000,-21.763967940000,"Rua José Teodoro dos Santos, 28"
412,PARQUE BURNIER.,10073589,18:00:00,4,0,0,3,2025-01-26T00:00:00.000Z,-43.326568960000,-21.763629600000,"Rua Adelaide Campos de Resende, 706"
412,PARQUE BURNIER.,10074194,18:00:00,16,3,0,8,2025-01-26T00:00:00.000Z,-43.342338620000,-21.760505960000,"Rua Ângelo Falci, 55"
412,PARQUE BURNIER.,10072302,18:00:00,15,2,0,5,2025-01-26T00:00:00.000Z,-43.338029500000,-21.760323850000,"Avenida Sete de Setembro, 623"
412,PARQUE BURNIER.,10071108,18:00:00,17,0,2,6,2025-01-26T00:00:00.000Z,-43.349331860000,-21.758144610000,"Avenida Getúlio Vargas, 835"
412,PARQUE BURNIER.,10072332,18:00:00,14,0,0,3,2025-01-26T00:00:00.000Z,-43.335533860000,-21.760131640000,"Rua São Geraldo, 89"
412,PARQUE BURNIER.,10072337,18:00:00,13,0,0,3,2025-01-26T00:00:00.000Z,-43.334540130000,-21.760522960000,"Rua Olga Burnier, 67"
412,PARQUE BURNIER.,10072382,18:00:00,11,0,0,3,2025-01-26T00:00:00.000Z,-43.332369450000,-21.762522520000,"Rua Olga Burnier, 361"
412,PARQUE BURNIER.,10072380,18:00:00,10,0,0,3,2025-01-26T00:00:00.000Z,-43.331466790000,-21.763337580000,"Rua Olga Burnier, 485"
412,PARQUE BURNIER.,10073583,18:00:00,9,0,1,3,2025-01-26T00:00:00.000Z,-43.330207820000,-21.763072230000,"Rua Adelaide Campos de Resende, 1070"
412,PARQUE BURNIER.,10073584,18:00:00,8,0,0,4,2025-01-26T00:00:00.000Z,-43.329363350000,-21.763255450000,"Rua Adelaide Campos de Resende, 984"
412,PARQUE BURNIER.,10072386,18:00:00,7,0,0,4,2025-01-26T00:00:00.000Z,-43.328850270000,-21.762325320000,"Rua José Teodoro dos Santos, 292"
412,PARQUE BURNIER.,10072384,18:00:00,6,1,0,4,2025-01-26T00:00:00.000Z,-43.327999480000,-21.763301540000,"Rua José Teodoro dos Santos, 126"
412,PARQUE BURNIER.,10072362,19:00:00,3,0,0,2,2025-01-26T00:00:00.000Z,-43.327527760000,-21.762798310000,"Rua Natalino José de Paula, 310"
412,PARQUE BURNIER.,10072363,19:00:00,2,2,0,2,2025-01-26T00:00:00.000Z,-43.327885630000,-21.762179390000,"Rua Natalino José de Paula, 288"
412,PARQUE BURNIER.,10073589,19:00:00,4,1,0,3,2025-01-26T00:00:00.000Z,-43.326568960000,-21.763629600000,"Rua Adelaide Campos de Resende, 706"
412,PARQUE BURNIER.,10072358,19:00:00,1,0,0,0,2025-01-26T00:00:00.000Z,-43.328687310000,-21.761675740000,"Rua Natalino José de Paula, 112 - Ponto Final do Parque Burnier"
412,PARQUE BURNIER.,10072386,19:00:00,7,0,0,4,2025-01-26T00:00:00.000Z,-43.328850270000,-21.762325320000,"Rua José Teodoro dos Santos, 292"
412,PARQUE BURNIER.,10072384,19:00:00,6,0,0,4,2025-01-26T00:00:00.000Z,-43.327999480000,-21.763301540000,"Rua José Teodoro dos Santos, 126"
412,PARQUE BURNIER.,10072309,19:00:00,5,1,0,4,2025-01-26T00:00:00.000Z,-43.327273730000,-21.763967940000,"Rua José Teodoro dos Santos, 28"
412,PARQUE BURNIER.,10071108,19:00:00,17,0,1,5,2025-01-26T00:00:00.000Z,-43.349331860000,-21.758144610000,"Avenida Getúlio Vargas, 835"
412,PARQUE BURNIER.,10072302,19:00:00,15,0,0,4,2025-01-26T00:00:00.000Z,-43.338029500000,-21.760323850000,"Avenida Sete de Setembro, 623"
412,PARQUE BURNIER.,10074194,19:00:00,16,2,0,6,2025-01-26T00:00:00.000Z,-43.342338620000,-21.760505960000,"Rua Ângelo Falci, 55"
412,PARQUE BURNIER.,10072335,19:00:00,12,0,0,4,2025-01-26T00:00:00.000Z,-43.333453420000,-21.761562350000,"Rua Olga Burnier, 233"
412,PARQUE BURNIER.,10072332,19:00:00,14,0,0,4,2025-01-26T00:00:00.000Z,-43.335533860000,-21.760131640000,"Rua São Geraldo, 89"
412,PARQUE BURNIER.,10072337,19:00:00,13,0,0,4,2025-01-26T00:00:00.000Z,-43.334540130000,-21.760522960000,"Rua Olga Burnier, 67"
412,PARQUE BURNIER.,10072382,19:00:00,11,0,0,4,2025-01-26T00:00:00.000Z,-43.332369450000,-21.762522520000,"Rua Olga Burnier, 361"
412,PARQUE BURNIER.,10072380,19:00:00,10,0,0,4,2025-01-26T00:00:00.000Z,-43.331466790000,-21.763337580000,"Rua Olga Burnier, 485"
412,PARQUE BURNIER.,10073583,19:00:00,9,0,0,4,2025-01-26T00:00:00.000Z,-43.330207820000,-21.763072230000,"Rua Adelaide Campos de Resende, 1070"
412,PARQUE BURNIER.,10073584,19:00:00,8,0,0,4,2025-01-26T00:00:00.000Z,-43.329363350000,-21.763255450000,"Rua Adelaide Campos de Resende, 984"
412,PARQUE BURNIER.,10073589,20:00:00,4,3,0,7,2025-01-26T00:00:00.000Z,-43.326568960000,-21.763629600000,"Rua Adelaide Campos de Resende, 706"
412,PARQUE BURNIER.,10072362,20:00:00,3,3,0,4,2025-01-26T00:00:00.000Z,-43.327527760000,-21.762798310000,"Rua Natalino José de Paula, 310"
412,PARQUE BURNIER.,10072309,20:00:00,5,0,0,7,2025-01-26T00:00:00.000Z,-43.327273730000,-21.763967940000,"Rua José Teodoro dos Santos, 28"
412,PARQUE BURNIER.,10072363,20:00:00,2,1,0,1,2025-01-26T00:00:00.000Z,-43.327885630000,-21.762179390000,"Rua Natalino José de Paula, 288"
412,PARQUE BURNIER.,10072382,20:00:00,11,0,0,10,2025-01-26T00:00:00.000Z,-43.332369450000,-21.762522520000,"Rua Olga Burnier, 361"
412,PARQUE BURNIER.,10072380,20:00:00,10,0,0,10,2025-01-26T00:00:00.000Z,-43.331466790000,-21.763337580000,"Rua Olga Burnier, 485"
412,PARQUE BURNIER.,10072384,20:00:00,6,0,0,7,2025-01-26T00:00:00.000Z,-43.327999480000,-21.763301540000,"Rua José Teodoro dos Santos, 126"
412,PARQUE BURNIER.,10072358,20:00:00,1,0,0,0,2025-01-26T00:00:00.000Z,-43.328687310000,-21.761675740000,"Rua Natalino José de Paula, 112 - Ponto Final do Parque Burnier"
412,PARQUE BURNIER.,10071108,20:00:00,17,0,16,0,2025-01-26T00:00:00.000Z,-43.349331860000,-21.758144610000,"Avenida Getúlio Vargas, 835"
412,PARQUE BURNIER.,10074194,20:00:00,16,5,3,16,2025-01-26T00:00:00.000Z,-43.342338620000,-21.760505960000,"Rua Ângelo Falci, 55"
412,PARQUE BURNIER.,10072302,20:00:00,15,4,3,14,2025-01-26T00:00:00.000Z,-43.338029500000,-21.760323850000,"Avenida Sete de Setembro, 623"
412,PARQUE BURNIER.,10072332,20:00:00,14,0,1,13,2025-01-26T00:00:00.000Z,-43.335533860000,-21.760131640000,"Rua São Geraldo, 89"
412,PARQUE BURNIER.,10072337,20:00:00,13,4,0,14,2025-01-26T00:00:00.000Z,-43.334540130000,-21.760522960000,"Rua Olga Burnier, 67"
412,PARQUE BURNIER.,10072335,20:00:00,12,0,0,10,2025-01-26T00:00:00.000Z,-43.333453420000,-21.761562350000,"Rua Olga Burnier, 233"
412,PARQUE BURNIER.,10073583,20:00:00,9,0,0,10,2025-01-26T00:00:00.000Z,-43.330207820000,-21.763072230000,"Rua Adelaide Campos de Resende, 1070"
412,PARQUE BURNIER.,10073584,20:00:00,8,0,0,10,2025-01-26T00:00:00.000Z,-43.329363350000,-21.763255450000,"Rua Adelaide Campos de Resende, 984"
412,PARQUE BURNIER.,10072386,20:00:00,7,3,0,10,2025-01-26T00:00:00.000Z,-43.328850270000,-21.762325320000,"Rua José Teodoro dos Santos, 292"
412,PARQUE BURNIER.,10072309,21:00:00,5,2,0,7,2025-01-26T00:00:00.000Z,-43.327273730000,-21.763967940000,"Rua José Teodoro dos Santos, 28"
412,PARQUE BURNIER.,10073589,21:00:00,4,0,0,5,2025-01-26T00:00:00.000Z,-43.326568960000,-21.763629600000,"Rua Adelaide Campos de Resende, 706"
412,PARQUE BURNIER.,10072384,21:00:00,6,1,0,8,2025-01-26T00:00:00.000Z,-43.327999480000,-21.763301540000,"Rua José Teodoro dos Santos, 126"
412,PARQUE BURNIER.,10072362,21:00:00,3,5,0,5,2025-01-26T00:00:00.000Z,-43.327527760000,-21.762798310000,"Rua Natalino José de Paula, 310"
412,PARQUE BURNIER.,10071108,21:00:00,17,0,0,1,2025-01-26T00:00:00.000Z,-43.349331860000,-21.758144610000,"Avenida Getúlio Vargas, 835"
412,PARQUE BURNIER.,10073583,21:00:00,9,0,0,9,2025-01-26T00:00:00.000Z,-43.330207820000,-21.763072230000,"Rua Adelaide Campos de Resende, 1070"
412,PARQUE BURNIER.,10072386,21:00:00,7,1,0,9,2025-01-26T00:00:00.000Z,-43.328850270000,-21.762325320000,"Rua José Teodoro dos Santos, 292"
412,PARQUE BURNIER.,10072363,21:00:00,2,0,0,0,2025-01-26T00:00:00.000Z,-43.327885630000,-21.762179390000,"Rua Natalino José de Paula, 288"
412,PARQUE BURNIER.,10074194,21:00:00,16,1,0,1,2025-01-26T00:00:00.000Z,-43.342338620000,-21.760505960000,"Rua Ângelo Falci, 55"
412,PARQUE BURNIER.,10072302,21:00:00,15,0,6,0,2025-01-26T00:00:00.000Z,-43.338029500000,-21.760323850000,"Avenida Sete de Setembro, 623"
412,PARQUE BURNIER.,10072332,21:00:00,14,0,5,6,2025-01-26T00:00:00.000Z,-43.335533860000,-21.760131640000,"Rua São Geraldo, 89"
412,PARQUE BURNIER.,10072337,21:00:00,13,0,3,11,2025-01-26T00:00:00.000Z,-43.334540130000,-21.760522960000,"Rua Olga Burnier, 67"
412,PARQUE BURNIER.,10072335,21:00:00,12,0,0,14,2025-01-26T00:00:00.000Z,-43.333453420000,-21.761562350000,"Rua Olga Burnier, 233"
412,PARQUE BURNIER.,10072382,21:00:00,11,1,0,14,2025-01-26T00:00:00.000Z,-43.332369450000,-21.762522520000,"Rua Olga Burnier, 361"
412,PARQUE BURNIER.,10072380,21:00:00,10,4,0,13,2025-01-26T00:00:00.000Z,-43.331466790000,-21.763337580000,"Rua Olga Burnier, 485"
412,PARQUE BURNIER.,10072358,21:00:00,1,0,0,0,2025-01-26T00:00:00.000Z,-43.328687310000,-21.761675740000,"Rua Natalino José de Paula, 112 - Ponto Final do Parque Burnier"
412,PARQUE BURNIER.,10073584,21:00:00,8,0,0,9,2025-01-26T00:00:00.000Z,-43.329363350000,-21.763255450000,"Rua Adelaide Campos de Resende, 984"
412,PARQUE BURNIER.,10072358,22:00:00,1,0,0,0,2025-01-26T00:00:00.000Z,-43.328687310000,-21.761675740000,"Rua Natalino José de Paula, 112 - Ponto Final do Parque Burnier"
412,PARQUE BURNIER.,10073583,22:00:00,9,0,0,1,2025-01-26T00:00:00.000Z,-43.330207820000,-21.763072230000,"Rua Adelaide Campos de Resende, 1070"
412,PARQUE BURNIER.,10073584,22:00:00,8,0,0,1,2025-01-26T00:00:00.000Z,-43.329363350000,-21.763255450000,"Rua Adelaide Campos de Resende, 984"
412,PARQUE BURNIER.,10072380,22:00:00,10,0,0,1,2025-01-26T00:00:00.000Z,-43.331466790000,-21.763337580000,"Rua Olga Burnier, 485"
412,PARQUE BURNIER.,10073589,22:00:00,4,0,0,1,2025-01-26T00:00:00.000Z,-43.326568960000,-21.763629600000,"Rua Adelaide Campos de Resende, 706"
412,PARQUE BURNIER.,10071108,22:00:00,17,0,1,5,2025-01-26T00:00:00.000Z,-43.349331860000,-21.758144610000,"Avenida Getúlio Vargas, 835"
412,PARQUE BURNIER.,10074194,22:00:00,16,4,0,6,2025-01-26T00:00:00.000Z,-43.342338620000,-21.760505960000,"Rua Ângelo Falci, 55"
412,PARQUE BURNIER.,10072382,22:00:00,11,0,0,1,2025-01-26T00:00:00.000Z,-43.332369450000,-21.762522520000,"Rua Olga Burnier, 361"
412,PARQUE BURNIER.,10072362,22:00:00,3,1,0,1,2025-01-26T00:00:00.000Z,-43.327527760000,-21.762798310000,"Rua Natalino José de Paula, 310"
412,PARQUE BURNIER.,10072302,22:00:00,15,1,0,2,2025-01-26T00:00:00.000Z,-43.338029500000,-21.760323850000,"Avenida Sete de Setembro, 623"
412,PARQUE BURNIER.,10072332,22:00:00,14,0,0,1,2025-01-26T00:00:00.000Z,-43.335533860000,-21.760131640000,"Rua São Geraldo, 89"
412,PARQUE BURNIER.,10072337,22:00:00,13,0,0,1,2025-01-26T00:00:00.000Z,-43.334540130000,-21.760522960000,"Rua Olga Burnier, 67"
412,PARQUE BURNIER.,10072335,22:00:00,12,0,0,1,2025-01-26T00:00:00.000Z,-43.333453420000,-21.761562350000,"Rua Olga Burnier, 233"
412,PARQUE BURNIER.,10072363,22:00:00,2,0,0,0,2025-01-26T00:00:00.000Z,-43.327885630000,-21.762179390000,"Rua Natalino José de Paula, 288"
412,PARQUE BURNIER.,10072386,22:00:00,7,0,0,1,2025-01-26T00:00:00.000Z,-43.328850270000,-21.762325320000,"Rua José Teodoro dos Santos, 292"
412,PARQUE BURNIER.,10072384,22:00:00,6,0,0,1,2025-01-26T00:00:00.000Z,-43.327999480000,-21.763301540000,"Rua José Teodoro dos Santos, 126"
412,PARQUE BURNIER.,10072309,22:00:00,5,0,0,1,2025-01-26T00:00:00.000Z,-43.327273730000,-21.763967940000,"Rua José Teodoro dos Santos, 28"
412,PARQUE BURNIER.,10072358,05:30:00,1,0,0,0,2025-01-27T00:00:00.000Z,-43.328687310000,-21.761675740000,"Rua Natalino José de Paula, 112 - Ponto Final do Parque Burnier"
412,PARQUE BURNIER.,10072386,05:30:00,7,1,0,8,2025-01-27T00:00:00.000Z,-43.328850270000,-21.762325320000,"Rua José Teodoro dos Santos, 292"
412,PARQUE BURNIER.,10072384,05:30:00,6,1,0,7,2025-01-27T00:00:00.000Z,-43.327999480000,-21.763301540000,"Rua José Teodoro dos Santos, 126"
412,PARQUE BURNIER.,10073584,05:30:00,8,5,0,13,2025-01-27T00:00:00.000Z,-43.329363350000,-21.763255450000,"Rua Adelaide Campos de Resende, 984"
412,PARQUE BURNIER.,10072309,05:30:00,5,0,0,6,2025-01-27T00:00:00.000Z,-43.327273730000,-21.763967940000,"Rua José Teodoro dos Santos, 28"
412,PARQUE BURNIER.,10071108,05:30:00,17,0,7,0,2025-01-27T00:00:00.000Z,-43.349331860000,-21.758144610000,"Avenida Getúlio Vargas, 835"
412,PARQUE BURNIER.,10074194,05:30:00,16,0,8,7,2025-01-27T00:00:00.000Z,-43.342338620000,-21.760505960000,"Rua Ângelo Falci, 55"
412,PARQUE BURNIER.,10072302,05:30:00,15,2,0,15,2025-01-27T00:00:00.000Z,-43.338029500000,-21.760323850000,"Avenida Sete de Setembro, 623"
412,PARQUE BURNIER.,10073589,05:30:00,4,5,0,6,2025-01-27T00:00:00.000Z,-43.326568960000,-21.763629600000,"Rua Adelaide Campos de Resende, 706"
412,PARQUE BURNIER.,10072332,05:30:00,14,0,0,13,2025-01-27T00:00:00.000Z,-43.335533860000,-21.760131640000,"Rua São Geraldo, 89"
412,PARQUE BURNIER.,10072337,05:30:00,13,0,0,13,2025-01-27T00:00:00.000Z,-43.334540130000,-21.760522960000,"Rua Olga Burnier, 67"
412,PARQUE BURNIER.,10072335,05:30:00,12,0,0,13,2025-01-27T00:00:00.000Z,-43.333453420000,-21.761562350000,"Rua Olga Burnier, 233"
412,PARQUE BURNIER.,10072382,05:30:00,11,0,0,13,2025-01-27T00:00:00.000Z,-43.332369450000,-21.762522520000,"Rua Olga Burnier, 361"
412,PARQUE BURNIER.,10072380,05:30:00,10,0,0,13,2025-01-27T00:00:00.000Z,-43.331466790000,-21.763337580000,"Rua Olga Burnier, 485"
412,PARQUE BURNIER.,10073583,05:30:00,9,0,0,13,2025-01-27T00:00:00.000Z,-43.330207820000,-21.763072230000,"Rua Adelaide Campos de Resende, 1070"
412,PARQUE BURNIER.,10072362,05:30:00,3,0,0,1,2025-01-27T00:00:00.000Z,-43.327527760000,-21.762798310000,"Rua Natalino José de Paula, 310"
412,PARQUE BURNIER.,10072363,05:30:00,2,1,0,1,2025-01-27T00:00:00.000Z,-43.327885630000,-21.762179390000,"Rua Natalino José de Paula, 288"
412,PARQUE BURNIER.,10071108,05:51:00,1,10,0,10,2025-01-27T00:00:00.000Z,-43.349331860000,-21.758144610000,"Avenida Getúlio Vargas, 835"
412,PARQUE BURNIER.,10072305,05:51:00,2,0,2,8,2025-01-27T00:00:00.000Z,-43.337478970000,-21.760922950000,"Rua Djalma de Carvalho, 37"
412,PARQUE BURNIER.,10073558,05:51:00,4,0,0,7,2025-01-27T00:00:00.000Z,-43.334645750000,-21.760669710000,"Rua Olga Burnier, 70"
412,PARQUE BURNIER.,10073552,05:51:00,3,0,1,7,2025-01-27T00:00:00.000Z,-43.335479020000,-21.760313550000,"Rua São Geraldo, 84"
412,PARQUE BURNIER.,10072359,05:51:00,14,0,0,0,2025-01-27T00:00:00.000Z,-43.326282500000,-21.763143540000,"Rua Adelaide Campos de Resende, 651"
412,PARQUE BURNIER.,10072301,05:51:00,8,0,1,2,2025-01-27T00:00:00.000Z,-43.330138330000,-21.763252970000,"Rua Adelaide Campos de Resende, 1061"
412,PARQUE BURNIER.,10072358,05:51:00,18,14,0,14,2025-01-27T00:00:00.000Z,-43.328687310000,-21.761675740000,"Rua Natalino José de Paula, 112 - Ponto Final do Parque Burnier"
412,PARQUE BURNIER.,10073561,05:51:00,7,0,0,3,2025-01-27T00:00:00.000Z,-43.331552510000,-21.763418910000,"Rua Olga Burnier, 480"
412,PARQUE BURNIER.,10072356,05:51:00,17,0,0,0,2025-01-27T00:00:00.000Z,-43.327793950000,-21.762107030000,"Rua Natalino José de Paula, 271"
412,PARQUE BURNIER.,10072375,05:51:00,16,0,0,0,2025-01-27T00:00:00.000Z,-43.327420830000,-21.762727850000,"Rua Natalino José de Paula, 319"
412,PARQUE BURNIER.,10071503,05:51:00,15,0,0,0,2025-01-27T00:00:00.000Z,-43.326207040000,-21.762717810000,"Rua Natalino José de Paula, 421"
412,PARQUE BURNIER.,10073557,05:51:00,6,0,4,3,2025-01-27T00:00:00.000Z,-43.332479840000,-21.762640710000,"Rua Olga Burnier, 356"
412,PARQUE BURNIER.,10072328,05:51:00,13,0,0,0,2025-01-27T00:00:00.000Z,-43.326450350000,-21.763683320000,"Rua Adelaide Campos de Resende, 669"
412,PARQUE BURNIER.,10072377,05:51:00,12,0,0,0,2025-01-27T00:00:00.000Z,-43.327321890000,-21.764062650000,"Rua José Teodoro dos Santos, 25"
412,PARQUE BURNIER.,10072316,05:51:00,11,0,0,0,2025-01-27T00:00:00.000Z,-43.328204750000,-21.763332370000,"Rua José Teodoro dos Santos, 145"
412,PARQUE BURNIER.,10072313,05:51:00,10,0,1,0,2025-01-27T00:00:00.000Z,-43.328846690000,-21.762504770000,"Rua José Teodoro dos Santos, 275"
412,PARQUE BURNIER.,10072296,05:51:00,9,0,1,1,2025-01-27T00:00:00.000Z,-43.329374790000,-21.763440430000,"Rua Adelaide Campos de Resende, 975"
412,PARQUE BURNIER.,10073560,05:51:00,5,0,0,7,2025-01-27T00:00:00.000Z,-43.333589670000,-21.761652280000,"Rua Olga Burnier, 230"
412,PARQUE BURNIER.,10072363,06:17:00,2,12,0,12,2025-01-27T00:00:00.000Z,-43.327885630000,-21.762179390000,"Rua Natalino José de Paula, 288"
412,PARQUE BURNIER.,10072358,06:17:00,1,0,0,0,2025-01-27T00:00:00.000Z,-43.328687310000,-21.761675740000,"Rua Natalino José de Paula, 112 - Ponto Final do Parque Burnier"
412,PARQUE BURNIER.,10072362,06:17:00,3,0,0,12,2025-01-27T00:00:00.000Z,-43.327527760000,-21.762798310000,"Rua Natalino José de Paula, 310"
412,PARQUE BURNIER.,10074194,06:17:00,16,0,5,26,2025-01-27T00:00:00.000Z,-43.342338620000,-21.760505960000,"Rua Ângelo Falci, 55"
412,PARQUE BURNIER.,10072335,06:17:00,12,1,0,29,2025-01-27T00:00:00.000Z,-43.333453420000,-21.761562350000,"Rua Olga Burnier, 233"
412,PARQUE BURNIER.,10071108,06:17:00,17,0,16,10,2025-01-27T00:00:00.000Z,-43.349331860000,-21.758144610000,"Avenida Getúlio Vargas, 835"
412,PARQUE BURNIER.,10073584,06:17:00,8,2,0,27,2025-01-27T00:00:00.000Z,-43.329363350000,-21.763255450000,"Rua Adelaide Campos de Resende, 984"
412,PARQUE BURNIER.,10072302,06:17:00,15,2,1,31,2025-01-27T00:00:00.000Z,-43.338029500000,-21.760323850000,"Avenida Sete de Setembro, 623"
412,PARQUE BURNIER.,10072332,06:17:00,14,0,0,30,2025-01-27T00:00:00.000Z,-43.335533860000,-21.760131640000,"Rua São Geraldo, 89"
412,PARQUE BURNIER.,10072337,06:17:00,13,1,0,30,2025-01-27T00:00:00.000Z,-43.334540130000,-21.760522960000,"Rua Olga Burnier, 67"
412,PARQUE BURNIER.,10072386,06:17:00,7,0,1,25,2025-01-27T00:00:00.000Z,-43.328850270000,-21.762325320000,"Rua José Teodoro dos Santos, 292"
412,PARQUE BURNIER.,10072382,06:17:00,11,0,0,28,2025-01-27T00:00:00.000Z,-43.332369450000,-21.762522520000,"Rua Olga Burnier, 361"
412,PARQUE BURNIER.,10072380,06:17:00,10,0,0,28,2025-01-27T00:00:00.000Z,-43.331466790000,-21.763337580000,"Rua Olga Burnier, 485"
412,PARQUE BURNIER.,10073583,06:17:00,9,1,0,28,2025-01-27T00:00:00.000Z,-43.330207820000,-21.763072230000,"Rua Adelaide Campos de Resende, 1070"
412,PARQUE BURNIER.,10072384,06:17:00,6,3,0,26,2025-01-27T00:00:00.000Z,-43.327999480000,-21.763301540000,"Rua José Teodoro dos Santos, 126"
412,PARQUE BURNIER.,10072309,06:17:00,5,4,0,23,2025-01-27T00:00:00.000Z,-43.327273730000,-21.763967940000,"Rua José Teodoro dos Santos, 28"
412,PARQUE BURNIER.,10073589,06:17:00,4,7,0,19,2025-01-27T00:00:00.000Z,-43.326568960000,-21.763629600000,"Rua Adelaide Campos de Resende, 706"
412,PARQUE BURNIER.,10073558,06:38:00,4,0,0,2,2025-01-27T00:00:00.000Z,-43.334645750000,-21.760669710000,"Rua Olga Burnier, 70"
412,PARQUE BURNIER.,10073552,06:38:00,3,0,0,2,2025-01-27T00:00:00.000Z,-43.335479020000,-21.760313550000,"Rua São Geraldo, 84"
412,PARQUE BURNIER.,10073560,06:38:00,5,0,0,2,2025-01-27T00:00:00.000Z,-43.333589670000,-21.761652280000,"Rua Olga Burnier, 230"
412,PARQUE BURNIER.,10072305,06:38:00,2,0,0,2,2025-01-27T00:00:00.000Z,-43.337478970000,-21.760922950000,"Rua Djalma de Carvalho, 37"
412,PARQUE BURNIER.,10073561,06:38:00,7,0,1,1,2025-01-27T00:00:00.000Z,-43.331552510000,-21.763418910000,"Rua Olga Burnier, 480"
412,PARQUE BURNIER.,10073557,06:38:00,6,0,0,2,2025-01-27T00:00:00.000Z,-43.332479840000,-21.762640710000,"Rua Olga Burnier, 356"
412,PARQUE BURNIER.,10071108,06:38:00,1,2,0,2,2025-01-27T00:00:00.000Z,-43.349331860000,-21.758144610000,"Avenida Getúlio Vargas, 835"
412,PARQUE BURNIER.,10072358,06:38:00,18,6,0,9,2025-01-27T00:00:00.000Z,-43.328687310000,-21.761675740000,"Rua Natalino José de Paula, 112 - Ponto Final do Parque Burnier"
412,PARQUE BURNIER.,10072356,06:38:00,17,0,0,3,2025-01-27T00:00:00.000Z,-43.327793950000,-21.762107030000,"Rua Natalino José de Paula, 271"
412,PARQUE BURNIER.,10072375,06:38:00,16,0,0,3,2025-01-27T00:00:00.000Z,-43.327420830000,-21.762727850000,"Rua Natalino José de Paula, 319"
412,PARQUE BURNIER.,10071503,06:38:00,15,0,0,3,2025-01-27T00:00:00.000Z,-43.326207040000,-21.762717810000,"Rua Natalino José de Paula, 421"
412,PARQUE BURNIER.,10072359,06:38:00,14,0,0,3,2025-01-27T00:00:00.000Z,-43.326282500000,-21.763143540000,"Rua Adelaide Campos de Resende, 651"
412,PARQUE BURNIER.,10072328,06:38:00,13,0,0,3,2025-01-27T00:00:00.000Z,-43.326450350000,-21.763683320000,"Rua Adelaide Campos de Resende, 669"
412,PARQUE BURNIER.,10072377,06:38:00,12,0,0,3,2025-01-27T00:00:00.000Z,-43.327321890000,-21.764062650000,"Rua José Teodoro dos Santos, 25"
412,PARQUE BURNIER.,10072316,06:38:00,11,2,0,3,2025-01-27T00:00:00.000Z,-43.328204750000,-21.763332370000,"Rua José Teodoro dos Santos, 145"
412,PARQUE BURNIER.,10072313,06:38:00,10,0,0,1,2025-01-27T00:00:00.000Z,-43.328846690000,-21.762504770000,"Rua José Teodoro dos Santos, 275"
412,PARQUE BURNIER.,10072296,06:38:00,9,0,0,1,2025-01-27T00:00:00.000Z,-43.329374790000,-21.763440430000,"Rua Adelaide Campos de Resende, 975"
412,PARQUE BURNIER.,10072301,06:38:00,8,0,0,1,2025-01-27T00:00:00.000Z,-43.330138330000,-21.763252970000,"Rua Adelaide Campos de Resende, 1061"
412,PARQUE BURNIER.,10072358,07:04:00,1,0,0,0,2025-01-27T00:00:00.000Z,-43.328687310000,-21.761675740000,"Rua Natalino José de Paula, 112 - Ponto Final do Parque Burnier"
412,PARQUE BURNIER.,10072309,07:04:00,5,0,0,17,2025-01-27T00:00:00.000Z,-43.327273730000,-21.763967940000,"Rua José Teodoro dos Santos, 28"
412,PARQUE BURNIER.,10073589,07:04:00,4,9,1,17,2025-01-27T00:00:00.000Z,-43.326568960000,-21.763629600000,"Rua Adelaide Campos de Resende, 706"
412,PARQUE BURNIER.,10072384,07:04:00,6,1,0,18,2025-01-27T00:00:00.000Z,-43.327999480000,-21.763301540000,"Rua José Teodoro dos Santos, 126"
412,PARQUE BURNIER.,10072362,07:04:00,3,4,1,9,2025-01-27T00:00:00.000Z,-43.327527760000,-21.762798310000,"Rua Natalino José de Paula, 310"
412,PARQUE BURNIER.,10071108,07:04:00,17,0,6,12,2025-01-27T00:00:00.000Z,-43.349331860000,-21.758144610000,"Avenida Getúlio Vargas, 835"
412,PARQUE BURNIER.,10072363,07:04:00,2,6,0,6,2025-01-27T00:00:00.000Z,-43.327885630000,-21.762179390000,"Rua Natalino José de Paula, 288"
412,PARQUE BURNIER.,10074194,07:04:00,16,0,5,18,2025-01-27T00:00:00.000Z,-43.342338620000,-21.760505960000,"Rua Ângelo Falci, 55"
412,PARQUE BURNIER.,10072302,07:04:00,15,2,3,23,2025-01-27T00:00:00.000Z,-43.338029500000,-21.760323850000,"Avenida Sete de Setembro, 623"
412,PARQUE BURNIER.,10072332,07:04:00,14,0,0,24,2025-01-27T00:00:00.000Z,-43.335533860000,-21.760131640000,"Rua São Geraldo, 89"
412,PARQUE BURNIER.,10072337,07:04:00,13,0,0,24,2025-01-27T00:00:00.000Z,-43.334540130000,-21.760522960000,"Rua Olga Burnier, 67"
412,PARQUE BURNIER.,10072335,07:04:00,12,0,0,24,2025-01-27T00:00:00.000Z,-43.333453420000,-21.761562350000,"Rua Olga Burnier, 233"
412,PARQUE BURNIER.,10072382,07:04:00,11,3,0,24,2025-01-27T00:00:00.000Z,-43.332369450000,-21.762522520000,"Rua Olga Burnier, 361"
412,PARQUE BURNIER.,10072380,07:04:00,10,0,0,21,2025-01-27T00:00:00.000Z,-43.331466790000,-21.763337580000,"Rua Olga Burnier, 485"
412,PARQUE BURNIER.,10073583,07:04:00,9,0,1,21,2025-01-27T00:00:00.000Z,-43.330207820000,-21.763072230000,"Rua Adelaide Campos de Resende, 1070"
412,PARQUE BURNIER.,10073584,07:04:00,8,2,0,22,2025-01-27T00:00:00.000Z,-43.329363350000,-21.763255450000,"Rua Adelaide Campos de Resende, 984"
412,PARQUE BURNIER.,10072386,07:04:00,7,2,0,20,2025-01-27T00:00:00.000Z,-43.328850270000,-21.762325320000,"Rua José Teodoro dos Santos, 292"
412,PARQUE BURNIER.,10073552,07:25:00,3,0,0,7,2025-01-27T00:00:00.000Z,-43.335479020000,-21.760313550000,"Rua São Geraldo, 84"
412,PARQUE BURNIER.,10072305,07:25:00,2,1,0,7,2025-01-27T00:00:00.000Z,-43.337478970000,-21.760922950000,"Rua Djalma de Carvalho, 37"
412,PARQUE BURNIER.,10071108,07:25:00,1,6,0,6,2025-01-27T00:00:00.000Z,-43.349331860000,-21.758144610000,"Avenida Getúlio Vargas, 835"
412,PARQUE BURNIER.,10073561,07:25:00,7,0,1,6,2025-01-27T00:00:00.000Z,-43.331552510000,-21.763418910000,"Rua Olga Burnier, 480"
412,PARQUE BURNIER.,10073557,07:25:00,6,0,0,7,2025-01-27T00:00:00.000Z,-43.332479840000,-21.762640710000,"Rua Olga Burnier, 356"
412,PARQUE BURNIER.,10072375,07:25:00,16,0,0,5,2025-01-27T00:00:00.000Z,-43.327420830000,-21.762727850000,"Rua Natalino José de Paula, 319"
412,PARQUE BURNIER.,10073560,07:25:00,5,0,0,7,2025-01-27T00:00:00.000Z,-43.333589670000,-21.761652280000,"Rua Olga Burnier, 230"
412,PARQUE BURNIER.,10072358,07:25:00,18,2,0,7,2025-01-27T00:00:00.000Z,-43.328687310000,-21.761675740000,"Rua Natalino José de Paula, 112 - Ponto Final do Parque Burnier"
412,PARQUE BURNIER.,10072356,07:25:00,17,0,0,5,2025-01-27T00:00:00.000Z,-43.327793950000,-21.762107030000,"Rua Natalino José de Paula, 271"
412,PARQUE BURNIER.,10073558,07:25:00,4,0,0,7,2025-01-27T00:00:00.000Z,-43.334645750000,-21.760669710000,"Rua Olga Burnier, 70"
412,PARQUE BURNIER.,10071503,07:25:00,15,0,1,5,2025-01-27T00:00:00.000Z,-43.326207040000,-21.762717810000,"Rua Natalino José de Paula, 421"
412,PARQUE BURNIER.,10072359,07:25:00,14,0,0,6,2025-01-27T00:00:00.000Z,-43.326282500000,-21.763143540000,"Rua Adelaide Campos de Resende, 651"
412,PARQUE BURNIER.,10072328,07:25:00,13,0,0,6,2025-01-27T00:00:00.000Z,-43.326450350000,-21.763683320000,"Rua Adelaide Campos de Resende, 669"
412,PARQUE BURNIER.,10072377,07:25:00,12,0,0,6,2025-01-27T00:00:00.000Z,-43.327321890000,-21.764062650000,"Rua José Teodoro dos Santos, 25"
412,PARQUE BURNIER.,10072316,07:25:00,11,0,0,6,2025-01-27T00:00:00.000Z,-43.328204750000,-21.763332370000,"Rua José Teodoro dos Santos, 145"
412,PARQUE BURNIER.,10072313,07:25:00,10,0,0,6,2025-01-27T00:00:00.000Z,-43.328846690000,-21.762504770000,"Rua José Teodoro dos Santos, 275"
412,PARQUE BURNIER.,10072296,07:25:00,9,0,0,6,2025-01-27T00:00:00.000Z,-43.329374790000,-21.763440430000,"Rua Adelaide Campos de Resende, 975"
412,PARQUE BURNIER.,10072301,07:25:00,8,0,0,6,2025-01-27T00:00:00.000Z,-43.330138330000,-21.763252970000,"Rua Adelaide Campos de Resende, 1061"
412,PARQUE BURNIER.,10072358,07:51:00,1,0,0,0,2025-01-27T00:00:00.000Z,-43.328687310000,-21.761675740000,"Rua Natalino José de Paula, 112 - Ponto Final do Parque Burnier"
412,PARQUE BURNIER.,10072302,07:51:00,15,0,1,18,2025-01-27T00:00:00.000Z,-43.338029500000,-21.760323850000,"Avenida Sete de Setembro, 623"
412,PARQUE BURNIER.,10072332,07:51:00,14,2,0,19,2025-01-27T00:00:00.000Z,-43.335533860000,-21.760131640000,"Rua São Geraldo, 89"
412,PARQUE BURNIER.,10072363,07:51:00,2,0,0,0,2025-01-27T00:00:00.000Z,-43.327885630000,-21.762179390000,"Rua Natalino José de Paula, 288"
412,PARQUE BURNIER.,10071108,07:51:00,17,0,11,2,2025-01-27T00:00:00.000Z,-43.349331860000,-21.758144610000,"Avenida Getúlio Vargas, 835"
412,PARQUE BURNIER.,10074194,07:51:00,16,2,7,13,2025-01-27T00:00:00.000Z,-43.342338620000,-21.760505960000,"Rua Ângelo Falci, 55"
412,PARQUE BURNIER.,10072337,07:51:00,13,0,1,17,2025-01-27T00:00:00.000Z,-43.334540130000,-21.760522960000,"Rua Olga Burnier, 67"
412,PARQUE BURNIER.,10072335,07:51:00,12,2,0,18,2025-01-27T00:00:00.000Z,-43.333453420000,-21.761562350000,"Rua Olga Burnier, 233"
412,PARQUE BURNIER.,10072382,07:51:00,11,0,0,16,2025-01-27T00:00:00.000Z,-43.332369450000,-21.762522520000,"Rua Olga Burnier, 361"
412,PARQUE BURNIER.,10072380,07:51:00,10,2,0,16,2025-01-27T00:00:00.000Z,-43.331466790000,-21.763337580000,"Rua Olga Burnier, 485"
412,PARQUE BURNIER.,10073583,07:51:00,9,0,0,14,2025-01-27T00:00:00.000Z,-43.330207820000,-21.763072230000,"Rua Adelaide Campos de Resende, 1070"
412,PARQUE BURNIER.,10073584,07:51:00,8,0,0,14,2025-01-27T00:00:00.000Z,-43.329363350000,-21.763255450000,"Rua Adelaide Campos de Resende, 984"
412,PARQUE BURNIER.,10072386,07:51:00,7,3,0,14,2025-01-27T00:00:00.000Z,-43.328850270000,-21.762325320000,"Rua José Teodoro dos Santos, 292"
412,PARQUE BURNIER.,10072384,07:51:00,6,2,0,11,2025-01-27T00:00:00.000Z,-43.327999480000,-21.763301540000,"Rua José Teodoro dos Santos, 126"
412,PARQUE BURNIER.,10072309,07:51:00,5,1,0,9,2025-01-27T00:00:00.000Z,-43.327273730000,-21.763967940000,"Rua José Teodoro dos Santos, 28"
412,PARQUE BURNIER.,10073589,07:51:00,4,5,1,8,2025-01-27T00:00:00.000Z,-43.326568960000,-21.763629600000,"Rua Adelaide Campos de Resende, 706"
412,PARQUE BURNIER.,10072362,07:51:00,3,4,0,4,2025-01-27T00:00:00.000Z,-43.327527760000,-21.762798310000,"Rua Natalino José de Paula, 310"
412,PARQUE BURNIER.,10072305,08:12:00,2,0,0,0,2025-01-27T00:00:00.000Z,-43.337478970000,-21.760922950000,"Rua Djalma de Carvalho, 37"
412,PARQUE BURNIER.,10071108,08:12:00,1,0,0,0,2025-01-27T00:00:00.000Z,-43.349331860000,-21.758144610000,"Avenida Getúlio Vargas, 835"
412,PARQUE BURNIER.,10073552,08:12:00,3,0,0,0,2025-01-27T00:00:00.000Z,-43.335479020000,-21.760313550000,"Rua São Geraldo, 84"
412,PARQUE BURNIER.,10073557,08:12:00,6,0,0,0,2025-01-27T00:00:00.000Z,-43.332479840000,-21.762640710000,"Rua Olga Burnier, 356"
412,PARQUE BURNIER.,10073560,08:12:00,5,0,0,0,2025-01-27T00:00:00.000Z,-43.333589670000,-21.761652280000,"Rua Olga Burnier, 230"
412,PARQUE BURNIER.,10073558,08:12:00,4,0,0,0,2025-01-27T00:00:00.000Z,-43.334645750000,-21.760669710000,"Rua Olga Burnier, 70"
412,PARQUE BURNIER.,10072356,08:12:00,17,0,0,2,2025-01-27T00:00:00.000Z,-43.327793950000,-21.762107030000,"Rua Natalino José de Paula, 271"
412,PARQUE BURNIER.,10072359,08:12:00,14,0,0,2,2025-01-27T00:00:00.000Z,-43.326282500000,-21.763143540000,"Rua Adelaide Campos de Resende, 651"
412,PARQUE BURNIER.,10072358,08:12:00,18,5,2,5,2025-01-27T00:00:00.000Z,-43.328687310000,-21.761675740000,"Rua Natalino José de Paula, 112 - Ponto Final do Parque Burnier"
412,PARQUE BURNIER.,10072328,08:12:00,13,0,0,2,2025-01-27T00:00:00.000Z,-43.326450350000,-21.763683320000,"Rua Adelaide Campos de Resende, 669"
412,PARQUE BURNIER.,10072375,08:12:00,16,0,0,2,2025-01-27T00:00:00.000Z,-43.327420830000,-21.762727850000,"Rua Natalino José de Paula, 319"
412,PARQUE BURNIER.,10071503,08:12:00,15,0,0,2,2025-01-27T00:00:00.000Z,-43.326207040000,-21.762717810000,"Rua Natalino José de Paula, 421"
412,PARQUE BURNIER.,10073561,08:12:00,7,0,0,0,2025-01-27T00:00:00.000Z,-43.331552510000,-21.763418910000,"Rua Olga Burnier, 480"
412,PARQUE BURNIER.,10072377,08:12:00,12,0,0,2,2025-01-27T00:00:00.000Z,-43.327321890000,-21.764062650000,"Rua José Teodoro dos Santos, 25"
412,PARQUE BURNIER.,10072316,08:12:00,11,0,0,2,2025-01-27T00:00:00.000Z,-43.328204750000,-21.763332370000,"Rua José Teodoro dos Santos, 145"
412,PARQUE BURNIER.,10072313,08:12:00,10,0,0,2,2025-01-27T00:00:00.000Z,-43.328846690000,-21.762504770000,"Rua José Teodoro dos Santos, 275"
412,PARQUE BURNIER.,10072296,08:12:00,9,2,0,2,2025-01-27T00:00:00.000Z,-43.329374790000,-21.763440430000,"Rua Adelaide Campos de Resende, 975"
412,PARQUE BURNIER.,10072301,08:12:00,8,0,0,0,2025-01-27T00:00:00.000Z,-43.330138330000,-21.763252970000,"Rua Adelaide Campos de Resende, 1061"
412,PARQUE BURNIER.,10072362,08:38:00,3,4,0,4,2025-01-27T00:00:00.000Z,-43.327527760000,-21.762798310000,"Rua Natalino José de Paula, 310"
412,PARQUE BURNIER.,10072363,08:38:00,2,0,0,0,2025-01-27T00:00:00.000Z,-43.327885630000,-21.762179390000,"Rua Natalino José de Paula, 288"
412,PARQUE BURNIER.,10073589,08:38:00,4,1,0,5,2025-01-27T00:00:00.000Z,-43.326568960000,-21.763629600000,"Rua Adelaide Campos de Resende, 706"
412,PARQUE BURNIER.,10072358,08:38:00,1,0,0,0,2025-01-27T00:00:00.000Z,-43.328687310000,-21.761675740000,"Rua Natalino José de Paula, 112 - Ponto Final do Parque Burnier"
412,PARQUE BURNIER.,10072382,08:38:00,11,4,0,16,2025-01-27T00:00:00.000Z,-43.332369450000,-21.762522520000,"Rua Olga Burnier, 361"
412,PARQUE BURNIER.,10072384,08:38:00,6,3,0,8,2025-01-27T00:00:00.000Z,-43.327999480000,-21.763301540000,"Rua José Teodoro dos Santos, 126"
412,PARQUE BURNIER.,10072309,08:38:00,5,0,0,5,2025-01-27T00:00:00.000Z,-43.327273730000,-21.763967940000,"Rua José Teodoro dos Santos, 28"
412,PARQUE BURNIER.,10071108,08:38:00,17,0,5,15,2025-01-27T00:00:00.000Z,-43.349331860000,-21.758144610000,"Avenida Getúlio Vargas, 835"
412,PARQUE BURNIER.,10072302,08:38:00,15,2,1,18,2025-01-27T00:00:00.000Z,-43.338029500000,-21.760323850000,"Avenida Sete de Setembro, 623"
412,PARQUE BURNIER.,10074194,08:38:00,16,4,2,20,2025-01-27T00:00:00.000Z,-43.342338620000,-21.760505960000,"Rua Ângelo Falci, 55"
412,PARQUE BURNIER.,10072337,08:38:00,13,0,0,16,2025-01-27T00:00:00.000Z,-43.334540130000,-21.760522960000,"Rua Olga Burnier, 67"
412,PARQUE BURNIER.,10072332,08:38:00,14,1,0,17,2025-01-27T00:00:00.000Z,-43.335533860000,-21.760131640000,"Rua São Geraldo, 89"
412,PARQUE BURNIER.,10072335,08:38:00,12,0,0,16,2025-01-27T00:00:00.000Z,-43.333453420000,-21.761562350000,"Rua Olga Burnier, 233"
412,PARQUE BURNIER.,10072380,08:38:00,10,0,0,12,2025-01-27T00:00:00.000Z,-43.331466790000,-21.763337580000,"Rua Olga Burnier, 485"
412,PARQUE BURNIER.,10073583,08:38:00,9,1,0,12,2025-01-27T00:00:00.000Z,-43.330207820000,-21.763072230000,"Rua Adelaide Campos de Resende, 1070"
412,PARQUE BURNIER.,10073584,08:38:00,8,1,0,11,2025-01-27T00:00:00.000Z,-43.329363350000,-21.763255450000,"Rua Adelaide Campos de Resende, 984"
412,PARQUE BURNIER.,10072386,08:38:00,7,2,0,10,2025-01-27T00:00:00.000Z,-43.328850270000,-21.762325320000,"Rua José Teodoro dos Santos, 292"
412,PARQUE BURNIER.,10073560,08:59:00,5,0,0,14,2025-01-27T00:00:00.000Z,-43.333589670000,-21.761652280000,"Rua Olga Burnier, 230"
412,PARQUE BURNIER.,10073558,08:59:00,4,0,0,14,2025-01-27T00:00:00.000Z,-43.334645750000,-21.760669710000,"Rua Olga Burnier, 70"
412,PARQUE BURNIER.,10073557,08:59:00,6,0,0,14,2025-01-27T00:00:00.000Z,-43.332479840000,-21.762640710000,"Rua Olga Burnier, 356"
412,PARQUE BURNIER.,10073552,08:59:00,3,0,0,14,2025-01-27T00:00:00.000Z,-43.335479020000,-21.760313550000,"Rua São Geraldo, 84"
412,PARQUE BURNIER.,10072358,08:59:00,18,0,0,9,2025-01-27T00:00:00.000Z,-43.328687310000,-21.761675740000,"Rua Natalino José de Paula, 112 - Ponto Final do Parque Burnier"
412,PARQUE BURNIER.,10072313,08:59:00,10,0,1,9,2025-01-27T00:00:00.000Z,-43.328846690000,-21.762504770000,"Rua José Teodoro dos Santos, 275"
412,PARQUE BURNIER.,10073561,08:59:00,7,0,2,12,2025-01-27T00:00:00.000Z,-43.331552510000,-21.763418910000,"Rua Olga Burnier, 480"
412,PARQUE BURNIER.,10072305,08:59:00,2,0,1,14,2025-01-27T00:00:00.000Z,-43.337478970000,-21.760922950000,"Rua Djalma de Carvalho, 37"
412,PARQUE BURNIER.,10072356,08:59:00,17,1,0,9,2025-01-27T00:00:00.000Z,-43.327793950000,-21.762107030000,"Rua Natalino José de Paula, 271"
412,PARQUE BURNIER.,10072375,08:59:00,16,0,1,8,2025-01-27T00:00:00.000Z,-43.327420830000,-21.762727850000,"Rua Natalino José de Paula, 319"
412,PARQUE BURNIER.,10071503,08:59:00,15,1,0,9,2025-01-27T00:00:00.000Z,-43.326207040000,-21.762717810000,"Rua Natalino José de Paula, 421"
412,PARQUE BURNIER.,10072359,08:59:00,14,0,0,8,2025-01-27T00:00:00.000Z,-43.326282500000,-21.763143540000,"Rua Adelaide Campos de Resende, 651"
412,PARQUE BURNIER.,10072328,08:59:00,13,0,0,8,2025-01-27T00:00:00.000Z,-43.326450350000,-21.763683320000,"Rua Adelaide Campos de Resende, 669"
412,PARQUE BURNIER.,10072377,08:59:00,12,0,0,8,2025-01-27T00:00:00.000Z,-43.327321890000,-21.764062650000,"Rua José Teodoro dos Santos, 25"
412,PARQUE BURNIER.,10072316,08:59:00,11,0,1,8,2025-01-27T00:00:00.000Z,-43.328204750000,-21.763332370000,"Rua José Teodoro dos Santos, 145"
412,PARQUE BURNIER.,10071108,08:59:00,1,15,0,15,2025-01-27T00:00:00.000Z,-43.349331860000,-21.758144610000,"Avenida Getúlio Vargas, 835"
412,PARQUE BURNIER.,10072296,08:59:00,9,0,2,10,2025-01-27T00:00:00.000Z,-43.329374790000,-21.763440430000,"Rua Adelaide Campos de Resende, 975"
412,PARQUE BURNIER.,10072301,08:59:00,8,0,0,12,2025-01-27T00:00:00.000Z,-43.330138330000,-21.763252970000,"Rua Adelaide Campos de Resende, 1061"
412,PARQUE BURNIER.,10072358,09:25:00,1,0,0,0,2025-01-27T00:00:00.000Z,-43.328687310000,-21.761675740000,"Rua Natalino José de Paula, 112 - Ponto Final do Parque Burnier"
412,PARQUE BURNIER.,10073584,09:25:00,8,4,0,22,2025-01-27T00:00:00.000Z,-43.329363350000,-21.763255450000,"Rua Adelaide Campos de Resende, 984"
412,PARQUE BURNIER.,10072309,09:25:00,5,1,1,12,2025-01-27T00:00:00.000Z,-43.327273730000,-21.763967940000,"Rua José Teodoro dos Santos, 28"
412,PARQUE BURNIER.,10073583,09:25:00,9,1,0,23,2025-01-27T00:00:00.000Z,-43.330207820000,-21.763072230000,"Rua Adelaide Campos de Resende, 1070"
412,PARQUE BURNIER.,10073589,09:25:00,4,8,0,12,2025-01-27T00:00:00.000Z,-43.326568960000,-21.763629600000,"Rua Adelaide Campos de Resende, 706"
412,PARQUE BURNIER.,10071108,09:25:00,17,0,28,0,2025-01-27T00:00:00.000Z,-43.349331860000,-21.758144610000,"Avenida Getúlio Vargas, 835"
412,PARQUE BURNIER.,10074194,09:25:00,16,9,5,28,2025-01-27T00:00:00.000Z,-43.342338620000,-21.760505960000,"Rua Ângelo Falci, 55"
412,PARQUE BURNIER.,10072380,09:25:00,10,1,0,24,2025-01-27T00:00:00.000Z,-43.331466790000,-21.763337580000,"Rua Olga Burnier, 485"
412,PARQUE BURNIER.,10072362,09:25:00,3,2,0,4,2025-01-27T00:00:00.000Z,-43.327527760000,-21.762798310000,"Rua Natalino José de Paula, 310"
412,PARQUE BURNIER.,10072302,09:25:00,15,3,3,24,2025-01-27T00:00:00.000Z,-43.338029500000,-21.760323850000,"Avenida Sete de Setembro, 623"
412,PARQUE BURNIER.,10072332,09:25:00,14,0,0,24,2025-01-27T00:00:00.000Z,-43.335533860000,-21.760131640000,"Rua São Geraldo, 89"
412,PARQUE BURNIER.,10072337,09:25:00,13,0,0,24,2025-01-27T00:00:00.000Z,-43.334540130000,-21.760522960000,"Rua Olga Burnier, 67"
412,PARQUE BURNIER.,10072335,09:25:00,12,0,0,24,2025-01-27T00:00:00.000Z,-43.333453420000,-21.761562350000,"Rua Olga Burnier, 233"
412,PARQUE BURNIER.,10072382,09:25:00,11,0,0,24,2025-01-27T00:00:00.000Z,-43.332369450000,-21.762522520000,"Rua Olga Burnier, 361"
412,PARQUE BURNIER.,10072363,09:25:00,2,2,0,2,2025-01-27T00:00:00.000Z,-43.327885630000,-21.762179390000,"Rua Natalino José de Paula, 288"
412,PARQUE BURNIER.,10072386,09:25:00,7,4,0,18,2025-01-27T00:00:00.000Z,-43.328850270000,-21.762325320000,"Rua José Teodoro dos Santos, 292"
412,PARQUE BURNIER.,10072384,09:25:00,6,2,0,14,2025-01-27T00:00:00.000Z,-43.327999480000,-21.763301540000,"Rua José Teodoro dos Santos, 126"
412,PARQUE BURNIER.,10071108,09:45:00,1,6,0,6,2025-01-27T00:00:00.000Z,-43.349331860000,-21.758144610000,"Avenida Getúlio Vargas, 835"
412,PARQUE BURNIER.,10072305,09:45:00,2,2,2,6,2025-01-27T00:00:00.000Z,-43.337478970000,-21.760922950000,"Rua Djalma de Carvalho, 37"
412,PARQUE BURNIER.,10072301,09:45:00,8,0,0,5,2025-01-27T00:00:00.000Z,-43.330138330000,-21.763252970000,"Rua Adelaide Campos de Resende, 1061"
412,PARQUE BURNIER.,10073561,09:45:00,7,0,0,5,2025-01-27T00:00:00.000Z,-43.331552510000,-21.763418910000,"Rua Olga Burnier, 480"
412,PARQUE BURNIER.,10071503,09:45:00,15,0,0,0,2025-01-27T00:00:00.000Z,-43.326207040000,-21.762717810000,"Rua Natalino José de Paula, 421"
412,PARQUE BURNIER.,10073557,09:45:00,6,0,0,5,2025-01-27T00:00:00.000Z,-43.332479840000,-21.762640710000,"Rua Olga Burnier, 356"
412,PARQUE BURNIER.,10072358,09:45:00,18,6,0,6,2025-01-27T00:00:00.000Z,-43.328687310000,-21.761675740000,"Rua Natalino José de Paula, 112 - Ponto Final do Parque Burnier"
412,PARQUE BURNIER.,10072356,09:45:00,17,0,0,0,2025-01-27T00:00:00.000Z,-43.327793950000,-21.762107030000,"Rua Natalino José de Paula, 271"
412,PARQUE BURNIER.,10072375,09:45:00,16,0,0,0,2025-01-27T00:00:00.000Z,-43.327420830000,-21.762727850000,"Rua Natalino José de Paula, 319"
412,PARQUE BURNIER.,10073560,09:45:00,5,0,0,5,2025-01-27T00:00:00.000Z,-43.333589670000,-21.761652280000,"Rua Olga Burnier, 230"
412,PARQUE BURNIER.,10072359,09:45:00,14,0,0,0,2025-01-27T00:00:00.000Z,-43.326282500000,-21.763143540000,"Rua Adelaide Campos de Resende, 651"
412,PARQUE BURNIER.,10072328,09:45:00,13,0,0,0,2025-01-27T00:00:00.000Z,-43.326450350000,-21.763683320000,"Rua Adelaide Campos de Resende, 669"
412,PARQUE BURNIER.,10072377,09:45:00,12,0,0,0,2025-01-27T00:00:00.000Z,-43.327321890000,-21.764062650000,"Rua José Teodoro dos Santos, 25"
412,PARQUE BURNIER.,10072316,09:45:00,11,0,0,0,2025-01-27T00:00:00.000Z,-43.328204750000,-21.763332370000,"Rua José Teodoro dos Santos, 145"
412,PARQUE BURNIER.,10072313,09:45:00,10,0,1,0,2025-01-27T00:00:00.000Z,-43.328846690000,-21.762504770000,"Rua José Teodoro dos Santos, 275"
412,PARQUE BURNIER.,10072296,09:45:00,9,0,4,1,2025-01-27T00:00:00.000Z,-43.329374790000,-21.763440430000,"Rua Adelaide Campos de Resende, 975"
412,PARQUE BURNIER.,10073558,09:45:00,4,0,0,5,2025-01-27T00:00:00.000Z,-43.334645750000,-21.760669710000,"Rua Olga Burnier, 70"
412,PARQUE BURNIER.,10073552,09:45:00,3,0,1,5,2025-01-27T00:00:00.000Z,-43.335479020000,-21.760313550000,"Rua São Geraldo, 84"
412,PARQUE BURNIER.,10072358,10:20:00,1,0,0,0,2025-01-27T00:00:00.000Z,-43.328687310000,-21.761675740000,"Rua Natalino José de Paula, 112 - Ponto Final do Parque Burnier"
412,PARQUE BURNIER.,10072363,10:20:00,2,1,0,1,2025-01-27T00:00:00.000Z,-43.327885630000,-21.762179390000,"Rua Natalino José de Paula, 288"
412,PARQUE BURNIER.,10073589,10:20:00,4,2,1,2,2025-01-27T00:00:00.000Z,-43.326568960000,-21.763629600000,"Rua Adelaide Campos de Resende, 706"
412,PARQUE BURNIER.,10072362,10:20:00,3,1,1,1,2025-01-27T00:00:00.000Z,-43.327527760000,-21.762798310000,"Rua Natalino José de Paula, 310"
412,PARQUE BURNIER.,10072337,10:20:00,13,0,0,7,2025-01-27T00:00:00.000Z,-43.334540130000,-21.760522960000,"Rua Olga Burnier, 67"
412,PARQUE BURNIER.,10073584,10:20:00,8,3,0,7,2025-01-27T00:00:00.000Z,-43.329363350000,-21.763255450000,"Rua Adelaide Campos de Resende, 984"
412,PARQUE BURNIER.,10071108,10:20:00,17,0,12,2,2025-01-27T00:00:00.000Z,-43.349331860000,-21.758144610000,"Avenida Getúlio Vargas, 835"
412,PARQUE BURNIER.,10072386,10:20:00,7,2,0,4,2025-01-27T00:00:00.000Z,-43.328850270000,-21.762325320000,"Rua José Teodoro dos Santos, 292"
412,PARQUE BURNIER.,10074194,10:20:00,16,11,2,14,2025-01-27T00:00:00.000Z,-43.342338620000,-21.760505960000,"Rua Ângelo Falci, 55"
412,PARQUE BURNIER.,10072302,10:20:00,15,1,3,5,2025-01-27T00:00:00.000Z,-43.338029500000,-21.760323850000,"Avenida Sete de Setembro, 623"
412,PARQUE BURNIER.,10072332,10:20:00,14,0,0,7,2025-01-27T00:00:00.000Z,-43.335533860000,-21.760131640000,"Rua São Geraldo, 89"
412,PARQUE BURNIER.,10072384,10:20:00,6,0,0,2,2025-01-27T00:00:00.000Z,-43.327999480000,-21.763301540000,"Rua José Teodoro dos Santos, 126"
412,PARQUE BURNIER.,10072335,10:20:00,12,0,0,7,2025-01-27T00:00:00.000Z,-43.333453420000,-21.761562350000,"Rua Olga Burnier, 233"
412,PARQUE BURNIER.,10072382,10:20:00,11,0,0,7,2025-01-27T00:00:00.000Z,-43.332369450000,-21.762522520000,"Rua Olga Burnier, 361"
412,PARQUE BURNIER.,10072380,10:20:00,10,0,0,7,2025-01-27T00:00:00.000Z,-43.331466790000,-21.763337580000,"Rua Olga Burnier, 485"
412,PARQUE BURNIER.,10073583,10:20:00,9,1,1,7,2025-01-27T00:00:00.000Z,-43.330207820000,-21.763072230000,"Rua Adelaide Campos de Resende, 1070"
412,PARQUE BURNIER.,10072309,10:20:00,5,0,0,2,2025-01-27T00:00:00.000Z,-43.327273730000,-21.763967940000,"Rua José Teodoro dos Santos, 28"
412,PARQUE BURNIER.,10073552,10:40:00,3,0,0,13,2025-01-27T00:00:00.000Z,-43.335479020000,-21.760313550000,"Rua São Geraldo, 84"
412,PARQUE BURNIER.,10072305,10:40:00,2,0,2,13,2025-01-27T00:00:00.000Z,-43.337478970000,-21.760922950000,"Rua Djalma de Carvalho, 37"
412,PARQUE BURNIER.,10071108,10:40:00,1,15,0,15,2025-01-27T00:00:00.000Z,-43.349331860000,-21.758144610000,"Avenida Getúlio Vargas, 835"
412,PARQUE BURNIER.,10072358,10:40:00,18,0,0,1,2025-01-27T00:00:00.000Z,-43.328687310000,-21.761675740000,"Rua Natalino José de Paula, 112 - Ponto Final do Parque Burnier"
412,PARQUE BURNIER.,10072375,10:40:00,16,0,0,0,2025-01-27T00:00:00.000Z,-43.327420830000,-21.762727850000,"Rua Natalino José de Paula, 319"
412,PARQUE BURNIER.,10072356,10:40:00,17,1,0,1,2025-01-27T00:00:00.000Z,-43.327793950000,-21.762107030000,"Rua Natalino José de Paula, 271"
412,PARQUE BURNIER.,10072377,10:40:00,12,0,0,6,2025-01-27T00:00:00.000Z,-43.327321890000,-21.764062650000,"Rua José Teodoro dos Santos, 25"
412,PARQUE BURNIER.,10071503,10:40:00,15,0,0,0,2025-01-27T00:00:00.000Z,-43.326207040000,-21.762717810000,"Rua Natalino José de Paula, 421"
412,PARQUE BURNIER.,10072359,10:40:00,14,0,1,0,2025-01-27T00:00:00.000Z,-43.326282500000,-21.763143540000,"Rua Adelaide Campos de Resende, 651"
412,PARQUE BURNIER.,10072328,10:40:00,13,0,5,1,2025-01-27T00:00:00.000Z,-43.326450350000,-21.763683320000,"Rua Adelaide Campos de Resende, 669"
412,PARQUE BURNIER.,10072301,10:40:00,8,0,0,13,2025-01-27T00:00:00.000Z,-43.330138330000,-21.763252970000,"Rua Adelaide Campos de Resende, 1061"
412,PARQUE BURNIER.,10072316,10:40:00,11,0,1,6,2025-01-27T00:00:00.000Z,-43.328204750000,-21.763332370000,"Rua José Teodoro dos Santos, 145"
412,PARQUE BURNIER.,10072313,10:40:00,10,0,1,7,2025-01-27T00:00:00.000Z,-43.328846690000,-21.762504770000,"Rua José Teodoro dos Santos, 275"
412,PARQUE BURNIER.,10072296,10:40:00,9,0,5,8,2025-01-27T00:00:00.000Z,-43.329374790000,-21.763440430000,"Rua Adelaide Campos de Resende, 975"
412,PARQUE BURNIER.,10073561,10:40:00,7,0,0,13,2025-01-27T00:00:00.000Z,-43.331552510000,-21.763418910000,"Rua Olga Burnier, 480"
412,PARQUE BURNIER.,10073557,10:40:00,6,0,0,13,2025-01-27T00:00:00.000Z,-43.332479840000,-21.762640710000,"Rua Olga Burnier, 356"
412,PARQUE BURNIER.,10073560,10:40:00,5,0,0,13,2025-01-27T00:00:00.000Z,-43.333589670000,-21.761652280000,"Rua Olga Burnier, 230"
412,PARQUE BURNIER.,10073558,10:40:00,4,0,0,13,2025-01-27T00:00:00.000Z,-43.334645750000,-21.760669710000,"Rua Olga Burnier, 70"
412,PARQUE BURNIER.,10073589,11:15:00,4,4,1,4,2025-01-27T00:00:00.000Z,-43.326568960000,-21.763629600000,"Rua Adelaide Campos de Resende, 706"
412,PARQUE BURNIER.,10072362,11:15:00,3,0,1,1,2025-01-27T00:00:00.000Z,-43.327527760000,-21.762798310000,"Rua Natalino José de Paula, 310"
412,PARQUE BURNIER.,10072309,11:15:00,5,3,0,7,2025-01-27T00:00:00.000Z,-43.327273730000,-21.763967940000,"Rua José Teodoro dos Santos, 28"
412,PARQUE BURNIER.,10072363,11:15:00,2,2,0,2,2025-01-27T00:00:00.000Z,-43.327885630000,-21.762179390000,"Rua Natalino José de Paula, 288"
412,PARQUE BURNIER.,10072386,11:15:00,7,2,0,9,2025-01-27T00:00:00.000Z,-43.328850270000,-21.762325320000,"Rua José Teodoro dos Santos, 292"
412,PARQUE BURNIER.,10072384,11:15:00,6,0,0,7,2025-01-27T00:00:00.000Z,-43.327999480000,-21.763301540000,"Rua José Teodoro dos Santos, 126"
412,PARQUE BURNIER.,10072358,11:15:00,1,0,0,0,2025-01-27T00:00:00.000Z,-43.328687310000,-21.761675740000,"Rua Natalino José de Paula, 112 - Ponto Final do Parque Burnier"
412,PARQUE BURNIER.,10071108,11:15:00,17,0,13,5,2025-01-27T00:00:00.000Z,-43.349331860000,-21.758144610000,"Avenida Getúlio Vargas, 835"
412,PARQUE BURNIER.,10074194,11:15:00,16,9,0,18,2025-01-27T00:00:00.000Z,-43.342338620000,-21.760505960000,"Rua Ângelo Falci, 55"
412,PARQUE BURNIER.,10072302,11:15:00,15,0,4,9,2025-01-27T00:00:00.000Z,-43.338029500000,-21.760323850000,"Avenida Sete de Setembro, 623"
412,PARQUE BURNIER.,10072332,11:15:00,14,0,0,13,2025-01-27T00:00:00.000Z,-43.335533860000,-21.760131640000,"Rua São Geraldo, 89"
412,PARQUE BURNIER.,10072337,11:15:00,13,1,0,13,2025-01-27T00:00:00.000Z,-43.334540130000,-21.760522960000,"Rua Olga Burnier, 67"
412,PARQUE BURNIER.,10072335,11:15:00,12,1,0,12,2025-01-27T00:00:00.000Z,-43.333453420000,-21.761562350000,"Rua Olga Burnier, 233"
412,PARQUE BURNIER.,10072382,11:15:00,11,1,0,11,2025-01-27T00:00:00.000Z,-43.332369450000,-21.762522520000,"Rua Olga Burnier, 361"
412,PARQUE BURNIER.,10072380,11:15:00,10,1,0,10,2025-01-27T00:00:00.000Z,-43.331466790000,-21.763337580000,"Rua Olga Burnier, 485"
412,PARQUE BURNIER.,10073583,11:15:00,9,0,1,9,2025-01-27T00:00:00.000Z,-43.330207820000,-21.763072230000,"Rua Adelaide Campos de Resende, 1070"
412,PARQUE BURNIER.,10073584,11:15:00,8,1,0,10,2025-01-27T00:00:00.000Z,-43.329363350000,-21.763255450000,"Rua Adelaide Campos de Resende, 984"
412,PARQUE BURNIER.,10072305,11:35:00,2,0,1,15,2025-01-27T00:00:00.000Z,-43.337478970000,-21.760922950000,"Rua Djalma de Carvalho, 37"
412,PARQUE BURNIER.,10071108,11:35:00,1,16,0,16,2025-01-27T00:00:00.000Z,-43.349331860000,-21.758144610000,"Avenida Getúlio Vargas, 835"
412,PARQUE BURNIER.,10073557,11:35:00,6,0,0,16,2025-01-27T00:00:00.000Z,-43.332479840000,-21.762640710000,"Rua Olga Burnier, 356"
412,PARQUE BURNIER.,10073560,11:35:00,5,0,0,16,2025-01-27T00:00:00.000Z,-43.333589670000,-21.761652280000,"Rua Olga Burnier, 230"
412,PARQUE BURNIER.,10072356,11:35:00,17,0,1,7,2025-01-27T00:00:00.000Z,-43.327793950000,-21.762107030000,"Rua Natalino José de Paula, 271"
412,PARQUE BURNIER.,10073558,11:35:00,4,1,0,16,2025-01-27T00:00:00.000Z,-43.334645750000,-21.760669710000,"Rua Olga Burnier, 70"
412,PARQUE BURNIER.,10072358,11:35:00,18,4,0,11,2025-01-27T00:00:00.000Z,-43.328687310000,-21.761675740000,"Rua Natalino José de Paula, 112 - Ponto Final do Parque Burnier"
412,PARQUE BURNIER.,10073552,11:35:00,3,0,0,15,2025-01-27T00:00:00.000Z,-43.335479020000,-21.760313550000,"Rua São Geraldo, 84"
412,PARQUE BURNIER.,10072375,11:35:00,16,0,1,8,2025-01-27T00:00:00.000Z,-43.327420830000,-21.762727850000,"Rua Natalino José de Paula, 319"
412,PARQUE BURNIER.,10071503,11:35:00,15,0,2,9,2025-01-27T00:00:00.000Z,-43.326207040000,-21.762717810000,"Rua Natalino José de Paula, 421"
412,PARQUE BURNIER.,10072359,11:35:00,14,0,0,11,2025-01-27T00:00:00.000Z,-43.326282500000,-21.763143540000,"Rua Adelaide Campos de Resende, 651"
412,PARQUE BURNIER.,10072328,11:35:00,13,1,0,11,2025-01-27T00:00:00.000Z,-43.326450350000,-21.763683320000,"Rua Adelaide Campos de Resende, 669"
412,PARQUE BURNIER.,10072377,11:35:00,12,0,0,10,2025-01-27T00:00:00.000Z,-43.327321890000,-21.764062650000,"Rua José Teodoro dos Santos, 25"
412,PARQUE BURNIER.,10072316,11:35:00,11,0,1,10,2025-01-27T00:00:00.000Z,-43.328204750000,-21.763332370000,"Rua José Teodoro dos Santos, 145"
412,PARQUE BURNIER.,10072313,11:35:00,10,0,1,11,2025-01-27T00:00:00.000Z,-43.328846690000,-21.762504770000,"Rua José Teodoro dos Santos, 275"
412,PARQUE BURNIER.,10072296,11:35:00,9,0,2,12,2025-01-27T00:00:00.000Z,-43.329374790000,-21.763440430000,"Rua Adelaide Campos de Resende, 975"
412,PARQUE BURNIER.,10072301,11:35:00,8,0,0,14,2025-01-27T00:00:00.000Z,-43.330138330000,-21.763252970000,"Rua Adelaide Campos de Resende, 1061"
412,PARQUE BURNIER.,10073561,11:35:00,7,0,2,14,2025-01-27T00:00:00.000Z,-43.331552510000,-21.763418910000,"Rua Olga Burnier, 480"
412,PARQUE BURNIER.,10072362,12:10:00,3,1,0,3,2025-01-27T00:00:00.000Z,-43.327527760000,-21.762798310000,"Rua Natalino José de Paula, 310"
412,PARQUE BURNIER.,10072363,12:10:00,2,2,0,2,2025-01-27T00:00:00.000Z,-43.327885630000,-21.762179390000,"Rua Natalino José de Paula, 288"
412,PARQUE BURNIER.,10072358,12:10:00,1,0,0,0,2025-01-27T00:00:00.000Z,-43.328687310000,-21.761675740000,"Rua Natalino José de Paula, 112 - Ponto Final do Parque Burnier"
412,PARQUE BURNIER.,10072386,12:10:00,7,0,0,5,2025-01-27T00:00:00.000Z,-43.328850270000,-21.762325320000,"Rua José Teodoro dos Santos, 292"
412,PARQUE BURNIER.,10072384,12:10:00,6,1,0,5,2025-01-27T00:00:00.000Z,-43.327999480000,-21.763301540000,"Rua José Teodoro dos Santos, 126"
412,PARQUE BURNIER.,10072302,12:10:00,15,0,0,9,2025-01-27T00:00:00.000Z,-43.338029500000,-21.760323850000,"Avenida Sete de Setembro, 623"
412,PARQUE BURNIER.,10072309,12:10:00,5,0,0,4,2025-01-27T00:00:00.000Z,-43.327273730000,-21.763967940000,"Rua José Teodoro dos Santos, 28"
412,PARQUE BURNIER.,10071108,12:10:00,17,0,15,0,2025-01-27T00:00:00.000Z,-43.349331860000,-21.758144610000,"Avenida Getúlio Vargas, 835"
412,PARQUE BURNIER.,10074194,12:10:00,16,9,3,15,2025-01-27T00:00:00.000Z,-43.342338620000,-21.760505960000,"Rua Ângelo Falci, 55"
412,PARQUE BURNIER.,10073589,12:10:00,4,1,0,4,2025-01-27T00:00:00.000Z,-43.326568960000,-21.763629600000,"Rua Adelaide Campos de Resende, 706"
412,PARQUE BURNIER.,10072332,12:10:00,14,0,0,9,2025-01-27T00:00:00.000Z,-43.335533860000,-21.760131640000,"Rua São Geraldo, 89"
412,PARQUE BURNIER.,10072337,12:10:00,13,0,1,9,2025-01-27T00:00:00.000Z,-43.334540130000,-21.760522960000,"Rua Olga Burnier, 67"
412,PARQUE BURNIER.,10072335,12:10:00,12,1,0,10,2025-01-27T00:00:00.000Z,-43.333453420000,-21.761562350000,"Rua Olga Burnier, 233"
412,PARQUE BURNIER.,10072382,12:10:00,11,0,0,9,2025-01-27T00:00:00.000Z,-43.332369450000,-21.762522520000,"Rua Olga Burnier, 361"
412,PARQUE BURNIER.,10072380,12:10:00,10,0,0,9,2025-01-27T00:00:00.000Z,-43.331466790000,-21.763337580000,"Rua Olga Burnier, 485"
412,PARQUE BURNIER.,10073583,12:10:00,9,1,0,9,2025-01-27T00:00:00.000Z,-43.330207820000,-21.763072230000,"Rua Adelaide Campos de Resende, 1070"
412,PARQUE BURNIER.,10073584,12:10:00,8,3,0,8,2025-01-27T00:00:00.000Z,-43.329363350000,-21.763255450000,"Rua Adelaide Campos de Resende, 984"
412,PARQUE BURNIER.,10071108,12:30:00,1,16,0,16,2025-01-27T00:00:00.000Z,-43.349331860000,-21.758144610000,"Avenida Getúlio Vargas, 835"
412,PARQUE BURNIER.,10072305,12:30:00,2,1,1,16,2025-01-27T00:00:00.000Z,-43.337478970000,-21.760922950000,"Rua Djalma de Carvalho, 37"
412,PARQUE BURNIER.,10073560,12:30:00,5,0,0,17,2025-01-27T00:00:00.000Z,-43.333589670000,-21.761652280000,"Rua Olga Burnier, 230"
412,PARQUE BURNIER.,10073558,12:30:00,4,1,0,17,2025-01-27T00:00:00.000Z,-43.334645750000,-21.760669710000,"Rua Olga Burnier, 70"
412,PARQUE BURNIER.,10073552,12:30:00,3,0,0,16,2025-01-27T00:00:00.000Z,-43.335479020000,-21.760313550000,"Rua São Geraldo, 84"
412,PARQUE BURNIER.,10072356,12:30:00,17,0,1,11,2025-01-27T00:00:00.000Z,-43.327793950000,-21.762107030000,"Rua Natalino José de Paula, 271"
412,PARQUE BURNIER.,10072375,12:30:00,16,0,1,12,2025-01-27T00:00:00.000Z,-43.327420830000,-21.762727850000,"Rua Natalino José de Paula, 319"
412,PARQUE BURNIER.,10072358,12:30:00,18,3,0,14,2025-01-27T00:00:00.000Z,-43.328687310000,-21.761675740000,"Rua Natalino José de Paula, 112 - Ponto Final do Parque Burnier"
412,PARQUE BURNIER.,10071503,12:30:00,15,0,0,13,2025-01-27T00:00:00.000Z,-43.326207040000,-21.762717810000,"Rua Natalino José de Paula, 421"
412,PARQUE BURNIER.,10072359,12:30:00,14,0,0,13,2025-01-27T00:00:00.000Z,-43.326282500000,-21.763143540000,"Rua Adelaide Campos de Resende, 651"
412,PARQUE BURNIER.,10072328,12:30:00,13,0,0,13,2025-01-27T00:00:00.000Z,-43.326450350000,-21.763683320000,"Rua Adelaide Campos de Resende, 669"
412,PARQUE BURNIER.,10072377,12:30:00,12,0,0,13,2025-01-27T00:00:00.000Z,-43.327321890000,-21.764062650000,"Rua José Teodoro dos Santos, 25"
412,PARQUE BURNIER.,10072316,12:30:00,11,0,1,13,2025-01-27T00:00:00.000Z,-43.328204750000,-21.763332370000,"Rua José Teodoro dos Santos, 145"
412,PARQUE BURNIER.,10072313,12:30:00,10,0,1,14,2025-01-27T00:00:00.000Z,-43.328846690000,-21.762504770000,"Rua José Teodoro dos Santos, 275"
412,PARQUE BURNIER.,10072296,12:30:00,9,0,0,15,2025-01-27T00:00:00.000Z,-43.329374790000,-21.763440430000,"Rua Adelaide Campos de Resende, 975"
412,PARQUE BURNIER.,10072301,12:30:00,8,0,0,15,2025-01-27T00:00:00.000Z,-43.330138330000,-21.763252970000,"Rua Adelaide Campos de Resende, 1061"
412,PARQUE BURNIER.,10073561,12:30:00,7,0,2,15,2025-01-27T00:00:00.000Z,-43.331552510000,-21.763418910000,"Rua Olga Burnier, 480"
412,PARQUE BURNIER.,10073557,12:30:00,6,0,0,17,2025-01-27T00:00:00.000Z,-43.332479840000,-21.762640710000,"Rua Olga Burnier, 356"
412,PARQUE BURNIER.,10072363,13:05:00,2,0,0,0,2025-01-27T00:00:00.000Z,-43.327885630000,-21.762179390000,"Rua Natalino José de Paula, 288"
412,PARQUE BURNIER.,10072358,13:05:00,1,0,0,0,2025-01-27T00:00:00.000Z,-43.328687310000,-21.761675740000,"Rua Natalino José de Paula, 112 - Ponto Final do Parque Burnier"
412,PARQUE BURNIER.,10072362,13:05:00,3,2,0,2,2025-01-27T00:00:00.000Z,-43.327527760000,-21.762798310000,"Rua Natalino José de Paula, 310"
412,PARQUE BURNIER.,10072384,13:05:00,6,3,0,8,2025-01-27T00:00:00.000Z,-43.327999480000,-21.763301540000,"Rua José Teodoro dos Santos, 126"
412,PARQUE BURNIER.,10072309,13:05:00,5,0,0,5,2025-01-27T00:00:00.000Z,-43.327273730000,-21.763967940000,"Rua José Teodoro dos Santos, 28"
412,PARQUE BURNIER.,10073589,13:05:00,4,4,1,5,2025-01-27T00:00:00.000Z,-43.326568960000,-21.763629600000,"Rua Adelaide Campos de Resende, 706"
412,PARQUE BURNIER.,10074194,13:05:00,16,17,5,28,2025-01-27T00:00:00.000Z,-43.342338620000,-21.760505960000,"Rua Ângelo Falci, 55"
412,PARQUE BURNIER.,10072337,13:05:00,13,0,0,11,2025-01-27T00:00:00.000Z,-43.334540130000,-21.760522960000,"Rua Olga Burnier, 67"
412,PARQUE BURNIER.,10071108,13:05:00,17,0,24,4,2025-01-27T00:00:00.000Z,-43.349331860000,-21.758144610000,"Avenida Getúlio Vargas, 835"
412,PARQUE BURNIER.,10072335,13:05:00,12,1,0,11,2025-01-27T00:00:00.000Z,-43.333453420000,-21.761562350000,"Rua Olga Burnier, 233"
412,PARQUE BURNIER.,10072302,13:05:00,15,2,0,16,2025-01-27T00:00:00.000Z,-43.338029500000,-21.760323850000,"Avenida Sete de Setembro, 623"
412,PARQUE BURNIER.,10072332,13:05:00,14,3,0,14,2025-01-27T00:00:00.000Z,-43.335533860000,-21.760131640000,"Rua São Geraldo, 89"
412,PARQUE BURNIER.,10072386,13:05:00,7,1,0,9,2025-01-27T00:00:00.000Z,-43.328850270000,-21.762325320000,"Rua José Teodoro dos Santos, 292"
412,PARQUE BURNIER.,10072382,13:05:00,11,0,0,10,2025-01-27T00:00:00.000Z,-43.332369450000,-21.762522520000,"Rua Olga Burnier, 361"
412,PARQUE BURNIER.,10072380,13:05:00,10,1,0,10,2025-01-27T00:00:00.000Z,-43.331466790000,-21.763337580000,"Rua Olga Burnier, 485"
412,PARQUE BURNIER.,10073583,13:05:00,9,0,0,9,2025-01-27T00:00:00.000Z,-43.330207820000,-21.763072230000,"Rua Adelaide Campos de Resende, 1070"
412,PARQUE BURNIER.,10073584,13:05:00,8,0,0,9,2025-01-27T00:00:00.000Z,-43.329363350000,-21.763255450000,"Rua Adelaide Campos de Resende, 984"
412,PARQUE BURNIER.,10073558,13:25:00,4,0,0,6,2025-01-27T00:00:00.000Z,-43.334645750000,-21.760669710000,"Rua Olga Burnier, 70"
412,PARQUE BURNIER.,10073552,13:25:00,3,0,0,6,2025-01-27T00:00:00.000Z,-43.335479020000,-21.760313550000,"Rua São Geraldo, 84"
412,PARQUE BURNIER.,10073560,13:25:00,5,0,0,6,2025-01-27T00:00:00.000Z,-43.333589670000,-21.761652280000,"Rua Olga Burnier, 230"
412,PARQUE BURNIER.,10072305,13:25:00,2,0,2,6,2025-01-27T00:00:00.000Z,-43.337478970000,-21.760922950000,"Rua Djalma de Carvalho, 37"
412,PARQUE BURNIER.,10072377,13:25:00,12,0,0,0,2025-01-27T00:00:00.000Z,-43.327321890000,-21.764062650000,"Rua José Teodoro dos Santos, 25"
412,PARQUE BURNIER.,10072316,13:25:00,11,0,0,0,2025-01-27T00:00:00.000Z,-43.328204750000,-21.763332370000,"Rua José Teodoro dos Santos, 145"
412,PARQUE BURNIER.,10073557,13:25:00,6,0,0,6,2025-01-27T00:00:00.000Z,-43.332479840000,-21.762640710000,"Rua Olga Burnier, 356"
412,PARQUE BURNIER.,10071108,13:25:00,1,8,0,8,2025-01-27T00:00:00.000Z,-43.349331860000,-21.758144610000,"Avenida Getúlio Vargas, 835"
412,PARQUE BURNIER.,10072358,13:25:00,18,8,0,8,2025-01-27T00:00:00.000Z,-43.328687310000,-21.761675740000,"Rua Natalino José de Paula, 112 - Ponto Final do Parque Burnier"
412,PARQUE BURNIER.,10072356,13:25:00,17,0,0,0,2025-01-27T00:00:00.000Z,-43.327793950000,-21.762107030000,"Rua Natalino José de Paula, 271"
412,PARQUE BURNIER.,10072375,13:25:00,16,0,0,0,2025-01-27T00:00:00.000Z,-43.327420830000,-21.762727850000,"Rua Natalino José de Paula, 319"
412,PARQUE BURNIER.,10071503,13:25:00,15,0,0,0,2025-01-27T00:00:00.000Z,-43.326207040000,-21.762717810000,"Rua Natalino José de Paula, 421"
412,PARQUE BURNIER.,10072359,13:25:00,14,0,0,0,2025-01-27T00:00:00.000Z,-43.326282500000,-21.763143540000,"Rua Adelaide Campos de Resende, 651"
412,PARQUE BURNIER.,10072328,13:25:00,13,0,0,0,2025-01-27T00:00:00.000Z,-43.326450350000,-21.763683320000,"Rua Adelaide Campos de Resende, 669"
412,PARQUE BURNIER.,10072313,13:25:00,10,0,1,0,2025-01-27T00:00:00.000Z,-43.328846690000,-21.762504770000,"Rua José Teodoro dos Santos, 275"
412,PARQUE BURNIER.,10072296,13:25:00,9,0,5,1,2025-01-27T00:00:00.000Z,-43.329374790000,-21.763440430000,"Rua Adelaide Campos de Resende, 975"
412,PARQUE BURNIER.,10072301,13:25:00,8,0,0,6,2025-01-27T00:00:00.000Z,-43.330138330000,-21.763252970000,"Rua Adelaide Campos de Resende, 1061"
412,PARQUE BURNIER.,10073561,13:25:00,7,0,0,6,2025-01-27T00:00:00.000Z,-43.331552510000,-21.763418910000,"Rua Olga Burnier, 480"
412,PARQUE BURNIER.,10072309,14:00:00,5,7,0,9,2025-01-27T00:00:00.000Z,-43.327273730000,-21.763967940000,"Rua José Teodoro dos Santos, 28"
412,PARQUE BURNIER.,10073589,14:00:00,4,2,0,2,2025-01-27T00:00:00.000Z,-43.326568960000,-21.763629600000,"Rua Adelaide Campos de Resende, 706"
412,PARQUE BURNIER.,10072384,14:00:00,6,0,0,9,2025-01-27T00:00:00.000Z,-43.327999480000,-21.763301540000,"Rua José Teodoro dos Santos, 126"
412,PARQUE BURNIER.,10072362,14:00:00,3,0,0,0,2025-01-27T00:00:00.000Z,-43.327527760000,-21.762798310000,"Rua Natalino José de Paula, 310"
412,PARQUE BURNIER.,10071108,14:00:00,17,0,15,7,2025-01-27T00:00:00.000Z,-43.349331860000,-21.758144610000,"Avenida Getúlio Vargas, 835"
412,PARQUE BURNIER.,10073583,14:00:00,9,0,1,9,2025-01-27T00:00:00.000Z,-43.330207820000,-21.763072230000,"Rua Adelaide Campos de Resende, 1070"
412,PARQUE BURNIER.,10072386,14:00:00,7,1,0,10,2025-01-27T00:00:00.000Z,-43.328850270000,-21.762325320000,"Rua José Teodoro dos Santos, 292"
412,PARQUE BURNIER.,10072363,14:00:00,2,0,0,0,2025-01-27T00:00:00.000Z,-43.327885630000,-21.762179390000,"Rua Natalino José de Paula, 288"
412,PARQUE BURNIER.,10074194,14:00:00,16,14,3,22,2025-01-27T00:00:00.000Z,-43.342338620000,-21.760505960000,"Rua Ângelo Falci, 55"
412,PARQUE BURNIER.,10072302,14:00:00,15,3,3,11,2025-01-27T00:00:00.000Z,-43.338029500000,-21.760323850000,"Avenida Sete de Setembro, 623"
412,PARQUE BURNIER.,10072332,14:00:00,14,0,0,11,2025-01-27T00:00:00.000Z,-43.335533860000,-21.760131640000,"Rua São Geraldo, 89"
412,PARQUE BURNIER.,10072337,14:00:00,13,0,0,11,2025-01-27T00:00:00.000Z,-43.334540130000,-21.760522960000,"Rua Olga Burnier, 67"
412,PARQUE BURNIER.,10072335,14:00:00,12,2,0,11,2025-01-27T00:00:00.000Z,-43.333453420000,-21.761562350000,"Rua Olga Burnier, 233"
412,PARQUE BURNIER.,10072382,14:00:00,11,0,0,9,2025-01-27T00:00:00.000Z,-43.332369450000,-21.762522520000,"Rua Olga Burnier, 361"
412,PARQUE BURNIER.,10072380,14:00:00,10,0,0,9,2025-01-27T00:00:00.000Z,-43.331466790000,-21.763337580000,"Rua Olga Burnier, 485"
412,PARQUE BURNIER.,10072358,14:00:00,1,0,0,0,2025-01-27T00:00:00.000Z,-43.328687310000,-21.761675740000,"Rua Natalino José de Paula, 112 - Ponto Final do Parque Burnier"
412,PARQUE BURNIER.,10073584,14:00:00,8,0,0,10,2025-01-27T00:00:00.000Z,-43.329363350000,-21.763255450000,"Rua Adelaide Campos de Resende, 984"
412,PARQUE BURNIER.,10072305,14:20:00,2,1,5,26,2025-01-27T00:00:00.000Z,-43.337478970000,-21.760922950000,"Rua Djalma de Carvalho, 37"
412,PARQUE BURNIER.,10071108,14:20:00,1,30,0,30,2025-01-27T00:00:00.000Z,-43.349331860000,-21.758144610000,"Avenida Getúlio Vargas, 835"
412,PARQUE BURNIER.,10072316,14:20:00,11,0,0,21,2025-01-27T00:00:00.000Z,-43.328204750000,-21.763332370000,"Rua José Teodoro dos Santos, 145"
412,PARQUE BURNIER.,10072313,14:20:00,10,1,3,21,2025-01-27T00:00:00.000Z,-43.328846690000,-21.762504770000,"Rua José Teodoro dos Santos, 275"
412,PARQUE BURNIER.,10072377,14:20:00,12,0,1,20,2025-01-27T00:00:00.000Z,-43.327321890000,-21.764062650000,"Rua José Teodoro dos Santos, 25"
412,PARQUE BURNIER.,10072296,14:20:00,9,0,2,23,2025-01-27T00:00:00.000Z,-43.329374790000,-21.763440430000,"Rua Adelaide Campos de Resende, 975"
412,PARQUE BURNIER.,10072358,14:20:00,18,1,0,14,2025-01-27T00:00:00.000Z,-43.328687310000,-21.761675740000,"Rua Natalino José de Paula, 112 - Ponto Final do Parque Burnier"
412,PARQUE BURNIER.,10072356,14:20:00,17,1,0,13,2025-01-27T00:00:00.000Z,-43.327793950000,-21.762107030000,"Rua Natalino José de Paula, 271"
412,PARQUE BURNIER.,10072375,14:20:00,16,0,0,12,2025-01-27T00:00:00.000Z,-43.327420830000,-21.762727850000,"Rua Natalino José de Paula, 319"
412,PARQUE BURNIER.,10072301,14:20:00,8,0,1,25,2025-01-27T00:00:00.000Z,-43.330138330000,-21.763252970000,"Rua Adelaide Campos de Resende, 1061"
412,PARQUE BURNIER.,10071503,14:20:00,15,0,2,12,2025-01-27T00:00:00.000Z,-43.326207040000,-21.762717810000,"Rua Natalino José de Paula, 421"
412,PARQUE BURNIER.,10072359,14:20:00,14,0,3,14,2025-01-27T00:00:00.000Z,-43.326282500000,-21.763143540000,"Rua Adelaide Campos de Resende, 651"
412,PARQUE BURNIER.,10072328,14:20:00,13,0,3,17,2025-01-27T00:00:00.000Z,-43.326450350000,-21.763683320000,"Rua Adelaide Campos de Resende, 669"
412,PARQUE BURNIER.,10073552,14:20:00,3,0,0,26,2025-01-27T00:00:00.000Z,-43.335479020000,-21.760313550000,"Rua São Geraldo, 84"
412,PARQUE BURNIER.,10073561,14:20:00,7,0,0,26,2025-01-27T00:00:00.000Z,-43.331552510000,-21.763418910000,"Rua Olga Burnier, 480"
412,PARQUE BURNIER.,10073557,14:20:00,6,0,0,26,2025-01-27T00:00:00.000Z,-43.332479840000,-21.762640710000,"Rua Olga Burnier, 356"
412,PARQUE BURNIER.,10073560,14:20:00,5,0,0,26,2025-01-27T00:00:00.000Z,-43.333589670000,-21.761652280000,"Rua Olga Burnier, 230"
412,PARQUE BURNIER.,10073558,14:20:00,4,0,0,26,2025-01-27T00:00:00.000Z,-43.334645750000,-21.760669710000,"Rua Olga Burnier, 70"
412,PARQUE BURNIER.,10072358,14:55:00,1,0,0,0,2025-01-27T00:00:00.000Z,-43.328687310000,-21.761675740000,"Rua Natalino José de Paula, 112 - Ponto Final do Parque Burnier"
412,PARQUE BURNIER.,10072363,14:55:00,2,1,0,1,2025-01-27T00:00:00.000Z,-43.327885630000,-21.762179390000,"Rua Natalino José de Paula, 288"
412,PARQUE BURNIER.,10073584,14:55:00,8,3,0,6,2025-01-27T00:00:00.000Z,-43.329363350000,-21.763255450000,"Rua Adelaide Campos de Resende, 984"
412,PARQUE BURNIER.,10072386,14:55:00,7,0,0,3,2025-01-27T00:00:00.000Z,-43.328850270000,-21.762325320000,"Rua José Teodoro dos Santos, 292"
412,PARQUE BURNIER.,10072332,14:55:00,14,0,0,12,2025-01-27T00:00:00.000Z,-43.335533860000,-21.760131640000,"Rua São Geraldo, 89"
412,PARQUE BURNIER.,10072384,14:55:00,6,0,0,3,2025-01-27T00:00:00.000Z,-43.327999480000,-21.763301540000,"Rua José Teodoro dos Santos, 126"
412,PARQUE BURNIER.,10071108,14:55:00,17,0,30,0,2025-01-27T00:00:00.000Z,-43.349331860000,-21.758144610000,"Avenida Getúlio Vargas, 835"
412,PARQUE BURNIER.,10074194,14:55:00,16,23,4,30,2025-01-27T00:00:00.000Z,-43.342338620000,-21.760505960000,"Rua Ângelo Falci, 55"
412,PARQUE BURNIER.,10072302,14:55:00,15,1,2,11,2025-01-27T00:00:00.000Z,-43.338029500000,-21.760323850000,"Avenida Sete de Setembro, 623"
412,PARQUE BURNIER.,10072309,14:55:00,5,0,0,3,2025-01-27T00:00:00.000Z,-43.327273730000,-21.763967940000,"Rua José Teodoro dos Santos, 28"
412,PARQUE BURNIER.,10072337,14:55:00,13,2,0,12,2025-01-27T00:00:00.000Z,-43.334540130000,-21.760522960000,"Rua Olga Burnier, 67"
412,PARQUE BURNIER.,10072335,14:55:00,12,1,0,10,2025-01-27T00:00:00.000Z,-43.333453420000,-21.761562350000,"Rua Olga Burnier, 233"
412,PARQUE BURNIER.,10072382,14:55:00,11,0,0,9,2025-01-27T00:00:00.000Z,-43.332369450000,-21.762522520000,"Rua Olga Burnier, 361"
412,PARQUE BURNIER.,10072380,14:55:00,10,1,0,9,2025-01-27T00:00:00.000Z,-43.331466790000,-21.763337580000,"Rua Olga Burnier, 485"
412,PARQUE BURNIER.,10073583,14:55:00,9,2,0,8,2025-01-27T00:00:00.000Z,-43.330207820000,-21.763072230000,"Rua Adelaide Campos de Resende, 1070"
412,PARQUE BURNIER.,10073589,14:55:00,4,1,0,3,2025-01-27T00:00:00.000Z,-43.326568960000,-21.763629600000,"Rua Adelaide Campos de Resende, 706"
412,PARQUE BURNIER.,10072362,14:55:00,3,1,0,2,2025-01-27T00:00:00.000Z,-43.327527760000,-21.762798310000,"Rua Natalino José de Paula, 310"
412,PARQUE BURNIER.,10072358,15:50:00,1,0,0,0,2025-01-27T00:00:00.000Z,-43.328687310000,-21.761675740000,"Rua Natalino José de Paula, 112 - Ponto Final do Parque Burnier"
412,PARQUE BURNIER.,10072363,15:50:00,2,1,0,1,2025-01-27T00:00:00.000Z,-43.327885630000,-21.762179390000,"Rua Natalino José de Paula, 288"
412,PARQUE BURNIER.,10073589,15:50:00,4,4,0,6,2025-01-27T00:00:00.000Z,-43.326568960000,-21.763629600000,"Rua Adelaide Campos de Resende, 706"
412,PARQUE BURNIER.,10072362,15:50:00,3,1,0,2,2025-01-27T00:00:00.000Z,-43.327527760000,-21.762798310000,"Rua Natalino José de Paula, 310"
412,PARQUE BURNIER.,10072337,15:50:00,13,0,1,9,2025-01-27T00:00:00.000Z,-43.334540130000,-21.760522960000,"Rua Olga Burnier, 67"
412,PARQUE BURNIER.,10073584,15:50:00,8,1,0,8,2025-01-27T00:00:00.000Z,-43.329363350000,-21.763255450000,"Rua Adelaide Campos de Resende, 984"
412,PARQUE BURNIER.,10071108,15:50:00,17,0,16,0,2025-01-27T00:00:00.000Z,-43.349331860000,-21.758144610000,"Avenida Getúlio Vargas, 835"
412,PARQUE BURNIER.,10072386,15:50:00,7,0,0,7,2025-01-27T00:00:00.000Z,-43.328850270000,-21.762325320000,"Rua José Teodoro dos Santos, 292"
412,PARQUE BURNIER.,10074194,15:50:00,16,10,3,16,2025-01-27T00:00:00.000Z,-43.342338620000,-21.760505960000,"Rua Ângelo Falci, 55"
412,PARQUE BURNIER.,10072302,15:50:00,15,1,1,9,2025-01-27T00:00:00.000Z,-43.338029500000,-21.760323850000,"Avenida Sete de Setembro, 623"
412,PARQUE BURNIER.,10072332,15:50:00,14,0,0,9,2025-01-27T00:00:00.000Z,-43.335533860000,-21.760131640000,"Rua São Geraldo, 89"
412,PARQUE BURNIER.,10072384,15:50:00,6,0,0,7,2025-01-27T00:00:00.000Z,-43.327999480000,-21.763301540000,"Rua José Teodoro dos Santos, 126"
412,PARQUE BURNIER.,10072335,15:50:00,12,0,0,10,2025-01-27T00:00:00.000Z,-43.333453420000,-21.761562350000,"Rua Olga Burnier, 233"
412,PARQUE BURNIER.,10072382,15:50:00,11,1,0,10,2025-01-27T00:00:00.000Z,-43.332369450000,-21.762522520000,"Rua Olga Burnier, 361"
412,PARQUE BURNIER.,10072380,15:50:00,10,1,0,9,2025-01-27T00:00:00.000Z,-43.331466790000,-21.763337580000,"Rua Olga Burnier, 485"
412,PARQUE BURNIER.,10073583,15:50:00,9,0,0,8,2025-01-27T00:00:00.000Z,-43.330207820000,-21.763072230000,"Rua Adelaide Campos de Resende, 1070"
412,PARQUE BURNIER.,10072309,15:50:00,5,1,0,7,2025-01-27T00:00:00.000Z,-43.327273730000,-21.763967940000,"Rua José Teodoro dos Santos, 28"
412,PARQUE BURNIER.,10073552,16:10:00,3,0,0,21,2025-01-27T00:00:00.000Z,-43.335479020000,-21.760313550000,"Rua São Geraldo, 84"
412,PARQUE BURNIER.,10072305,16:10:00,2,4,1,21,2025-01-27T00:00:00.000Z,-43.337478970000,-21.760922950000,"Rua Djalma de Carvalho, 37"
412,PARQUE BURNIER.,10073558,16:10:00,4,0,0,21,2025-01-27T00:00:00.000Z,-43.334645750000,-21.760669710000,"Rua Olga Burnier, 70"
412,PARQUE BURNIER.,10071108,16:10:00,1,18,0,18,2025-01-27T00:00:00.000Z,-43.349331860000,-21.758144610000,"Avenida Getúlio Vargas, 835"
412,PARQUE BURNIER.,10072358,16:10:00,18,0,0,12,2025-01-27T00:00:00.000Z,-43.328687310000,-21.761675740000,"Rua Natalino José de Paula, 112 - Ponto Final do Parque Burnier"
412,PARQUE BURNIER.,10072375,16:10:00,16,1,1,12,2025-01-27T00:00:00.000Z,-43.327420830000,-21.762727850000,"Rua Natalino José de Paula, 319"
412,PARQUE BURNIER.,10072356,16:10:00,17,0,0,12,2025-01-27T00:00:00.000Z,-43.327793950000,-21.762107030000,"Rua Natalino José de Paula, 271"
412,PARQUE BURNIER.,10072377,16:10:00,12,0,0,15,2025-01-27T00:00:00.000Z,-43.327321890000,-21.764062650000,"Rua José Teodoro dos Santos, 25"
412,PARQUE BURNIER.,10071503,16:10:00,15,0,0,12,2025-01-27T00:00:00.000Z,-43.326207040000,-21.762717810000,"Rua Natalino José de Paula, 421"
412,PARQUE BURNIER.,10072359,16:10:00,14,0,2,12,2025-01-27T00:00:00.000Z,-43.326282500000,-21.763143540000,"Rua Adelaide Campos de Resende, 651"
412,PARQUE BURNIER.,10072328,16:10:00,13,1,2,14,2025-01-27T00:00:00.000Z,-43.326450350000,-21.763683320000,"Rua Adelaide Campos de Resende, 669"
412,PARQUE BURNIER.,10072301,16:10:00,8,1,1,21,2025-01-27T00:00:00.000Z,-43.330138330000,-21.763252970000,"Rua Adelaide Campos de Resende, 1061"
412,PARQUE BURNIER.,10072316,16:10:00,11,0,0,15,2025-01-27T00:00:00.000Z,-43.328204750000,-21.763332370000,"Rua José Teodoro dos Santos, 145"
412,PARQUE BURNIER.,10072313,16:10:00,10,0,2,15,2025-01-27T00:00:00.000Z,-43.328846690000,-21.762504770000,"Rua José Teodoro dos Santos, 275"
412,PARQUE BURNIER.,10072296,16:10:00,9,0,4,17,2025-01-27T00:00:00.000Z,-43.329374790000,-21.763440430000,"Rua Adelaide Campos de Resende, 975"
412,PARQUE BURNIER.,10073561,16:10:00,7,0,0,21,2025-01-27T00:00:00.000Z,-43.331552510000,-21.763418910000,"Rua Olga Burnier, 480"
412,PARQUE BURNIER.,10073557,16:10:00,6,0,0,21,2025-01-27T00:00:00.000Z,-43.332479840000,-21.762640710000,"Rua Olga Burnier, 356"
412,PARQUE BURNIER.,10073560,16:10:00,5,0,0,21,2025-01-27T00:00:00.000Z,-43.333589670000,-21.761652280000,"Rua Olga Burnier, 230"
412,PARQUE BURNIER.,10073589,16:45:00,4,6,0,10,2025-01-27T00:00:00.000Z,-43.326568960000,-21.763629600000,"Rua Adelaide Campos de Resende, 706"
412,PARQUE BURNIER.,10072362,16:45:00,3,1,0,4,2025-01-27T00:00:00.000Z,-43.327527760000,-21.762798310000,"Rua Natalino José de Paula, 310"
412,PARQUE BURNIER.,10072309,16:45:00,5,0,0,10,2025-01-27T00:00:00.000Z,-43.327273730000,-21.763967940000,"Rua José Teodoro dos Santos, 28"
412,PARQUE BURNIER.,10072363,16:45:00,2,3,0,3,2025-01-27T00:00:00.000Z,-43.327885630000,-21.762179390000,"Rua Natalino José de Paula, 288"
412,PARQUE BURNIER.,10072386,16:45:00,7,3,0,13,2025-01-27T00:00:00.000Z,-43.328850270000,-21.762325320000,"Rua José Teodoro dos Santos, 292"
412,PARQUE BURNIER.,10072384,16:45:00,6,0,0,10,2025-01-27T00:00:00.000Z,-43.327999480000,-21.763301540000,"Rua José Teodoro dos Santos, 126"
412,PARQUE BURNIER.,10072358,16:45:00,1,0,0,0,2025-01-27T00:00:00.000Z,-43.328687310000,-21.761675740000,"Rua Natalino José de Paula, 112 - Ponto Final do Parque Burnier"
412,PARQUE BURNIER.,10071108,16:45:00,17,0,18,16,2025-01-27T00:00:00.000Z,-43.349331860000,-21.758144610000,"Avenida Getúlio Vargas, 835"
412,PARQUE BURNIER.,10074194,16:45:00,16,25,2,34,2025-01-27T00:00:00.000Z,-43.342338620000,-21.760505960000,"Rua Ângelo Falci, 55"
412,PARQUE BURNIER.,10072302,16:45:00,15,0,4,11,2025-01-27T00:00:00.000Z,-43.338029500000,-21.760323850000,"Avenida Sete de Setembro, 623"
412,PARQUE BURNIER.,10072332,16:45:00,14,0,1,15,2025-01-27T00:00:00.000Z,-43.335533860000,-21.760131640000,"Rua São Geraldo, 89"
412,PARQUE BURNIER.,10072337,16:45:00,13,0,0,16,2025-01-27T00:00:00.000Z,-43.334540130000,-21.760522960000,"Rua Olga Burnier, 67"
412,PARQUE BURNIER.,10072335,16:45:00,12,1,0,16,2025-01-27T00:00:00.000Z,-43.333453420000,-21.761562350000,"Rua Olga Burnier, 233"
412,PARQUE BURNIER.,10072382,16:45:00,11,1,0,15,2025-01-27T00:00:00.000Z,-43.332369450000,-21.762522520000,"Rua Olga Burnier, 361"
412,PARQUE BURNIER.,10072380,16:45:00,10,0,0,14,2025-01-27T00:00:00.000Z,-43.331466790000,-21.763337580000,"Rua Olga Burnier, 485"
412,PARQUE BURNIER.,10073583,16:45:00,9,0,0,14,2025-01-27T00:00:00.000Z,-43.330207820000,-21.763072230000,"Rua Adelaide Campos de Resende, 1070"
412,PARQUE BURNIER.,10073584,16:45:00,8,1,0,14,2025-01-27T00:00:00.000Z,-43.329363350000,-21.763255450000,"Rua Adelaide Campos de Resende, 984"
412,PARQUE BURNIER.,10072305,17:05:00,2,2,2,38,2025-01-27T00:00:00.000Z,-43.337478970000,-21.760922950000,"Rua Djalma de Carvalho, 37"
412,PARQUE BURNIER.,10071108,17:05:00,1,38,0,38,2025-01-27T00:00:00.000Z,-43.349331860000,-21.758144610000,"Avenida Getúlio Vargas, 835"
412,PARQUE BURNIER.,10073557,17:05:00,6,0,0,37,2025-01-27T00:00:00.000Z,-43.332479840000,-21.762640710000,"Rua Olga Burnier, 356"
412,PARQUE BURNIER.,10073560,17:05:00,5,0,0,37,2025-01-27T00:00:00.000Z,-43.333589670000,-21.761652280000,"Rua Olga Burnier, 230"
412,PARQUE BURNIER.,10072356,17:05:00,17,0,2,19,2025-01-27T00:00:00.000Z,-43.327793950000,-21.762107030000,"Rua Natalino José de Paula, 271"
412,PARQUE BURNIER.,10073558,17:05:00,4,0,0,37,2025-01-27T00:00:00.000Z,-43.334645750000,-21.760669710000,"Rua Olga Burnier, 70"
412,PARQUE BURNIER.,10072358,17:05:00,18,2,0,21,2025-01-27T00:00:00.000Z,-43.328687310000,-21.761675740000,"Rua Natalino José de Paula, 112 - Ponto Final do Parque Burnier"
412,PARQUE BURNIER.,10073552,17:05:00,3,0,1,37,2025-01-27T00:00:00.000Z,-43.335479020000,-21.760313550000,"Rua São Geraldo, 84"
412,PARQUE BURNIER.,10072375,17:05:00,16,0,0,21,2025-01-27T00:00:00.000Z,-43.327420830000,-21.762727850000,"Rua Natalino José de Paula, 319"
412,PARQUE BURNIER.,10071503,17:05:00,15,3,4,21,2025-01-27T00:00:00.000Z,-43.326207040000,-21.762717810000,"Rua Natalino José de Paula, 421"
412,PARQUE BURNIER.,10072359,17:05:00,14,0,4,22,2025-01-27T00:00:00.000Z,-43.326282500000,-21.763143540000,"Rua Adelaide Campos de Resende, 651"
412,PARQUE BURNIER.,10072328,17:05:00,13,0,4,26,2025-01-27T00:00:00.000Z,-43.326450350000,-21.763683320000,"Rua Adelaide Campos de Resende, 669"
412,PARQUE BURNIER.,10072377,17:05:00,12,0,0,30,2025-01-27T00:00:00.000Z,-43.327321890000,-21.764062650000,"Rua José Teodoro dos Santos, 25"
412,PARQUE BURNIER.,10072316,17:05:00,11,0,2,30,2025-01-27T00:00:00.000Z,-43.328204750000,-21.763332370000,"Rua José Teodoro dos Santos, 145"
412,PARQUE BURNIER.,10072313,17:05:00,10,0,4,32,2025-01-27T00:00:00.000Z,-43.328846690000,-21.762504770000,"Rua José Teodoro dos Santos, 275"
412,PARQUE BURNIER.,10072296,17:05:00,9,0,0,36,2025-01-27T00:00:00.000Z,-43.329374790000,-21.763440430000,"Rua Adelaide Campos de Resende, 975"
412,PARQUE BURNIER.,10072301,17:05:00,8,0,1,36,2025-01-27T00:00:00.000Z,-43.330138330000,-21.763252970000,"Rua Adelaide Campos de Resende, 1061"
412,PARQUE BURNIER.,10073561,17:05:00,7,0,0,37,2025-01-27T00:00:00.000Z,-43.331552510000,-21.763418910000,"Rua Olga Burnier, 480"
412,PARQUE BURNIER.,10072362,17:40:00,3,0,0,0,2025-01-27T00:00:00.000Z,-43.327527760000,-21.762798310000,"Rua Natalino José de Paula, 310"
412,PARQUE BURNIER.,10072363,17:40:00,2,0,0,0,2025-01-27T00:00:00.000Z,-43.327885630000,-21.762179390000,"Rua Natalino José de Paula, 288"
412,PARQUE BURNIER.,10072358,17:40:00,1,0,0,0,2025-01-27T00:00:00.000Z,-43.328687310000,-21.761675740000,"Rua Natalino José de Paula, 112 - Ponto Final do Parque Burnier"
412,PARQUE BURNIER.,10072386,17:40:00,7,3,1,6,2025-01-27T00:00:00.000Z,-43.328850270000,-21.762325320000,"Rua José Teodoro dos Santos, 292"
412,PARQUE BURNIER.,10072384,17:40:00,6,0,0,4,2025-01-27T00:00:00.000Z,-43.327999480000,-21.763301540000,"Rua José Teodoro dos Santos, 126"
412,PARQUE BURNIER.,10072302,17:40:00,15,5,1,12,2025-01-27T00:00:00.000Z,-43.338029500000,-21.760323850000,"Avenida Sete de Setembro, 623"
412,PARQUE BURNIER.,10072309,17:40:00,5,1,0,4,2025-01-27T00:00:00.000Z,-43.327273730000,-21.763967940000,"Rua José Teodoro dos Santos, 28"
412,PARQUE BURNIER.,10071108,17:40:00,17,0,27,4,2025-01-27T00:00:00.000Z,-43.349331860000,-21.758144610000,"Avenida Getúlio Vargas, 835"
412,PARQUE BURNIER.,10074194,17:40:00,16,19,0,31,2025-01-27T00:00:00.000Z,-43.342338620000,-21.760505960000,"Rua Ângelo Falci, 55"
412,PARQUE BURNIER.,10073589,17:40:00,4,3,0,3,2025-01-27T00:00:00.000Z,-43.326568960000,-21.763629600000,"Rua Adelaide Campos de Resende, 706"
412,PARQUE BURNIER.,10072332,17:40:00,14,0,0,8,2025-01-27T00:00:00.000Z,-43.335533860000,-21.760131640000,"Rua São Geraldo, 89"
412,PARQUE BURNIER.,10072337,17:40:00,13,0,0,8,2025-01-27T00:00:00.000Z,-43.334540130000,-21.760522960000,"Rua Olga Burnier, 67"
412,PARQUE BURNIER.,10072335,17:40:00,12,0,0,8,2025-01-27T00:00:00.000Z,-43.333453420000,-21.761562350000,"Rua Olga Burnier, 233"
412,PARQUE BURNIER.,10072382,17:40:00,11,0,0,8,2025-01-27T00:00:00.000Z,-43.332369450000,-21.762522520000,"Rua Olga Burnier, 361"
412,PARQUE BURNIER.,10072380,17:40:00,10,0,0,8,2025-01-27T00:00:00.000Z,-43.331466790000,-21.763337580000,"Rua Olga Burnier, 485"
412,PARQUE BURNIER.,10073583,17:40:00,9,0,0,8,2025-01-27T00:00:00.000Z,-43.330207820000,-21.763072230000,"Rua Adelaide Campos de Resende, 1070"
412,PARQUE BURNIER.,10073584,17:40:00,8,2,0,8,2025-01-27T00:00:00.000Z,-43.329363350000,-21.763255450000,"Rua Adelaide Campos de Resende, 984"
412,PARQUE BURNIER.,10071108,18:00:00,1,2,0,2,2025-01-27T00:00:00.000Z,-43.349331860000,-21.758144610000,"Avenida Getúlio Vargas, 835"
412,PARQUE BURNIER.,10072305,18:00:00,2,1,0,3,2025-01-27T00:00:00.000Z,-43.337478970000,-21.760922950000,"Rua Djalma de Carvalho, 37"
412,PARQUE BURNIER.,10072359,18:00:00,14,0,0,3,2025-01-27T00:00:00.000Z,-43.326282500000,-21.763143540000,"Rua Adelaide Campos de Resende, 651"
412,PARQUE BURNIER.,10073558,18:00:00,4,0,0,4,2025-01-27T00:00:00.000Z,-43.334645750000,-21.760669710000,"Rua Olga Burnier, 70"
412,PARQUE BURNIER.,10073552,18:00:00,3,1,0,4,2025-01-27T00:00:00.000Z,-43.335479020000,-21.760313550000,"Rua São Geraldo, 84"
412,PARQUE BURNIER.,10072358,18:00:00,18,1,0,2,2025-01-27T00:00:00.000Z,-43.328687310000,-21.761675740000,"Rua Natalino José de Paula, 112 - Ponto Final do Parque Burnier"
412,PARQUE BURNIER.,10072356,18:00:00,17,0,2,1,2025-01-27T00:00:00.000Z,-43.327793950000,-21.762107030000,"Rua Natalino José de Paula, 271"
412,PARQUE BURNIER.,10072375,18:00:00,16,0,2,3,2025-01-27T00:00:00.000Z,-43.327420830000,-21.762727850000,"Rua Natalino José de Paula, 319"
412,PARQUE BURNIER.,10071503,18:00:00,15,2,0,5,2025-01-27T00:00:00.000Z,-43.326207040000,-21.762717810000,"Rua Natalino José de Paula, 421"
412,PARQUE BURNIER.,10072328,18:00:00,13,0,0,3,2025-01-27T00:00:00.000Z,-43.326450350000,-21.763683320000,"Rua Adelaide Campos de Resende, 669"
412,PARQUE BURNIER.,10072377,18:00:00,12,0,0,3,2025-01-27T00:00:00.000Z,-43.327321890000,-21.764062650000,"Rua José Teodoro dos Santos, 25"
412,PARQUE BURNIER.,10072316,18:00:00,11,0,0,3,2025-01-27T00:00:00.000Z,-43.328204750000,-21.763332370000,"Rua José Teodoro dos Santos, 145"
412,PARQUE BURNIER.,10072313,18:00:00,10,0,1,3,2025-01-27T00:00:00.000Z,-43.328846690000,-21.762504770000,"Rua José Teodoro dos Santos, 275"
412,PARQUE BURNIER.,10072296,18:00:00,9,0,0,4,2025-01-27T00:00:00.000Z,-43.329374790000,-21.763440430000,"Rua Adelaide Campos de Resende, 975"
412,PARQUE BURNIER.,10072301,18:00:00,8,0,0,4,2025-01-27T00:00:00.000Z,-43.330138330000,-21.763252970000,"Rua Adelaide Campos de Resende, 1061"
412,PARQUE BURNIER.,10073561,18:00:00,7,0,0,4,2025-01-27T00:00:00.000Z,-43.331552510000,-21.763418910000,"Rua Olga Burnier, 480"
412,PARQUE BURNIER.,10073557,18:00:00,6,0,0,4,2025-01-27T00:00:00.000Z,-43.332479840000,-21.762640710000,"Rua Olga Burnier, 356"
412,PARQUE BURNIER.,10073560,18:00:00,5,0,0,4,2025-01-27T00:00:00.000Z,-43.333589670000,-21.761652280000,"Rua Olga Burnier, 230"
412,PARQUE BURNIER.,10072363,18:35:00,2,1,0,1,2025-01-27T00:00:00.000Z,-43.327885630000,-21.762179390000,"Rua Natalino José de Paula, 288"
412,PARQUE BURNIER.,10072358,18:35:00,1,0,0,0,2025-01-27T00:00:00.000Z,-43.328687310000,-21.761675740000,"Rua Natalino José de Paula, 112 - Ponto Final do Parque Burnier"
412,PARQUE BURNIER.,10072362,18:35:00,3,1,0,2,2025-01-27T00:00:00.000Z,-43.327527760000,-21.762798310000,"Rua Natalino José de Paula, 310"
412,PARQUE BURNIER.,10072384,18:35:00,6,1,0,3,2025-01-27T00:00:00.000Z,-43.327999480000,-21.763301540000,"Rua José Teodoro dos Santos, 126"
412,PARQUE BURNIER.,10072309,18:35:00,5,0,0,2,2025-01-27T00:00:00.000Z,-43.327273730000,-21.763967940000,"Rua José Teodoro dos Santos, 28"
412,PARQUE BURNIER.,10073589,18:35:00,4,0,0,2,2025-01-27T00:00:00.000Z,-43.326568960000,-21.763629600000,"Rua Adelaide Campos de Resende, 706"
412,PARQUE BURNIER.,10074194,18:35:00,16,12,1,18,2025-01-27T00:00:00.000Z,-43.342338620000,-21.760505960000,"Rua Ângelo Falci, 55"
412,PARQUE BURNIER.,10072337,18:35:00,13,0,1,7,2025-01-27T00:00:00.000Z,-43.334540130000,-21.760522960000,"Rua Olga Burnier, 67"
412,PARQUE BURNIER.,10071108,18:35:00,17,0,16,2,2025-01-27T00:00:00.000Z,-43.349331860000,-21.758144610000,"Avenida Getúlio Vargas, 835"
412,PARQUE BURNIER.,10072335,18:35:00,12,0,0,8,2025-01-27T00:00:00.000Z,-43.333453420000,-21.761562350000,"Rua Olga Burnier, 233"
412,PARQUE BURNIER.,10072302,18:35:00,15,1,1,7,2025-01-27T00:00:00.000Z,-43.338029500000,-21.760323850000,"Avenida Sete de Setembro, 623"
412,PARQUE BURNIER.,10072332,18:35:00,14,0,0,7,2025-01-27T00:00:00.000Z,-43.335533860000,-21.760131640000,"Rua São Geraldo, 89"
412,PARQUE BURNIER.,10072386,18:35:00,7,1,0,4,2025-01-27T00:00:00.000Z,-43.328850270000,-21.762325320000,"Rua José Teodoro dos Santos, 292"
412,PARQUE BURNIER.,10072382,18:35:00,11,0,0,8,2025-01-27T00:00:00.000Z,-43.332369450000,-21.762522520000,"Rua Olga Burnier, 361"
412,PARQUE BURNIER.,10072380,18:35:00,10,2,0,8,2025-01-27T00:00:00.000Z,-43.331466790000,-21.763337580000,"Rua Olga Burnier, 485"
412,PARQUE BURNIER.,10073583,18:35:00,9,0,0,6,2025-01-27T00:00:00.000Z,-43.330207820000,-21.763072230000,"Rua Adelaide Campos de Resende, 1070"
412,PARQUE BURNIER.,10073584,18:35:00,8,2,0,6,2025-01-27T00:00:00.000Z,-43.329363350000,-21.763255450000,"Rua Adelaide Campos de Resende, 984"
412,PARQUE BURNIER.,10073558,18:55:00,4,0,0,9,2025-01-27T00:00:00.000Z,-43.334645750000,-21.760669710000,"Rua Olga Burnier, 70"
412,PARQUE BURNIER.,10073552,18:55:00,3,0,0,9,2025-01-27T00:00:00.000Z,-43.335479020000,-21.760313550000,"Rua São Geraldo, 84"
412,PARQUE BURNIER.,10073560,18:55:00,5,0,0,9,2025-01-27T00:00:00.000Z,-43.333589670000,-21.761652280000,"Rua Olga Burnier, 230"
412,PARQUE BURNIER.,10072305,18:55:00,2,1,2,9,2025-01-27T00:00:00.000Z,-43.337478970000,-21.760922950000,"Rua Djalma de Carvalho, 37"
412,PARQUE BURNIER.,10072377,18:55:00,12,0,0,8,2025-01-27T00:00:00.000Z,-43.327321890000,-21.764062650000,"Rua José Teodoro dos Santos, 25"
412,PARQUE BURNIER.,10072316,18:55:00,11,0,0,8,2025-01-27T00:00:00.000Z,-43.328204750000,-21.763332370000,"Rua José Teodoro dos Santos, 145"
412,PARQUE BURNIER.,10073557,18:55:00,6,0,0,9,2025-01-27T00:00:00.000Z,-43.332479840000,-21.762640710000,"Rua Olga Burnier, 356"
412,PARQUE BURNIER.,10071108,18:55:00,1,10,0,10,2025-01-27T00:00:00.000Z,-43.349331860000,-21.758144610000,"Avenida Getúlio Vargas, 835"
412,PARQUE BURNIER.,10072358,18:55:00,18,0,0,9,2025-01-27T00:00:00.000Z,-43.328687310000,-21.761675740000,"Rua Natalino José de Paula, 112 - Ponto Final do Parque Burnier"
412,PARQUE BURNIER.,10072356,18:55:00,17,0,0,9,2025-01-27T00:00:00.000Z,-43.327793950000,-21.762107030000,"Rua Natalino José de Paula, 271"
412,PARQUE BURNIER.,10072375,18:55:00,16,1,0,9,2025-01-27T00:00:00.000Z,-43.327420830000,-21.762727850000,"Rua Natalino José de Paula, 319"
412,PARQUE BURNIER.,10071503,18:55:00,15,0,0,8,2025-01-27T00:00:00.000Z,-43.326207040000,-21.762717810000,"Rua Natalino José de Paula, 421"
412,PARQUE BURNIER.,10072359,18:55:00,14,0,0,8,2025-01-27T00:00:00.000Z,-43.326282500000,-21.763143540000,"Rua Adelaide Campos de Resende, 651"
412,PARQUE BURNIER.,10072328,18:55:00,13,0,0,8,2025-01-27T00:00:00.000Z,-43.326450350000,-21.763683320000,"Rua Adelaide Campos de Resende, 669"
412,PARQUE BURNIER.,10072313,18:55:00,10,0,0,8,2025-01-27T00:00:00.000Z,-43.328846690000,-21.762504770000,"Rua José Teodoro dos Santos, 275"
412,PARQUE BURNIER.,10072296,18:55:00,9,0,0,8,2025-01-27T00:00:00.000Z,-43.329374790000,-21.763440430000,"Rua Adelaide Campos de Resende, 975"
412,PARQUE BURNIER.,10072301,18:55:00,8,0,1,8,2025-01-27T00:00:00.000Z,-43.330138330000,-21.763252970000,"Rua Adelaide Campos de Resende, 1061"
412,PARQUE BURNIER.,10073561,18:55:00,7,0,0,9,2025-01-27T00:00:00.000Z,-43.331552510000,-21.763418910000,"Rua Olga Burnier, 480"
412,PARQUE BURNIER.,10072309,19:30:00,5,0,0,0,2025-01-27T00:00:00.000Z,-43.327273730000,-21.763967940000,"Rua José Teodoro dos Santos, 28"
412,PARQUE BURNIER.,10073589,19:30:00,4,0,0,0,2025-01-27T00:00:00.000Z,-43.326568960000,-21.763629600000,"Rua Adelaide Campos de Resende, 706"
412,PARQUE BURNIER.,10072384,19:30:00,6,0,0,0,2025-01-27T00:00:00.000Z,-43.327999480000,-21.763301540000,"Rua José Teodoro dos Santos, 126"
412,PARQUE BURNIER.,10072362,19:30:00,3,0,0,0,2025-01-27T00:00:00.000Z,-43.327527760000,-21.762798310000,"Rua Natalino José de Paula, 310"
412,PARQUE BURNIER.,10071108,19:30:00,17,0,10,1,2025-01-27T00:00:00.000Z,-43.349331860000,-21.758144610000,"Avenida Getúlio Vargas, 835"
412,PARQUE BURNIER.,10073583,19:30:00,9,0,0,0,2025-01-27T00:00:00.000Z,-43.330207820000,-21.763072230000,"Rua Adelaide Campos de Resende, 1070"
412,PARQUE BURNIER.,10072386,19:30:00,7,0,0,0,2025-01-27T00:00:00.000Z,-43.328850270000,-21.762325320000,"Rua José Teodoro dos Santos, 292"
412,PARQUE BURNIER.,10072363,19:30:00,2,0,0,0,2025-01-27T00:00:00.000Z,-43.327885630000,-21.762179390000,"Rua Natalino José de Paula, 288"
412,PARQUE BURNIER.,10074194,19:30:00,16,10,1,11,2025-01-27T00:00:00.000Z,-43.342338620000,-21.760505960000,"Rua Ângelo Falci, 55"
412,PARQUE BURNIER.,10072302,19:30:00,15,2,0,2,2025-01-27T00:00:00.000Z,-43.338029500000,-21.760323850000,"Avenida Sete de Setembro, 623"
412,PARQUE BURNIER.,10072332,19:30:00,14,0,0,0,2025-01-27T00:00:00.000Z,-43.335533860000,-21.760131640000,"Rua São Geraldo, 89"
412,PARQUE BURNIER.,10072337,19:30:00,13,0,0,0,2025-01-27T00:00:00.000Z,-43.334540130000,-21.760522960000,"Rua Olga Burnier, 67"
412,PARQUE BURNIER.,10072335,19:30:00,12,0,0,0,2025-01-27T00:00:00.000Z,-43.333453420000,-21.761562350000,"Rua Olga Burnier, 233"
412,PARQUE BURNIER.,10072382,19:30:00,11,0,0,0,2025-01-27T00:00:00.000Z,-43.332369450000,-21.762522520000,"Rua Olga Burnier, 361"
412,PARQUE BURNIER.,10072380,19:30:00,10,0,0,0,2025-01-27T00:00:00.000Z,-43.331466790000,-21.763337580000,"Rua Olga Burnier, 485"
412,PARQUE BURNIER.,10072358,19:30:00,1,0,0,0,2025-01-27T00:00:00.000Z,-43.328687310000,-21.761675740000,"Rua Natalino José de Paula, 112 - Ponto Final do Parque Burnier"
412,PARQUE BURNIER.,10073584,19:30:00,8,0,0,0,2025-01-27T00:00:00.000Z,-43.329363350000,-21.763255450000,"Rua Adelaide Campos de Resende, 984"
412,PARQUE BURNIER.,10072358,20:25:00,1,0,0,0,2025-01-27T00:00:00.000Z,-43.328687310000,-21.761675740000,"Rua Natalino José de Paula, 112 - Ponto Final do Parque Burnier"
412,PARQUE BURNIER.,10073584,20:25:00,8,0,0,0,2025-01-27T00:00:00.000Z,-43.329363350000,-21.763255450000,"Rua Adelaide Campos de Resende, 984"
412,PARQUE BURNIER.,10072309,20:25:00,5,0,0,0,2025-01-27T00:00:00.000Z,-43.327273730000,-21.763967940000,"Rua José Teodoro dos Santos, 28"
412,PARQUE BURNIER.,10073583,20:25:00,9,0,0,0,2025-01-27T00:00:00.000Z,-43.330207820000,-21.763072230000,"Rua Adelaide Campos de Resende, 1070"
412,PARQUE BURNIER.,10073589,20:25:00,4,0,0,0,2025-01-27T00:00:00.000Z,-43.326568960000,-21.763629600000,"Rua Adelaide Campos de Resende, 706"
412,PARQUE BURNIER.,10071108,20:25:00,17,0,5,3,2025-01-27T00:00:00.000Z,-43.349331860000,-21.758144610000,"Avenida Getúlio Vargas, 835"
412,PARQUE BURNIER.,10074194,20:25:00,16,8,0,8,2025-01-27T00:00:00.000Z,-43.342338620000,-21.760505960000,"Rua Ângelo Falci, 55"
412,PARQUE BURNIER.,10072380,20:25:00,10,1,0,1,2025-01-27T00:00:00.000Z,-43.331466790000,-21.763337580000,"Rua Olga Burnier, 485"
412,PARQUE BURNIER.,10072362,20:25:00,3,0,0,0,2025-01-27T00:00:00.000Z,-43.327527760000,-21.762798310000,"Rua Natalino José de Paula, 310"
412,PARQUE BURNIER.,10072302,20:25:00,15,0,1,0,2025-01-27T00:00:00.000Z,-43.338029500000,-21.760323850000,"Avenida Sete de Setembro, 623"
412,PARQUE BURNIER.,10072332,20:25:00,14,0,0,1,2025-01-27T00:00:00.000Z,-43.335533860000,-21.760131640000,"Rua São Geraldo, 89"
412,PARQUE BURNIER.,10072337,20:25:00,13,0,0,1,2025-01-27T00:00:00.000Z,-43.334540130000,-21.760522960000,"Rua Olga Burnier, 67"
412,PARQUE BURNIER.,10072335,20:25:00,12,0,0,1,2025-01-27T00:00:00.000Z,-43.333453420000,-21.761562350000,"Rua Olga Burnier, 233"
412,PARQUE BURNIER.,10072382,20:25:00,11,0,0,1,2025-01-27T00:00:00.000Z,-43.332369450000,-21.762522520000,"Rua Olga Burnier, 361"
412,PARQUE BURNIER.,10072363,20:25:00,2,0,0,0,2025-01-27T00:00:00.000Z,-43.327885630000,-21.762179390000,"Rua Natalino José de Paula, 288"
412,PARQUE BURNIER.,10072386,20:25:00,7,0,0,0,2025-01-27T00:00:00.000Z,-43.328850270000,-21.762325320000,"Rua José Teodoro dos Santos, 292"
412,PARQUE BURNIER.,10072384,20:25:00,6,0,0,0,2025-01-27T00:00:00.000Z,-43.327999480000,-21.763301540000,"Rua José Teodoro dos Santos, 126"
412,PARQUE BURNIER.,10071108,20:45:00,1,14,0,14,2025-01-27T00:00:00.000Z,-43.349331860000,-21.758144610000,"Avenida Getúlio Vargas, 835"
412,PARQUE BURNIER.,10072305,20:45:00,2,0,2,12,2025-01-27T00:00:00.000Z,-43.337478970000,-21.760922950000,"Rua Djalma de Carvalho, 37"
412,PARQUE BURNIER.,10072301,20:45:00,8,0,0,12,2025-01-27T00:00:00.000Z,-43.330138330000,-21.763252970000,"Rua Adelaide Campos de Resende, 1061"
412,PARQUE BURNIER.,10073561,20:45:00,7,0,0,12,2025-01-27T00:00:00.000Z,-43.331552510000,-21.763418910000,"Rua Olga Burnier, 480"
412,PARQUE BURNIER.,10071503,20:45:00,15,0,0,0,2025-01-27T00:00:00.000Z,-43.326207040000,-21.762717810000,"Rua Natalino José de Paula, 421"
412,PARQUE BURNIER.,10073557,20:45:00,6,0,0,12,2025-01-27T00:00:00.000Z,-43.332479840000,-21.762640710000,"Rua Olga Burnier, 356"
412,PARQUE BURNIER.,10072358,20:45:00,18,0,1,0,2025-01-27T00:00:00.000Z,-43.328687310000,-21.761675740000,"Rua Natalino José de Paula, 112 - Ponto Final do Parque Burnier"
412,PARQUE BURNIER.,10072356,20:45:00,17,1,0,1,2025-01-27T00:00:00.000Z,-43.327793950000,-21.762107030000,"Rua Natalino José de Paula, 271"
412,PARQUE BURNIER.,10072375,20:45:00,16,0,0,0,2025-01-27T00:00:00.000Z,-43.327420830000,-21.762727850000,"Rua Natalino José de Paula, 319"
412,PARQUE BURNIER.,10073560,20:45:00,5,0,0,12,2025-01-27T00:00:00.000Z,-43.333589670000,-21.761652280000,"Rua Olga Burnier, 230"
412,PARQUE BURNIER.,10072359,20:45:00,14,0,0,0,2025-01-27T00:00:00.000Z,-43.326282500000,-21.763143540000,"Rua Adelaide Campos de Resende, 651"
412,PARQUE BURNIER.,10072328,20:45:00,13,0,5,0,2025-01-27T00:00:00.000Z,-43.326450350000,-21.763683320000,"Rua Adelaide Campos de Resende, 669"
412,PARQUE BURNIER.,10072377,20:45:00,12,0,0,5,2025-01-27T00:00:00.000Z,-43.327321890000,-21.764062650000,"Rua José Teodoro dos Santos, 25"
412,PARQUE BURNIER.,10072316,20:45:00,11,0,1,5,2025-01-27T00:00:00.000Z,-43.328204750000,-21.763332370000,"Rua José Teodoro dos Santos, 145"
412,PARQUE BURNIER.,10072313,20:45:00,10,0,1,6,2025-01-27T00:00:00.000Z,-43.328846690000,-21.762504770000,"Rua José Teodoro dos Santos, 275"
412,PARQUE BURNIER.,10072296,20:45:00,9,0,5,7,2025-01-27T00:00:00.000Z,-43.329374790000,-21.763440430000,"Rua Adelaide Campos de Resende, 975"
412,PARQUE BURNIER.,10073558,20:45:00,4,0,0,12,2025-01-27T00:00:00.000Z,-43.334645750000,-21.760669710000,"Rua Olga Burnier, 70"
412,PARQUE BURNIER.,10073552,20:45:00,3,0,0,12,2025-01-27T00:00:00.000Z,-43.335479020000,-21.760313550000,"Rua São Geraldo, 84"
412,PARQUE BURNIER.,10072305,21:40:00,2,0,2,8,2025-01-27T00:00:00.000Z,-43.337478970000,-21.760922950000,"Rua Djalma de Carvalho, 37"
412,PARQUE BURNIER.,10071108,21:40:00,1,10,0,10,2025-01-27T00:00:00.000Z,-43.349331860000,-21.758144610000,"Avenida Getúlio Vargas, 835"
412,PARQUE BURNIER.,10073552,21:40:00,3,0,0,8,2025-01-27T00:00:00.000Z,-43.335479020000,-21.760313550000,"Rua São Geraldo, 84"
412,PARQUE BURNIER.,10073560,21:40:00,5,0,0,8,2025-01-27T00:00:00.000Z,-43.333589670000,-21.761652280000,"Rua Olga Burnier, 230"
412,PARQUE BURNIER.,10073558,21:40:00,4,0,0,8,2025-01-27T00:00:00.000Z,-43.334645750000,-21.760669710000,"Rua Olga Burnier, 70"
412,PARQUE BURNIER.,10072356,21:40:00,17,0,0,6,2025-01-27T00:00:00.000Z,-43.327793950000,-21.762107030000,"Rua Natalino José de Paula, 271"
412,PARQUE BURNIER.,10072328,21:40:00,13,0,0,6,2025-01-27T00:00:00.000Z,-43.326450350000,-21.763683320000,"Rua Adelaide Campos de Resende, 669"
412,PARQUE BURNIER.,10072358,21:40:00,18,0,0,6,2025-01-27T00:00:00.000Z,-43.328687310000,-21.761675740000,"Rua Natalino José de Paula, 112 - Ponto Final do Parque Burnier"
412,PARQUE BURNIER.,10072301,21:40:00,8,0,0,8,2025-01-27T00:00:00.000Z,-43.330138330000,-21.763252970000,"Rua Adelaide Campos de Resende, 1061"
412,PARQUE BURNIER.,10072375,21:40:00,16,0,0,6,2025-01-27T00:00:00.000Z,-43.327420830000,-21.762727850000,"Rua Natalino José de Paula, 319"
412,PARQUE BURNIER.,10071503,21:40:00,15,0,0,6,2025-01-27T00:00:00.000Z,-43.326207040000,-21.762717810000,"Rua Natalino José de Paula, 421"
412,PARQUE BURNIER.,10072359,21:40:00,14,0,0,6,2025-01-27T00:00:00.000Z,-43.326282500000,-21.763143540000,"Rua Adelaide Campos de Resende, 651"
412,PARQUE BURNIER.,10073561,21:40:00,7,0,0,8,2025-01-27T00:00:00.000Z,-43.331552510000,-21.763418910000,"Rua Olga Burnier, 480"
412,PARQUE BURNIER.,10072377,21:40:00,12,0,1,6,2025-01-27T00:00:00.000Z,-43.327321890000,-21.764062650000,"Rua José Teodoro dos Santos, 25"
412,PARQUE BURNIER.,10072316,21:40:00,11,0,1,7,2025-01-27T00:00:00.000Z,-43.328204750000,-21.763332370000,"Rua José Teodoro dos Santos, 145"
412,PARQUE BURNIER.,10072313,21:40:00,10,0,0,8,2025-01-27T00:00:00.000Z,-43.328846690000,-21.762504770000,"Rua José Teodoro dos Santos, 275"
412,PARQUE BURNIER.,10072296,21:40:00,9,0,0,8,2025-01-27T00:00:00.000Z,-43.329374790000,-21.763440430000,"Rua Adelaide Campos de Resende, 975"
412,PARQUE BURNIER.,10073557,21:40:00,6,0,0,8,2025-01-27T00:00:00.000Z,-43.332479840000,-21.762640710000,"Rua Olga Burnier, 356"
412,PARQUE BURNIER.,10072358,22:30:00,18,0,0,9,2025-01-27T00:00:00.000Z,-43.328687310000,-21.761675740000,"Rua Natalino José de Paula, 112 - Ponto Final do Parque Burnier"
412,PARQUE BURNIER.,10072356,22:30:00,17,0,1,9,2025-01-27T00:00:00.000Z,-43.327793950000,-21.762107030000,"Rua Natalino José de Paula, 271"
412,PARQUE BURNIER.,10072375,22:30:00,16,0,1,10,2025-01-27T00:00:00.000Z,-43.327420830000,-21.762727850000,"Rua Natalino José de Paula, 319"
412,PARQUE BURNIER.,10071503,22:30:00,15,0,0,11,2025-01-27T00:00:00.000Z,-43.326207040000,-21.762717810000,"Rua Natalino José de Paula, 421"
412,PARQUE BURNIER.,10072359,22:30:00,14,0,0,11,2025-01-27T00:00:00.000Z,-43.326282500000,-21.763143540000,"Rua Adelaide Campos de Resende, 651"
412,PARQUE BURNIER.,10072328,22:30:00,13,0,0,11,2025-01-27T00:00:00.000Z,-43.326450350000,-21.763683320000,"Rua Adelaide Campos de Resende, 669"
412,PARQUE BURNIER.,10072377,22:30:00,12,0,0,11,2025-01-27T00:00:00.000Z,-43.327321890000,-21.764062650000,"Rua José Teodoro dos Santos, 25"
412,PARQUE BURNIER.,10072316,22:30:00,11,0,1,11,2025-01-27T00:00:00.000Z,-43.328204750000,-21.763332370000,"Rua José Teodoro dos Santos, 145"
412,PARQUE BURNIER.,10072313,22:30:00,10,0,1,12,2025-01-27T00:00:00.000Z,-43.328846690000,-21.762504770000,"Rua José Teodoro dos Santos, 275"
412,PARQUE BURNIER.,10072296,22:30:00,9,0,2,13,2025-01-27T00:00:00.000Z,-43.329374790000,-21.763440430000,"Rua Adelaide Campos de Resende, 975"
412,PARQUE BURNIER.,10072301,22:30:00,8,0,1,15,2025-01-27T00:00:00.000Z,-43.330138330000,-21.763252970000,"Rua Adelaide Campos de Resende, 1061"
412,PARQUE BURNIER.,10073561,22:30:00,7,0,2,16,2025-01-27T00:00:00.000Z,-43.331552510000,-21.763418910000,"Rua Olga Burnier, 480"
412,PARQUE BURNIER.,10073557,22:30:00,6,0,0,18,2025-01-27T00:00:00.000Z,-43.332479840000,-21.762640710000,"Rua Olga Burnier, 356"
412,PARQUE BURNIER.,10073560,22:30:00,5,0,0,18,2025-01-27T00:00:00.000Z,-43.333589670000,-21.761652280000,"Rua Olga Burnier, 230"
412,PARQUE BURNIER.,10073558,22:30:00,4,1,0,18,2025-01-27T00:00:00.000Z,-43.334645750000,-21.760669710000,"Rua Olga Burnier, 70"
412,PARQUE BURNIER.,10073552,22:30:00,3,0,0,17,2025-01-27T00:00:00.000Z,-43.335479020000,-21.760313550000,"Rua São Geraldo, 84"
412,PARQUE BURNIER.,10072305,22:30:00,2,0,1,17,2025-01-27T00:00:00.000Z,-43.337478970000,-21.760922950000,"Rua Djalma de Carvalho, 37"
412,PARQUE BURNIER.,10071108,22:30:00,1,18,0,18,2025-01-27T00:00:00.000Z,-43.349331860000,-21.758144610000,"Avenida Getúlio Vargas, 835"
412,PARQUE BURNIER.,10072363,05:30:00,2,0,0,0,2025-01-28T00:00:00.000Z,-43.327885630000,-21.762179390000,"Rua Natalino José de Paula, 288"
412,PARQUE BURNIER.,10072358,05:30:00,1,0,0,0,2025-01-28T00:00:00.000Z,-43.328687310000,-21.761675740000,"Rua Natalino José de Paula, 112 - Ponto Final do Parque Burnier"
412,PARQUE BURNIER.,10072384,05:30:00,6,0,0,11,2025-01-28T00:00:00.000Z,-43.327999480000,-21.763301540000,"Rua José Teodoro dos Santos, 126"
412,PARQUE BURNIER.,10072309,05:30:00,5,1,0,11,2025-01-28T00:00:00.000Z,-43.327273730000,-21.763967940000,"Rua José Teodoro dos Santos, 28"
412,PARQUE BURNIER.,10072386,05:30:00,7,1,2,10,2025-01-28T00:00:00.000Z,-43.328850270000,-21.762325320000,"Rua José Teodoro dos Santos, 292"
412,PARQUE BURNIER.,10073589,05:30:00,4,8,0,10,2025-01-28T00:00:00.000Z,-43.326568960000,-21.763629600000,"Rua Adelaide Campos de Resende, 706"
412,PARQUE BURNIER.,10071108,05:30:00,17,0,7,2,2025-01-28T00:00:00.000Z,-43.349331860000,-21.758144610000,"Avenida Getúlio Vargas, 835"
412,PARQUE BURNIER.,10073584,05:30:00,8,3,0,13,2025-01-28T00:00:00.000Z,-43.329363350000,-21.763255450000,"Rua Adelaide Campos de Resende, 984"
412,PARQUE BURNIER.,10072362,05:30:00,3,2,0,2,2025-01-28T00:00:00.000Z,-43.327527760000,-21.762798310000,"Rua Natalino José de Paula, 310"
412,PARQUE BURNIER.,10074194,05:30:00,16,1,7,9,2025-01-28T00:00:00.000Z,-43.342338620000,-21.760505960000,"Rua Ângelo Falci, 55"
412,PARQUE BURNIER.,10072302,05:30:00,15,2,0,15,2025-01-28T00:00:00.000Z,-43.338029500000,-21.760323850000,"Avenida Sete de Setembro, 623"
412,PARQUE BURNIER.,10072332,05:30:00,14,1,0,13,2025-01-28T00:00:00.000Z,-43.335533860000,-21.760131640000,"Rua São Geraldo, 89"
412,PARQUE BURNIER.,10072337,05:30:00,13,0,0,12,2025-01-28T00:00:00.000Z,-43.334540130000,-21.760522960000,"Rua Olga Burnier, 67"
412,PARQUE BURNIER.,10072335,05:30:00,12,0,0,12,2025-01-28T00:00:00.000Z,-43.333453420000,-21.761562350000,"Rua Olga Burnier, 233"
412,PARQUE BURNIER.,10072382,05:30:00,11,0,0,12,2025-01-28T00:00:00.000Z,-43.332369450000,-21.762522520000,"Rua Olga Burnier, 361"
412,PARQUE BURNIER.,10072380,05:30:00,10,0,0,12,2025-01-28T00:00:00.000Z,-43.331466790000,-21.763337580000,"Rua Olga Burnier, 485"
412,PARQUE BURNIER.,10073583,05:30:00,9,0,1,12,2025-01-28T00:00:00.000Z,-43.330207820000,-21.763072230000,"Rua Adelaide Campos de Resende, 1070"
412,PARQUE BURNIER.,10071108,05:51:00,1,13,0,13,2025-01-28T00:00:00.000Z,-43.349331860000,-21.758144610000,"Avenida Getúlio Vargas, 835"
412,PARQUE BURNIER.,10073558,05:51:00,4,0,0,10,2025-01-28T00:00:00.000Z,-43.334645750000,-21.760669710000,"Rua Olga Burnier, 70"
412,PARQUE BURNIER.,10073552,05:51:00,3,0,2,10,2025-01-28T00:00:00.000Z,-43.335479020000,-21.760313550000,"Rua São Geraldo, 84"
412,PARQUE BURNIER.,10072305,05:51:00,2,0,1,12,2025-01-28T00:00:00.000Z,-43.337478970000,-21.760922950000,"Rua Djalma de Carvalho, 37"
412,PARQUE BURNIER.,10072375,05:51:00,16,0,0,0,2025-01-28T00:00:00.000Z,-43.327420830000,-21.762727850000,"Rua Natalino José de Paula, 319"
412,PARQUE BURNIER.,10073561,05:51:00,7,0,4,4,2025-01-28T00:00:00.000Z,-43.331552510000,-21.763418910000,"Rua Olga Burnier, 480"
412,PARQUE BURNIER.,10072356,05:51:00,17,0,0,0,2025-01-28T00:00:00.000Z,-43.327793950000,-21.762107030000,"Rua Natalino José de Paula, 271"
412,PARQUE BURNIER.,10073557,05:51:00,6,0,0,8,2025-01-28T00:00:00.000Z,-43.332479840000,-21.762640710000,"Rua Olga Burnier, 356"
412,PARQUE BURNIER.,10072358,05:51:00,18,16,0,16,2025-01-28T00:00:00.000Z,-43.328687310000,-21.761675740000,"Rua Natalino José de Paula, 112 - Ponto Final do Parque Burnier"
412,PARQUE BURNIER.,10073560,05:51:00,5,0,2,8,2025-01-28T00:00:00.000Z,-43.333589670000,-21.761652280000,"Rua Olga Burnier, 230"
412,PARQUE BURNIER.,10071503,05:51:00,15,0,0,0,2025-01-28T00:00:00.000Z,-43.326207040000,-21.762717810000,"Rua Natalino José de Paula, 421"
412,PARQUE BURNIER.,10072359,05:51:00,14,0,0,0,2025-01-28T00:00:00.000Z,-43.326282500000,-21.763143540000,"Rua Adelaide Campos de Resende, 651"
412,PARQUE BURNIER.,10072328,05:51:00,13,0,0,0,2025-01-28T00:00:00.000Z,-43.326450350000,-21.763683320000,"Rua Adelaide Campos de Resende, 669"
412,PARQUE BURNIER.,10072377,05:51:00,12,0,0,0,2025-01-28T00:00:00.000Z,-43.327321890000,-21.764062650000,"Rua José Teodoro dos Santos, 25"
412,PARQUE BURNIER.,10072316,05:51:00,11,0,0,0,2025-01-28T00:00:00.000Z,-43.328204750000,-21.763332370000,"Rua José Teodoro dos Santos, 145"
412,PARQUE BURNIER.,10072313,05:51:00,10,0,0,0,2025-01-28T00:00:00.000Z,-43.328846690000,-21.762504770000,"Rua José Teodoro dos Santos, 275"
412,PARQUE BURNIER.,10072296,05:51:00,9,0,4,0,2025-01-28T00:00:00.000Z,-43.329374790000,-21.763440430000,"Rua Adelaide Campos de Resende, 975"
412,PARQUE BURNIER.,10072301,05:51:00,8,0,0,4,2025-01-28T00:00:00.000Z,-43.330138330000,-21.763252970000,"Rua Adelaide Campos de Resende, 1061"
412,PARQUE BURNIER.,10072358,06:17:00,1,0,0,0,2025-01-28T00:00:00.000Z,-43.328687310000,-21.761675740000,"Rua Natalino José de Paula, 112 - Ponto Final do Parque Burnier"
412,PARQUE BURNIER.,10072363,06:17:00,2,4,0,4,2025-01-28T00:00:00.000Z,-43.327885630000,-21.762179390000,"Rua Natalino José de Paula, 288"
412,PARQUE BURNIER.,10072309,06:17:00,5,3,0,12,2025-01-28T00:00:00.000Z,-43.327273730000,-21.763967940000,"Rua José Teodoro dos Santos, 28"
412,PARQUE BURNIER.,10073589,06:17:00,4,5,0,9,2025-01-28T00:00:00.000Z,-43.326568960000,-21.763629600000,"Rua Adelaide Campos de Resende, 706"
412,PARQUE BURNIER.,10072362,06:17:00,3,0,0,4,2025-01-28T00:00:00.000Z,-43.327527760000,-21.762798310000,"Rua Natalino José de Paula, 310"
412,PARQUE BURNIER.,10072332,06:17:00,14,1,0,22,2025-01-28T00:00:00.000Z,-43.335533860000,-21.760131640000,"Rua São Geraldo, 89"
412,PARQUE BURNIER.,10073584,06:17:00,8,3,0,20,2025-01-28T00:00:00.000Z,-43.329363350000,-21.763255450000,"Rua Adelaide Campos de Resende, 984"
412,PARQUE BURNIER.,10072302,06:17:00,15,0,0,22,2025-01-28T00:00:00.000Z,-43.338029500000,-21.760323850000,"Avenida Sete de Setembro, 623"
412,PARQUE BURNIER.,10072386,06:17:00,7,4,0,17,2025-01-28T00:00:00.000Z,-43.328850270000,-21.762325320000,"Rua José Teodoro dos Santos, 292"
412,PARQUE BURNIER.,10071108,06:17:00,17,0,7,12,2025-01-28T00:00:00.000Z,-43.349331860000,-21.758144610000,"Avenida Getúlio Vargas, 835"
412,PARQUE BURNIER.,10074194,06:17:00,16,0,3,19,2025-01-28T00:00:00.000Z,-43.342338620000,-21.760505960000,"Rua Ângelo Falci, 55"
412,PARQUE BURNIER.,10072384,06:17:00,6,1,0,13,2025-01-28T00:00:00.000Z,-43.327999480000,-21.763301540000,"Rua José Teodoro dos Santos, 126"
412,PARQUE BURNIER.,10072337,06:17:00,13,0,0,21,2025-01-28T00:00:00.000Z,-43.334540130000,-21.760522960000,"Rua Olga Burnier, 67"
412,PARQUE BURNIER.,10072335,06:17:00,12,1,1,21,2025-01-28T00:00:00.000Z,-43.333453420000,-21.761562350000,"Rua Olga Burnier, 233"
412,PARQUE BURNIER.,10072382,06:17:00,11,0,0,21,2025-01-28T00:00:00.000Z,-43.332369450000,-21.762522520000,"Rua Olga Burnier, 361"
412,PARQUE BURNIER.,10072380,06:17:00,10,0,0,21,2025-01-28T00:00:00.000Z,-43.331466790000,-21.763337580000,"Rua Olga Burnier, 485"
412,PARQUE BURNIER.,10073583,06:17:00,9,1,0,21,2025-01-28T00:00:00.000Z,-43.330207820000,-21.763072230000,"Rua Adelaide Campos de Resende, 1070"
412,PARQUE BURNIER.,10073552,06:38:00,3,0,1,3,2025-01-28T00:00:00.000Z,-43.335479020000,-21.760313550000,"Rua São Geraldo, 84"
412,PARQUE BURNIER.,10072305,06:38:00,2,1,0,4,2025-01-28T00:00:00.000Z,-43.337478970000,-21.760922950000,"Rua Djalma de Carvalho, 37"
412,PARQUE BURNIER.,10073558,06:38:00,4,0,0,3,2025-01-28T00:00:00.000Z,-43.334645750000,-21.760669710000,"Rua Olga Burnier, 70"
412,PARQUE BURNIER.,10071108,06:38:00,1,3,0,3,2025-01-28T00:00:00.000Z,-43.349331860000,-21.758144610000,"Avenida Getúlio Vargas, 835"
412,PARQUE BURNIER.,10072328,06:38:00,13,0,1,4,2025-01-28T00:00:00.000Z,-43.326450350000,-21.763683320000,"Rua Adelaide Campos de Resende, 669"
412,PARQUE BURNIER.,10073557,06:38:00,6,1,0,4,2025-01-28T00:00:00.000Z,-43.332479840000,-21.762640710000,"Rua Olga Burnier, 356"
412,PARQUE BURNIER.,10073560,06:38:00,5,0,0,3,2025-01-28T00:00:00.000Z,-43.333589670000,-21.761652280000,"Rua Olga Burnier, 230"
412,PARQUE BURNIER.,10072356,06:38:00,17,0,0,2,2025-01-28T00:00:00.000Z,-43.327793950000,-21.762107030000,"Rua Natalino José de Paula, 271"
412,PARQUE BURNIER.,10072375,06:38:00,16,0,0,2,2025-01-28T00:00:00.000Z,-43.327420830000,-21.762727850000,"Rua Natalino José de Paula, 319"
412,PARQUE BURNIER.,10072358,06:38:00,18,6,0,8,2025-01-28T00:00:00.000Z,-43.328687310000,-21.761675740000,"Rua Natalino José de Paula, 112 - Ponto Final do Parque Burnier"
412,PARQUE BURNIER.,10071503,06:38:00,15,0,1,2,2025-01-28T00:00:00.000Z,-43.326207040000,-21.762717810000,"Rua Natalino José de Paula, 421"
412,PARQUE BURNIER.,10072359,06:38:00,14,0,1,3,2025-01-28T00:00:00.000Z,-43.326282500000,-21.763143540000,"Rua Adelaide Campos de Resende, 651"
412,PARQUE BURNIER.,10072377,06:38:00,12,0,0,5,2025-01-28T00:00:00.000Z,-43.327321890000,-21.764062650000,"Rua José Teodoro dos Santos, 25"
412,PARQUE BURNIER.,10072316,06:38:00,11,1,0,5,2025-01-28T00:00:00.000Z,-43.328204750000,-21.763332370000,"Rua José Teodoro dos Santos, 145"
412,PARQUE BURNIER.,10072313,06:38:00,10,0,0,4,2025-01-28T00:00:00.000Z,-43.328846690000,-21.762504770000,"Rua José Teodoro dos Santos, 275"
412,PARQUE BURNIER.,10072296,06:38:00,9,0,0,4,2025-01-28T00:00:00.000Z,-43.329374790000,-21.763440430000,"Rua Adelaide Campos de Resende, 975"
412,PARQUE BURNIER.,10072301,06:38:00,8,0,0,4,2025-01-28T00:00:00.000Z,-43.330138330000,-21.763252970000,"Rua Adelaide Campos de Resende, 1061"
412,PARQUE BURNIER.,10073561,06:38:00,7,0,0,4,2025-01-28T00:00:00.000Z,-43.331552510000,-21.763418910000,"Rua Olga Burnier, 480"
412,PARQUE BURNIER.,10073589,07:04:00,4,12,0,20,2025-01-28T00:00:00.000Z,-43.326568960000,-21.763629600000,"Rua Adelaide Campos de Resende, 706"
412,PARQUE BURNIER.,10072362,07:04:00,3,3,0,8,2025-01-28T00:00:00.000Z,-43.327527760000,-21.762798310000,"Rua Natalino José de Paula, 310"
412,PARQUE BURNIER.,10072309,07:04:00,5,0,0,20,2025-01-28T00:00:00.000Z,-43.327273730000,-21.763967940000,"Rua José Teodoro dos Santos, 28"
412,PARQUE BURNIER.,10072363,07:04:00,2,5,0,5,2025-01-28T00:00:00.000Z,-43.327885630000,-21.762179390000,"Rua Natalino José de Paula, 288"
412,PARQUE BURNIER.,10073584,07:04:00,8,3,1,28,2025-01-28T00:00:00.000Z,-43.329363350000,-21.763255450000,"Rua Adelaide Campos de Resende, 984"
412,PARQUE BURNIER.,10072386,07:04:00,7,3,0,26,2025-01-28T00:00:00.000Z,-43.328850270000,-21.762325320000,"Rua José Teodoro dos Santos, 292"
412,PARQUE BURNIER.,10072384,07:04:00,6,3,0,23,2025-01-28T00:00:00.000Z,-43.327999480000,-21.763301540000,"Rua José Teodoro dos Santos, 126"
412,PARQUE BURNIER.,10072358,07:04:00,1,0,0,0,2025-01-28T00:00:00.000Z,-43.328687310000,-21.761675740000,"Rua Natalino José de Paula, 112 - Ponto Final do Parque Burnier"
412,PARQUE BURNIER.,10071108,07:04:00,17,0,15,9,2025-01-28T00:00:00.000Z,-43.349331860000,-21.758144610000,"Avenida Getúlio Vargas, 835"
412,PARQUE BURNIER.,10072302,07:04:00,15,1,2,28,2025-01-28T00:00:00.000Z,-43.338029500000,-21.760323850000,"Avenida Sete de Setembro, 623"
412,PARQUE BURNIER.,10074194,07:04:00,16,2,6,24,2025-01-28T00:00:00.000Z,-43.342338620000,-21.760505960000,"Rua Ângelo Falci, 55"
412,PARQUE BURNIER.,10072335,07:04:00,12,0,0,29,2025-01-28T00:00:00.000Z,-43.333453420000,-21.761562350000,"Rua Olga Burnier, 233"
412,PARQUE BURNIER.,10072332,07:04:00,14,0,0,29,2025-01-28T00:00:00.000Z,-43.335533860000,-21.760131640000,"Rua São Geraldo, 89"
412,PARQUE BURNIER.,10072337,07:04:00,13,0,0,29,2025-01-28T00:00:00.000Z,-43.334540130000,-21.760522960000,"Rua Olga Burnier, 67"
412,PARQUE BURNIER.,10072382,07:04:00,11,2,0,29,2025-01-28T00:00:00.000Z,-43.332369450000,-21.762522520000,"Rua Olga Burnier, 361"
412,PARQUE BURNIER.,10072380,07:04:00,10,0,0,27,2025-01-28T00:00:00.000Z,-43.331466790000,-21.763337580000,"Rua Olga Burnier, 485"
412,PARQUE BURNIER.,10073583,07:04:00,9,0,1,27,2025-01-28T00:00:00.000Z,-43.330207820000,-21.763072230000,"Rua Adelaide Campos de Resende, 1070"
412,PARQUE BURNIER.,10071108,07:25:00,1,10,0,10,2025-01-28T00:00:00.000Z,-43.349331860000,-21.758144610000,"Avenida Getúlio Vargas, 835"
412,PARQUE BURNIER.,10073557,07:25:00,6,0,0,10,2025-01-28T00:00:00.000Z,-43.332479840000,-21.762640710000,"Rua Olga Burnier, 356"
412,PARQUE BURNIER.,10073560,07:25:00,5,0,2,10,2025-01-28T00:00:00.000Z,-43.333589670000,-21.761652280000,"Rua Olga Burnier, 230"
412,PARQUE BURNIER.,10073561,07:25:00,7,0,0,10,2025-01-28T00:00:00.000Z,-43.331552510000,-21.763418910000,"Rua Olga Burnier, 480"
412,PARQUE BURNIER.,10073558,07:25:00,4,0,1,12,2025-01-28T00:00:00.000Z,-43.334645750000,-21.760669710000,"Rua Olga Burnier, 70"
412,PARQUE BURNIER.,10072358,07:25:00,18,5,0,5,2025-01-28T00:00:00.000Z,-43.328687310000,-21.761675740000,"Rua Natalino José de Paula, 112 - Ponto Final do Parque Burnier"
412,PARQUE BURNIER.,10072316,07:25:00,11,0,2,5,2025-01-28T00:00:00.000Z,-43.328204750000,-21.763332370000,"Rua José Teodoro dos Santos, 145"
412,PARQUE BURNIER.,10072313,07:25:00,10,0,1,7,2025-01-28T00:00:00.000Z,-43.328846690000,-21.762504770000,"Rua José Teodoro dos Santos, 275"
412,PARQUE BURNIER.,10073552,07:25:00,3,2,0,13,2025-01-28T00:00:00.000Z,-43.335479020000,-21.760313550000,"Rua São Geraldo, 84"
412,PARQUE BURNIER.,10072356,07:25:00,17,0,0,0,2025-01-28T00:00:00.000Z,-43.327793950000,-21.762107030000,"Rua Natalino José de Paula, 271"
412,PARQUE BURNIER.,10072375,07:25:00,16,0,0,0,2025-01-28T00:00:00.000Z,-43.327420830000,-21.762727850000,"Rua Natalino José de Paula, 319"
412,PARQUE BURNIER.,10071503,07:25:00,15,0,1,0,2025-01-28T00:00:00.000Z,-43.326207040000,-21.762717810000,"Rua Natalino José de Paula, 421"
412,PARQUE BURNIER.,10072359,07:25:00,14,0,2,1,2025-01-28T00:00:00.000Z,-43.326282500000,-21.763143540000,"Rua Adelaide Campos de Resende, 651"
412,PARQUE BURNIER.,10072328,07:25:00,13,0,2,3,2025-01-28T00:00:00.000Z,-43.326450350000,-21.763683320000,"Rua Adelaide Campos de Resende, 669"
412,PARQUE BURNIER.,10072377,07:25:00,12,0,0,5,2025-01-28T00:00:00.000Z,-43.327321890000,-21.764062650000,"Rua José Teodoro dos Santos, 25"
412,PARQUE BURNIER.,10072305,07:25:00,2,2,1,11,2025-01-28T00:00:00.000Z,-43.337478970000,-21.760922950000,"Rua Djalma de Carvalho, 37"
412,PARQUE BURNIER.,10072296,07:25:00,9,0,1,8,2025-01-28T00:00:00.000Z,-43.329374790000,-21.763440430000,"Rua Adelaide Campos de Resende, 975"
412,PARQUE BURNIER.,10072301,07:25:00,8,0,1,9,2025-01-28T00:00:00.000Z,-43.330138330000,-21.763252970000,"Rua Adelaide Campos de Resende, 1061"
412,PARQUE BURNIER.,10072386,07:51:00,7,4,0,27,2025-01-28T00:00:00.000Z,-43.328850270000,-21.762325320000,"Rua José Teodoro dos Santos, 292"
412,PARQUE BURNIER.,10072384,07:51:00,6,3,0,23,2025-01-28T00:00:00.000Z,-43.327999480000,-21.763301540000,"Rua José Teodoro dos Santos, 126"
412,PARQUE BURNIER.,10073584,07:51:00,8,4,0,31,2025-01-28T00:00:00.000Z,-43.329363350000,-21.763255450000,"Rua Adelaide Campos de Resende, 984"
412,PARQUE BURNIER.,10072309,07:51:00,5,2,0,20,2025-01-28T00:00:00.000Z,-43.327273730000,-21.763967940000,"Rua José Teodoro dos Santos, 28"
412,PARQUE BURNIER.,10071108,07:51:00,17,0,26,5,2025-01-28T00:00:00.000Z,-43.349331860000,-21.758144610000,"Avenida Getúlio Vargas, 835"
412,PARQUE BURNIER.,10074194,07:51:00,16,3,5,31,2025-01-28T00:00:00.000Z,-43.342338620000,-21.760505960000,"Rua Ângelo Falci, 55"
412,PARQUE BURNIER.,10073583,07:51:00,9,1,1,31,2025-01-28T00:00:00.000Z,-43.330207820000,-21.763072230000,"Rua Adelaide Campos de Resende, 1070"
412,PARQUE BURNIER.,10073589,07:51:00,4,14,0,18,2025-01-28T00:00:00.000Z,-43.326568960000,-21.763629600000,"Rua Adelaide Campos de Resende, 706"
412,PARQUE BURNIER.,10072302,07:51:00,15,0,2,33,2025-01-28T00:00:00.000Z,-43.338029500000,-21.760323850000,"Avenida Sete de Setembro, 623"
412,PARQUE BURNIER.,10072332,07:51:00,14,1,0,35,2025-01-28T00:00:00.000Z,-43.335533860000,-21.760131640000,"Rua São Geraldo, 89"
412,PARQUE BURNIER.,10072337,07:51:00,13,1,0,34,2025-01-28T00:00:00.000Z,-43.334540130000,-21.760522960000,"Rua Olga Burnier, 67"
412,PARQUE BURNIER.,10072335,07:51:00,12,0,0,33,2025-01-28T00:00:00.000Z,-43.333453420000,-21.761562350000,"Rua Olga Burnier, 233"
412,PARQUE BURNIER.,10072382,07:51:00,11,2,0,33,2025-01-28T00:00:00.000Z,-43.332369450000,-21.762522520000,"Rua Olga Burnier, 361"
412,PARQUE BURNIER.,10072380,07:51:00,10,1,1,31,2025-01-28T00:00:00.000Z,-43.331466790000,-21.763337580000,"Rua Olga Burnier, 485"
412,PARQUE BURNIER.,10072362,07:51:00,3,0,0,4,2025-01-28T00:00:00.000Z,-43.327527760000,-21.762798310000,"Rua Natalino José de Paula, 310"
412,PARQUE BURNIER.,10072363,07:51:00,2,4,0,4,2025-01-28T00:00:00.000Z,-43.327885630000,-21.762179390000,"Rua Natalino José de Paula, 288"
412,PARQUE BURNIER.,10072358,07:51:00,1,0,0,0,2025-01-28T00:00:00.000Z,-43.328687310000,-21.761675740000,"Rua Natalino José de Paula, 112 - Ponto Final do Parque Burnier"
412,PARQUE BURNIER.,10071108,08:12:00,1,0,0,0,2025-01-28T00:00:00.000Z,-43.349331860000,-21.758144610000,"Avenida Getúlio Vargas, 835"
412,PARQUE BURNIER.,10072305,08:12:00,2,0,0,0,2025-01-28T00:00:00.000Z,-43.337478970000,-21.760922950000,"Rua Djalma de Carvalho, 37"
412,PARQUE BURNIER.,10073558,08:12:00,4,0,0,0,2025-01-28T00:00:00.000Z,-43.334645750000,-21.760669710000,"Rua Olga Burnier, 70"
412,PARQUE BURNIER.,10073552,08:12:00,3,0,0,0,2025-01-28T00:00:00.000Z,-43.335479020000,-21.760313550000,"Rua São Geraldo, 84"
412,PARQUE BURNIER.,10072313,08:12:00,10,0,0,2,2025-01-28T00:00:00.000Z,-43.328846690000,-21.762504770000,"Rua José Teodoro dos Santos, 275"
412,PARQUE BURNIER.,10072296,08:12:00,9,2,0,2,2025-01-28T00:00:00.000Z,-43.329374790000,-21.763440430000,"Rua Adelaide Campos de Resende, 975"
412,PARQUE BURNIER.,10071503,08:12:00,15,0,0,2,2025-01-28T00:00:00.000Z,-43.326207040000,-21.762717810000,"Rua Natalino José de Paula, 421"
412,PARQUE BURNIER.,10072301,08:12:00,8,0,0,0,2025-01-28T00:00:00.000Z,-43.330138330000,-21.763252970000,"Rua Adelaide Campos de Resende, 1061"
412,PARQUE BURNIER.,10072358,08:12:00,18,4,0,6,2025-01-28T00:00:00.000Z,-43.328687310000,-21.761675740000,"Rua Natalino José de Paula, 112 - Ponto Final do Parque Burnier"
412,PARQUE BURNIER.,10072356,08:12:00,17,0,0,2,2025-01-28T00:00:00.000Z,-43.327793950000,-21.762107030000,"Rua Natalino José de Paula, 271"
412,PARQUE BURNIER.,10072375,08:12:00,16,0,0,2,2025-01-28T00:00:00.000Z,-43.327420830000,-21.762727850000,"Rua Natalino José de Paula, 319"
412,PARQUE BURNIER.,10073561,08:12:00,7,0,0,0,2025-01-28T00:00:00.000Z,-43.331552510000,-21.763418910000,"Rua Olga Burnier, 480"
412,PARQUE BURNIER.,10072359,08:12:00,14,0,0,2,2025-01-28T00:00:00.000Z,-43.326282500000,-21.763143540000,"Rua Adelaide Campos de Resende, 651"
412,PARQUE BURNIER.,10072328,08:12:00,13,0,0,2,2025-01-28T00:00:00.000Z,-43.326450350000,-21.763683320000,"Rua Adelaide Campos de Resende, 669"
412,PARQUE BURNIER.,10072377,08:12:00,12,0,0,2,2025-01-28T00:00:00.000Z,-43.327321890000,-21.764062650000,"Rua José Teodoro dos Santos, 25"
412,PARQUE BURNIER.,10072316,08:12:00,11,0,0,2,2025-01-28T00:00:00.000Z,-43.328204750000,-21.763332370000,"Rua José Teodoro dos Santos, 145"
412,PARQUE BURNIER.,10073560,08:12:00,5,0,0,0,2025-01-28T00:00:00.000Z,-43.333589670000,-21.761652280000,"Rua Olga Burnier, 230"
412,PARQUE BURNIER.,10073557,08:12:00,6,0,0,0,2025-01-28T00:00:00.000Z,-43.332479840000,-21.762640710000,"Rua Olga Burnier, 356"
412,PARQUE BURNIER.,10072363,08:38:00,2,2,0,2,2025-01-28T00:00:00.000Z,-43.327885630000,-21.762179390000,"Rua Natalino José de Paula, 288"
412,PARQUE BURNIER.,10072358,08:38:00,1,0,0,0,2025-01-28T00:00:00.000Z,-43.328687310000,-21.761675740000,"Rua Natalino José de Paula, 112 - Ponto Final do Parque Burnier"
412,PARQUE BURNIER.,10072362,08:38:00,3,3,0,5,2025-01-28T00:00:00.000Z,-43.327527760000,-21.762798310000,"Rua Natalino José de Paula, 310"
412,PARQUE BURNIER.,10073589,08:38:00,4,10,0,15,2025-01-28T00:00:00.000Z,-43.326568960000,-21.763629600000,"Rua Adelaide Campos de Resende, 706"
412,PARQUE BURNIER.,10072337,08:38:00,13,1,0,42,2025-01-28T00:00:00.000Z,-43.334540130000,-21.760522960000,"Rua Olga Burnier, 67"
412,PARQUE BURNIER.,10073583,08:38:00,9,2,0,35,2025-01-28T00:00:00.000Z,-43.330207820000,-21.763072230000,"Rua Adelaide Campos de Resende, 1070"
412,PARQUE BURNIER.,10071108,08:38:00,17,0,26,16,2025-01-28T00:00:00.000Z,-43.349331860000,-21.758144610000,"Avenida Getúlio Vargas, 835"
412,PARQUE BURNIER.,10073584,08:38:00,8,5,0,33,2025-01-28T00:00:00.000Z,-43.329363350000,-21.763255450000,"Rua Adelaide Campos de Resende, 984"
412,PARQUE BURNIER.,10074194,08:38:00,16,4,4,42,2025-01-28T00:00:00.000Z,-43.342338620000,-21.760505960000,"Rua Ângelo Falci, 55"
412,PARQUE BURNIER.,10072302,08:38:00,15,0,0,42,2025-01-28T00:00:00.000Z,-43.338029500000,-21.760323850000,"Avenida Sete de Setembro, 623"
412,PARQUE BURNIER.,10072332,08:38:00,14,0,0,42,2025-01-28T00:00:00.000Z,-43.335533860000,-21.760131640000,"Rua São Geraldo, 89"
412,PARQUE BURNIER.,10072386,08:38:00,7,6,0,28,2025-01-28T00:00:00.000Z,-43.328850270000,-21.762325320000,"Rua José Teodoro dos Santos, 292"
412,PARQUE BURNIER.,10072335,08:38:00,12,3,0,41,2025-01-28T00:00:00.000Z,-43.333453420000,-21.761562350000,"Rua Olga Burnier, 233"
412,PARQUE BURNIER.,10072382,08:38:00,11,2,0,38,2025-01-28T00:00:00.000Z,-43.332369450000,-21.762522520000,"Rua Olga Burnier, 361"
412,PARQUE BURNIER.,10072380,08:38:00,10,2,1,36,2025-01-28T00:00:00.000Z,-43.331466790000,-21.763337580000,"Rua Olga Burnier, 485"
412,PARQUE BURNIER.,10072384,08:38:00,6,4,0,22,2025-01-28T00:00:00.000Z,-43.327999480000,-21.763301540000,"Rua José Teodoro dos Santos, 126"
412,PARQUE BURNIER.,10072309,08:38:00,5,3,0,18,2025-01-28T00:00:00.000Z,-43.327273730000,-21.763967940000,"Rua José Teodoro dos Santos, 28"
412,PARQUE BURNIER.,10073558,08:59:00,4,0,1,30,2025-01-28T00:00:00.000Z,-43.334645750000,-21.760669710000,"Rua Olga Burnier, 70"
412,PARQUE BURNIER.,10073552,08:59:00,3,0,1,31,2025-01-28T00:00:00.000Z,-43.335479020000,-21.760313550000,"Rua São Geraldo, 84"
412,PARQUE BURNIER.,10073560,08:59:00,5,0,0,30,2025-01-28T00:00:00.000Z,-43.333589670000,-21.761652280000,"Rua Olga Burnier, 230"
412,PARQUE BURNIER.,10072305,08:59:00,2,0,0,32,2025-01-28T00:00:00.000Z,-43.337478970000,-21.760922950000,"Rua Djalma de Carvalho, 37"
412,PARQUE BURNIER.,10073561,08:59:00,7,0,1,27,2025-01-28T00:00:00.000Z,-43.331552510000,-21.763418910000,"Rua Olga Burnier, 480"
412,PARQUE BURNIER.,10073557,08:59:00,6,0,2,28,2025-01-28T00:00:00.000Z,-43.332479840000,-21.762640710000,"Rua Olga Burnier, 356"
412,PARQUE BURNIER.,10071108,08:59:00,1,32,0,32,2025-01-28T00:00:00.000Z,-43.349331860000,-21.758144610000,"Avenida Getúlio Vargas, 835"
412,PARQUE BURNIER.,10072358,08:59:00,18,6,0,6,2025-01-28T00:00:00.000Z,-43.328687310000,-21.761675740000,"Rua Natalino José de Paula, 112 - Ponto Final do Parque Burnier"
412,PARQUE BURNIER.,10072375,08:59:00,16,0,0,1,2025-01-28T00:00:00.000Z,-43.327420830000,-21.762727850000,"Rua Natalino José de Paula, 319"
412,PARQUE BURNIER.,10072356,08:59:00,17,0,1,0,2025-01-28T00:00:00.000Z,-43.327793950000,-21.762107030000,"Rua Natalino José de Paula, 271"
412,PARQUE BURNIER.,10072377,08:59:00,12,0,2,15,2025-01-28T00:00:00.000Z,-43.327321890000,-21.764062650000,"Rua José Teodoro dos Santos, 25"
412,PARQUE BURNIER.,10071503,08:59:00,15,1,0,1,2025-01-28T00:00:00.000Z,-43.326207040000,-21.762717810000,"Rua Natalino José de Paula, 421"
412,PARQUE BURNIER.,10072359,08:59:00,14,0,1,0,2025-01-28T00:00:00.000Z,-43.326282500000,-21.763143540000,"Rua Adelaide Campos de Resende, 651"
412,PARQUE BURNIER.,10072328,08:59:00,13,0,14,1,2025-01-28T00:00:00.000Z,-43.326450350000,-21.763683320000,"Rua Adelaide Campos de Resende, 669"
412,PARQUE BURNIER.,10072296,08:59:00,9,0,3,24,2025-01-28T00:00:00.000Z,-43.329374790000,-21.763440430000,"Rua Adelaide Campos de Resende, 975"
412,PARQUE BURNIER.,10072316,08:59:00,11,0,3,17,2025-01-28T00:00:00.000Z,-43.328204750000,-21.763332370000,"Rua José Teodoro dos Santos, 145"
412,PARQUE BURNIER.,10072313,08:59:00,10,0,4,20,2025-01-28T00:00:00.000Z,-43.328846690000,-21.762504770000,"Rua José Teodoro dos Santos, 275"
412,PARQUE BURNIER.,10072301,08:59:00,8,1,1,27,2025-01-28T00:00:00.000Z,-43.330138330000,-21.763252970000,"Rua Adelaide Campos de Resende, 1061"
412,PARQUE BURNIER.,10072358,09:25:00,1,0,0,0,2025-01-28T00:00:00.000Z,-43.328687310000,-21.761675740000,"Rua Natalino José de Paula, 112 - Ponto Final do Parque Burnier"
412,PARQUE BURNIER.,10072309,09:25:00,5,0,0,8,2025-01-28T00:00:00.000Z,-43.327273730000,-21.763967940000,"Rua José Teodoro dos Santos, 28"
412,PARQUE BURNIER.,10073589,09:25:00,4,5,0,8,2025-01-28T00:00:00.000Z,-43.326568960000,-21.763629600000,"Rua Adelaide Campos de Resende, 706"
412,PARQUE BURNIER.,10072384,09:25:00,6,1,0,9,2025-01-28T00:00:00.000Z,-43.327999480000,-21.763301540000,"Rua José Teodoro dos Santos, 126"
412,PARQUE BURNIER.,10072362,09:25:00,3,2,0,3,2025-01-28T00:00:00.000Z,-43.327527760000,-21.762798310000,"Rua Natalino José de Paula, 310"
412,PARQUE BURNIER.,10072363,09:25:00,2,1,0,1,2025-01-28T00:00:00.000Z,-43.327885630000,-21.762179390000,"Rua Natalino José de Paula, 288"
412,PARQUE BURNIER.,10071108,09:25:00,17,0,26,0,2025-01-28T00:00:00.000Z,-43.349331860000,-21.758144610000,"Avenida Getúlio Vargas, 835"
412,PARQUE BURNIER.,10074194,09:25:00,16,6,6,26,2025-01-28T00:00:00.000Z,-43.342338620000,-21.760505960000,"Rua Ângelo Falci, 55"
412,PARQUE BURNIER.,10072302,09:25:00,15,1,2,26,2025-01-28T00:00:00.000Z,-43.338029500000,-21.760323850000,"Avenida Sete de Setembro, 623"
412,PARQUE BURNIER.,10072332,09:25:00,14,2,0,27,2025-01-28T00:00:00.000Z,-43.335533860000,-21.760131640000,"Rua São Geraldo, 89"
412,PARQUE BURNIER.,10072337,09:25:00,13,0,0,25,2025-01-28T00:00:00.000Z,-43.334540130000,-21.760522960000,"Rua Olga Burnier, 67"
412,PARQUE BURNIER.,10072335,09:25:00,12,2,0,25,2025-01-28T00:00:00.000Z,-43.333453420000,-21.761562350000,"Rua Olga Burnier, 233"
412,PARQUE BURNIER.,10072382,09:25:00,11,0,0,23,2025-01-28T00:00:00.000Z,-43.332369450000,-21.762522520000,"Rua Olga Burnier, 361"
412,PARQUE BURNIER.,10072380,09:25:00,10,4,1,23,2025-01-28T00:00:00.000Z,-43.331466790000,-21.763337580000,"Rua Olga Burnier, 485"
412,PARQUE BURNIER.,10073583,09:25:00,9,0,1,20,2025-01-28T00:00:00.000Z,-43.330207820000,-21.763072230000,"Rua Adelaide Campos de Resende, 1070"
412,PARQUE BURNIER.,10073584,09:25:00,8,11,0,21,2025-01-28T00:00:00.000Z,-43.329363350000,-21.763255450000,"Rua Adelaide Campos de Resende, 984"
412,PARQUE BURNIER.,10072386,09:25:00,7,1,0,10,2025-01-28T00:00:00.000Z,-43.328850270000,-21.762325320000,"Rua José Teodoro dos Santos, 292"
412,PARQUE BURNIER.,10073552,09:45:00,3,0,0,10,2025-01-28T00:00:00.000Z,-43.335479020000,-21.760313550000,"Rua São Geraldo, 84"
412,PARQUE BURNIER.,10072305,09:45:00,2,0,1,10,2025-01-28T00:00:00.000Z,-43.337478970000,-21.760922950000,"Rua Djalma de Carvalho, 37"
412,PARQUE BURNIER.,10071108,09:45:00,1,11,0,11,2025-01-28T00:00:00.000Z,-43.349331860000,-21.758144610000,"Avenida Getúlio Vargas, 835"
412,PARQUE BURNIER.,10073561,09:45:00,7,0,0,8,2025-01-28T00:00:00.000Z,-43.331552510000,-21.763418910000,"Rua Olga Burnier, 480"
412,PARQUE BURNIER.,10073557,09:45:00,6,0,0,8,2025-01-28T00:00:00.000Z,-43.332479840000,-21.762640710000,"Rua Olga Burnier, 356"
412,PARQUE BURNIER.,10072301,09:45:00,8,1,0,9,2025-01-28T00:00:00.000Z,-43.330138330000,-21.763252970000,"Rua Adelaide Campos de Resende, 1061"
412,PARQUE BURNIER.,10073560,09:45:00,5,0,2,8,2025-01-28T00:00:00.000Z,-43.333589670000,-21.761652280000,"Rua Olga Burnier, 230"
412,PARQUE BURNIER.,10072358,09:45:00,18,4,0,5,2025-01-28T00:00:00.000Z,-43.328687310000,-21.761675740000,"Rua Natalino José de Paula, 112 - Ponto Final do Parque Burnier"
412,PARQUE BURNIER.,10072356,09:45:00,17,0,0,1,2025-01-28T00:00:00.000Z,-43.327793950000,-21.762107030000,"Rua Natalino José de Paula, 271"
412,PARQUE BURNIER.,10073558,09:45:00,4,0,0,10,2025-01-28T00:00:00.000Z,-43.334645750000,-21.760669710000,"Rua Olga Burnier, 70"
412,PARQUE BURNIER.,10072375,09:45:00,16,0,0,1,2025-01-28T00:00:00.000Z,-43.327420830000,-21.762727850000,"Rua Natalino José de Paula, 319"
412,PARQUE BURNIER.,10071503,09:45:00,15,0,3,1,2025-01-28T00:00:00.000Z,-43.326207040000,-21.762717810000,"Rua Natalino José de Paula, 421"
412,PARQUE BURNIER.,10072359,09:45:00,14,0,2,4,2025-01-28T00:00:00.000Z,-43.326282500000,-21.763143540000,"Rua Adelaide Campos de Resende, 651"
412,PARQUE BURNIER.,10072328,09:45:00,13,0,2,6,2025-01-28T00:00:00.000Z,-43.326450350000,-21.763683320000,"Rua Adelaide Campos de Resende, 669"
412,PARQUE BURNIER.,10072377,09:45:00,12,0,0,8,2025-01-28T00:00:00.000Z,-43.327321890000,-21.764062650000,"Rua José Teodoro dos Santos, 25"
412,PARQUE BURNIER.,10072316,09:45:00,11,0,2,8,2025-01-28T00:00:00.000Z,-43.328204750000,-21.763332370000,"Rua José Teodoro dos Santos, 145"
412,PARQUE BURNIER.,10072313,09:45:00,10,2,1,10,2025-01-28T00:00:00.000Z,-43.328846690000,-21.762504770000,"Rua José Teodoro dos Santos, 275"
412,PARQUE BURNIER.,10072296,09:45:00,9,0,0,9,2025-01-28T00:00:00.000Z,-43.329374790000,-21.763440430000,"Rua Adelaide Campos de Resende, 975"
412,PARQUE BURNIER.,10072358,10:20:00,1,0,0,0,2025-01-28T00:00:00.000Z,-43.328687310000,-21.761675740000,"Rua Natalino José de Paula, 112 - Ponto Final do Parque Burnier"
412,PARQUE BURNIER.,10073589,10:20:00,4,3,0,5,2025-01-28T00:00:00.000Z,-43.326568960000,-21.763629600000,"Rua Adelaide Campos de Resende, 706"
412,PARQUE BURNIER.,10072362,10:20:00,3,0,1,2,2025-01-28T00:00:00.000Z,-43.327527760000,-21.762798310000,"Rua Natalino José de Paula, 310"
412,PARQUE BURNIER.,10072363,10:20:00,2,3,0,3,2025-01-28T00:00:00.000Z,-43.327885630000,-21.762179390000,"Rua Natalino José de Paula, 288"
412,PARQUE BURNIER.,10072302,10:20:00,15,5,3,13,2025-01-28T00:00:00.000Z,-43.338029500000,-21.760323850000,"Avenida Sete de Setembro, 623"
412,PARQUE BURNIER.,10072386,10:20:00,7,2,1,8,2025-01-28T00:00:00.000Z,-43.328850270000,-21.762325320000,"Rua José Teodoro dos Santos, 292"
412,PARQUE BURNIER.,10074194,10:20:00,16,13,0,26,2025-01-28T00:00:00.000Z,-43.342338620000,-21.760505960000,"Rua Ângelo Falci, 55"
412,PARQUE BURNIER.,10072384,10:20:00,6,2,0,7,2025-01-28T00:00:00.000Z,-43.327999480000,-21.763301540000,"Rua José Teodoro dos Santos, 126"
412,PARQUE BURNIER.,10071108,10:20:00,17,0,16,10,2025-01-28T00:00:00.000Z,-43.349331860000,-21.758144610000,"Avenida Getúlio Vargas, 835"
412,PARQUE BURNIER.,10072309,10:20:00,5,0,0,5,2025-01-28T00:00:00.000Z,-43.327273730000,-21.763967940000,"Rua José Teodoro dos Santos, 28"
412,PARQUE BURNIER.,10072332,10:20:00,14,0,0,11,2025-01-28T00:00:00.000Z,-43.335533860000,-21.760131640000,"Rua São Geraldo, 89"
412,PARQUE BURNIER.,10072337,10:20:00,13,0,0,11,2025-01-28T00:00:00.000Z,-43.334540130000,-21.760522960000,"Rua Olga Burnier, 67"
412,PARQUE BURNIER.,10072335,10:20:00,12,0,0,11,2025-01-28T00:00:00.000Z,-43.333453420000,-21.761562350000,"Rua Olga Burnier, 233"
412,PARQUE BURNIER.,10072382,10:20:00,11,0,0,11,2025-01-28T00:00:00.000Z,-43.332369450000,-21.762522520000,"Rua Olga Burnier, 361"
412,PARQUE BURNIER.,10072380,10:20:00,10,0,0,11,2025-01-28T00:00:00.000Z,-43.331466790000,-21.763337580000,"Rua Olga Burnier, 485"
412,PARQUE BURNIER.,10073583,10:20:00,9,1,0,11,2025-01-28T00:00:00.000Z,-43.330207820000,-21.763072230000,"Rua Adelaide Campos de Resende, 1070"
412,PARQUE BURNIER.,10073584,10:20:00,8,2,0,10,2025-01-28T00:00:00.000Z,-43.329363350000,-21.763255450000,"Rua Adelaide Campos de Resende, 984"
412,PARQUE BURNIER.,10072305,10:40:00,2,1,2,2,2025-01-28T00:00:00.000Z,-43.337478970000,-21.760922950000,"Rua Djalma de Carvalho, 37"
412,PARQUE BURNIER.,10071108,10:40:00,1,3,0,3,2025-01-28T00:00:00.000Z,-43.349331860000,-21.758144610000,"Avenida Getúlio Vargas, 835"
412,PARQUE BURNIER.,10073552,10:40:00,3,0,0,2,2025-01-28T00:00:00.000Z,-43.335479020000,-21.760313550000,"Rua São Geraldo, 84"
412,PARQUE BURNIER.,10073557,10:40:00,6,0,0,4,2025-01-28T00:00:00.000Z,-43.332479840000,-21.762640710000,"Rua Olga Burnier, 356"
412,PARQUE BURNIER.,10073560,10:40:00,5,1,0,4,2025-01-28T00:00:00.000Z,-43.333589670000,-21.761652280000,"Rua Olga Burnier, 230"
412,PARQUE BURNIER.,10073558,10:40:00,4,1,0,3,2025-01-28T00:00:00.000Z,-43.334645750000,-21.760669710000,"Rua Olga Burnier, 70"
412,PARQUE BURNIER.,10071503,10:40:00,15,0,3,0,2025-01-28T00:00:00.000Z,-43.326207040000,-21.762717810000,"Rua Natalino José de Paula, 421"
412,PARQUE BURNIER.,10072359,10:40:00,14,0,0,3,2025-01-28T00:00:00.000Z,-43.326282500000,-21.763143540000,"Rua Adelaide Campos de Resende, 651"
412,PARQUE BURNIER.,10072358,10:40:00,18,1,0,2,2025-01-28T00:00:00.000Z,-43.328687310000,-21.761675740000,"Rua Natalino José de Paula, 112 - Ponto Final do Parque Burnier"
412,PARQUE BURNIER.,10072301,10:40:00,8,0,0,4,2025-01-28T00:00:00.000Z,-43.330138330000,-21.763252970000,"Rua Adelaide Campos de Resende, 1061"
412,PARQUE BURNIER.,10072356,10:40:00,17,1,0,1,2025-01-28T00:00:00.000Z,-43.327793950000,-21.762107030000,"Rua Natalino José de Paula, 271"
412,PARQUE BURNIER.,10072375,10:40:00,16,0,0,0,2025-01-28T00:00:00.000Z,-43.327420830000,-21.762727850000,"Rua Natalino José de Paula, 319"
412,PARQUE BURNIER.,10073561,10:40:00,7,0,0,4,2025-01-28T00:00:00.000Z,-43.331552510000,-21.763418910000,"Rua Olga Burnier, 480"
412,PARQUE BURNIER.,10072328,10:40:00,13,0,0,3,2025-01-28T00:00:00.000Z,-43.326450350000,-21.763683320000,"Rua Adelaide Campos de Resende, 669"
412,PARQUE BURNIER.,10072377,10:40:00,12,0,1,3,2025-01-28T00:00:00.000Z,-43.327321890000,-21.764062650000,"Rua José Teodoro dos Santos, 25"
412,PARQUE BURNIER.,10072316,10:40:00,11,0,1,4,2025-01-28T00:00:00.000Z,-43.328204750000,-21.763332370000,"Rua José Teodoro dos Santos, 145"
412,PARQUE BURNIER.,10072313,10:40:00,10,0,0,5,2025-01-28T00:00:00.000Z,-43.328846690000,-21.762504770000,"Rua José Teodoro dos Santos, 275"
412,PARQUE BURNIER.,10072296,10:40:00,9,1,0,5,2025-01-28T00:00:00.000Z,-43.329374790000,-21.763440430000,"Rua Adelaide Campos de Resende, 975"
412,PARQUE BURNIER.,10072362,11:15:00,3,0,1,2,2025-01-28T00:00:00.000Z,-43.327527760000,-21.762798310000,"Rua Natalino José de Paula, 310"
412,PARQUE BURNIER.,10072363,11:15:00,2,3,0,3,2025-01-28T00:00:00.000Z,-43.327885630000,-21.762179390000,"Rua Natalino José de Paula, 288"
412,PARQUE BURNIER.,10073589,11:15:00,4,5,0,7,2025-01-28T00:00:00.000Z,-43.326568960000,-21.763629600000,"Rua Adelaide Campos de Resende, 706"
412,PARQUE BURNIER.,10072358,11:15:00,1,0,0,0,2025-01-28T00:00:00.000Z,-43.328687310000,-21.761675740000,"Rua Natalino José de Paula, 112 - Ponto Final do Parque Burnier"
412,PARQUE BURNIER.,10072332,11:15:00,14,1,0,17,2025-01-28T00:00:00.000Z,-43.335533860000,-21.760131640000,"Rua São Geraldo, 89"
412,PARQUE BURNIER.,10072337,11:15:00,13,1,0,16,2025-01-28T00:00:00.000Z,-43.334540130000,-21.760522960000,"Rua Olga Burnier, 67"
412,PARQUE BURNIER.,10072335,11:15:00,12,0,0,15,2025-01-28T00:00:00.000Z,-43.333453420000,-21.761562350000,"Rua Olga Burnier, 233"
412,PARQUE BURNIER.,10071108,11:15:00,17,0,19,0,2025-01-28T00:00:00.000Z,-43.349331860000,-21.758144610000,"Avenida Getúlio Vargas, 835"
412,PARQUE BURNIER.,10074194,11:15:00,16,8,4,19,2025-01-28T00:00:00.000Z,-43.342338620000,-21.760505960000,"Rua Ângelo Falci, 55"
412,PARQUE BURNIER.,10072302,11:15:00,15,1,3,15,2025-01-28T00:00:00.000Z,-43.338029500000,-21.760323850000,"Avenida Sete de Setembro, 623"
412,PARQUE BURNIER.,10072382,11:15:00,11,0,0,15,2025-01-28T00:00:00.000Z,-43.332369450000,-21.762522520000,"Rua Olga Burnier, 361"
412,PARQUE BURNIER.,10072380,11:15:00,10,1,0,15,2025-01-28T00:00:00.000Z,-43.331466790000,-21.763337580000,"Rua Olga Burnier, 485"
412,PARQUE BURNIER.,10073583,11:15:00,9,0,0,14,2025-01-28T00:00:00.000Z,-43.330207820000,-21.763072230000,"Rua Adelaide Campos de Resende, 1070"
412,PARQUE BURNIER.,10073584,11:15:00,8,2,0,14,2025-01-28T00:00:00.000Z,-43.329363350000,-21.763255450000,"Rua Adelaide Campos de Resende, 984"
412,PARQUE BURNIER.,10072386,11:15:00,7,2,0,12,2025-01-28T00:00:00.000Z,-43.328850270000,-21.762325320000,"Rua José Teodoro dos Santos, 292"
412,PARQUE BURNIER.,10072384,11:15:00,6,0,0,10,2025-01-28T00:00:00.000Z,-43.327999480000,-21.763301540000,"Rua José Teodoro dos Santos, 126"
412,PARQUE BURNIER.,10072309,11:15:00,5,3,0,10,2025-01-28T00:00:00.000Z,-43.327273730000,-21.763967940000,"Rua José Teodoro dos Santos, 28"
412,PARQUE BURNIER.,10073560,11:35:00,5,0,2,15,2025-01-28T00:00:00.000Z,-43.333589670000,-21.761652280000,"Rua Olga Burnier, 230"
412,PARQUE BURNIER.,10073558,11:35:00,4,0,0,17,2025-01-28T00:00:00.000Z,-43.334645750000,-21.760669710000,"Rua Olga Burnier, 70"
412,PARQUE BURNIER.,10073557,11:35:00,6,0,0,15,2025-01-28T00:00:00.000Z,-43.332479840000,-21.762640710000,"Rua Olga Burnier, 356"
412,PARQUE BURNIER.,10073552,11:35:00,3,0,0,17,2025-01-28T00:00:00.000Z,-43.335479020000,-21.760313550000,"Rua São Geraldo, 84"
412,PARQUE BURNIER.,10072316,11:35:00,11,0,2,10,2025-01-28T00:00:00.000Z,-43.328204750000,-21.763332370000,"Rua José Teodoro dos Santos, 145"
412,PARQUE BURNIER.,10072301,11:35:00,8,0,1,14,2025-01-28T00:00:00.000Z,-43.330138330000,-21.763252970000,"Rua Adelaide Campos de Resende, 1061"
412,PARQUE BURNIER.,10073561,11:35:00,7,0,0,15,2025-01-28T00:00:00.000Z,-43.331552510000,-21.763418910000,"Rua Olga Burnier, 480"
412,PARQUE BURNIER.,10072305,11:35:00,2,2,1,17,2025-01-28T00:00:00.000Z,-43.337478970000,-21.760922950000,"Rua Djalma de Carvalho, 37"
412,PARQUE BURNIER.,10072358,11:35:00,18,2,0,6,2025-01-28T00:00:00.000Z,-43.328687310000,-21.761675740000,"Rua Natalino José de Paula, 112 - Ponto Final do Parque Burnier"
412,PARQUE BURNIER.,10072356,11:35:00,17,0,0,4,2025-01-28T00:00:00.000Z,-43.327793950000,-21.762107030000,"Rua Natalino José de Paula, 271"
412,PARQUE BURNIER.,10072375,11:35:00,16,0,0,4,2025-01-28T00:00:00.000Z,-43.327420830000,-21.762727850000,"Rua Natalino José de Paula, 319"
412,PARQUE BURNIER.,10071503,11:35:00,15,0,2,4,2025-01-28T00:00:00.000Z,-43.326207040000,-21.762717810000,"Rua Natalino José de Paula, 421"
412,PARQUE BURNIER.,10072359,11:35:00,14,0,2,6,2025-01-28T00:00:00.000Z,-43.326282500000,-21.763143540000,"Rua Adelaide Campos de Resende, 651"
412,PARQUE BURNIER.,10072328,11:35:00,13,0,2,8,2025-01-28T00:00:00.000Z,-43.326450350000,-21.763683320000,"Rua Adelaide Campos de Resende, 669"
412,PARQUE BURNIER.,10072377,11:35:00,12,0,0,10,2025-01-28T00:00:00.000Z,-43.327321890000,-21.764062650000,"Rua José Teodoro dos Santos, 25"
412,PARQUE BURNIER.,10071108,11:35:00,1,16,0,16,2025-01-28T00:00:00.000Z,-43.349331860000,-21.758144610000,"Avenida Getúlio Vargas, 835"
412,PARQUE BURNIER.,10072313,11:35:00,10,0,1,12,2025-01-28T00:00:00.000Z,-43.328846690000,-21.762504770000,"Rua José Teodoro dos Santos, 275"
412,PARQUE BURNIER.,10072296,11:35:00,9,0,1,13,2025-01-28T00:00:00.000Z,-43.329374790000,-21.763440430000,"Rua Adelaide Campos de Resende, 975"
412,PARQUE BURNIER.,10072358,12:10:00,1,0,0,0,2025-01-28T00:00:00.000Z,-43.328687310000,-21.761675740000,"Rua Natalino José de Paula, 112 - Ponto Final do Parque Burnier"
412,PARQUE BURNIER.,10072384,12:10:00,6,1,0,6,2025-01-28T00:00:00.000Z,-43.327999480000,-21.763301540000,"Rua José Teodoro dos Santos, 126"
412,PARQUE BURNIER.,10072309,12:10:00,5,0,0,5,2025-01-28T00:00:00.000Z,-43.327273730000,-21.763967940000,"Rua José Teodoro dos Santos, 28"
412,PARQUE BURNIER.,10072386,12:10:00,7,1,0,7,2025-01-28T00:00:00.000Z,-43.328850270000,-21.762325320000,"Rua José Teodoro dos Santos, 292"
412,PARQUE BURNIER.,10073589,12:10:00,4,2,0,5,2025-01-28T00:00:00.000Z,-43.326568960000,-21.763629600000,"Rua Adelaide Campos de Resende, 706"
412,PARQUE BURNIER.,10071108,12:10:00,17,0,17,0,2025-01-28T00:00:00.000Z,-43.349331860000,-21.758144610000,"Avenida Getúlio Vargas, 835"
412,PARQUE BURNIER.,10072380,12:10:00,10,0,0,11,2025-01-28T00:00:00.000Z,-43.331466790000,-21.763337580000,"Rua Olga Burnier, 485"
412,PARQUE BURNIER.,10073583,12:10:00,9,0,0,11,2025-01-28T00:00:00.000Z,-43.330207820000,-21.763072230000,"Rua Adelaide Campos de Resende, 1070"
412,PARQUE BURNIER.,10072362,12:10:00,3,1,0,3,2025-01-28T00:00:00.000Z,-43.327527760000,-21.762798310000,"Rua Natalino José de Paula, 310"
412,PARQUE BURNIER.,10074194,12:10:00,16,8,4,17,2025-01-28T00:00:00.000Z,-43.342338620000,-21.760505960000,"Rua Ângelo Falci, 55"
412,PARQUE BURNIER.,10072302,12:10:00,15,0,0,13,2025-01-28T00:00:00.000Z,-43.338029500000,-21.760323850000,"Avenida Sete de Setembro, 623"
412,PARQUE BURNIER.,10072332,12:10:00,14,0,0,13,2025-01-28T00:00:00.000Z,-43.335533860000,-21.760131640000,"Rua São Geraldo, 89"
412,PARQUE BURNIER.,10072337,12:10:00,13,0,0,13,2025-01-28T00:00:00.000Z,-43.334540130000,-21.760522960000,"Rua Olga Burnier, 67"
412,PARQUE BURNIER.,10072335,12:10:00,12,2,0,13,2025-01-28T00:00:00.000Z,-43.333453420000,-21.761562350000,"Rua Olga Burnier, 233"
412,PARQUE BURNIER.,10072382,12:10:00,11,0,0,11,2025-01-28T00:00:00.000Z,-43.332369450000,-21.762522520000,"Rua Olga Burnier, 361"
412,PARQUE BURNIER.,10072363,12:10:00,2,2,0,2,2025-01-28T00:00:00.000Z,-43.327885630000,-21.762179390000,"Rua Natalino José de Paula, 288"
412,PARQUE BURNIER.,10073584,12:10:00,8,4,0,11,2025-01-28T00:00:00.000Z,-43.329363350000,-21.763255450000,"Rua Adelaide Campos de Resende, 984"
412,PARQUE BURNIER.,10071108,12:30:00,1,26,0,26,2025-01-28T00:00:00.000Z,-43.349331860000,-21.758144610000,"Avenida Getúlio Vargas, 835"
412,PARQUE BURNIER.,10072301,12:30:00,8,0,1,25,2025-01-28T00:00:00.000Z,-43.330138330000,-21.763252970000,"Rua Adelaide Campos de Resende, 1061"
412,PARQUE BURNIER.,10073561,12:30:00,7,0,0,26,2025-01-28T00:00:00.000Z,-43.331552510000,-21.763418910000,"Rua Olga Burnier, 480"
412,PARQUE BURNIER.,10072296,12:30:00,9,1,0,26,2025-01-28T00:00:00.000Z,-43.329374790000,-21.763440430000,"Rua Adelaide Campos de Resende, 975"
412,PARQUE BURNIER.,10073557,12:30:00,6,0,0,26,2025-01-28T00:00:00.000Z,-43.332479840000,-21.762640710000,"Rua Olga Burnier, 356"
412,PARQUE BURNIER.,10072358,12:30:00,18,3,0,24,2025-01-28T00:00:00.000Z,-43.328687310000,-21.761675740000,"Rua Natalino José de Paula, 112 - Ponto Final do Parque Burnier"
412,PARQUE BURNIER.,10072356,12:30:00,17,0,0,21,2025-01-28T00:00:00.000Z,-43.327793950000,-21.762107030000,"Rua Natalino José de Paula, 271"
412,PARQUE BURNIER.,10072375,12:30:00,16,0,0,21,2025-01-28T00:00:00.000Z,-43.327420830000,-21.762727850000,"Rua Natalino José de Paula, 319"
412,PARQUE BURNIER.,10073560,12:30:00,5,0,0,26,2025-01-28T00:00:00.000Z,-43.333589670000,-21.761652280000,"Rua Olga Burnier, 230"
412,PARQUE BURNIER.,10071503,12:30:00,15,0,0,21,2025-01-28T00:00:00.000Z,-43.326207040000,-21.762717810000,"Rua Natalino José de Paula, 421"
412,PARQUE BURNIER.,10072359,12:30:00,14,0,1,21,2025-01-28T00:00:00.000Z,-43.326282500000,-21.763143540000,"Rua Adelaide Campos de Resende, 651"
412,PARQUE BURNIER.,10072328,12:30:00,13,0,1,22,2025-01-28T00:00:00.000Z,-43.326450350000,-21.763683320000,"Rua Adelaide Campos de Resende, 669"
412,PARQUE BURNIER.,10072377,12:30:00,12,0,1,23,2025-01-28T00:00:00.000Z,-43.327321890000,-21.764062650000,"Rua José Teodoro dos Santos, 25"
412,PARQUE BURNIER.,10072316,12:30:00,11,0,2,24,2025-01-28T00:00:00.000Z,-43.328204750000,-21.763332370000,"Rua José Teodoro dos Santos, 145"
412,PARQUE BURNIER.,10072313,12:30:00,10,0,0,26,2025-01-28T00:00:00.000Z,-43.328846690000,-21.762504770000,"Rua José Teodoro dos Santos, 275"
412,PARQUE BURNIER.,10073558,12:30:00,4,0,0,26,2025-01-28T00:00:00.000Z,-43.334645750000,-21.760669710000,"Rua Olga Burnier, 70"
412,PARQUE BURNIER.,10073552,12:30:00,3,0,0,26,2025-01-28T00:00:00.000Z,-43.335479020000,-21.760313550000,"Rua São Geraldo, 84"
412,PARQUE BURNIER.,10072305,12:30:00,2,1,1,26,2025-01-28T00:00:00.000Z,-43.337478970000,-21.760922950000,"Rua Djalma de Carvalho, 37"
412,PARQUE BURNIER.,10072358,13:05:00,1,0,0,0,2025-01-28T00:00:00.000Z,-43.328687310000,-21.761675740000,"Rua Natalino José de Paula, 112 - Ponto Final do Parque Burnier"
412,PARQUE BURNIER.,10072363,13:05:00,2,3,0,3,2025-01-28T00:00:00.000Z,-43.327885630000,-21.762179390000,"Rua Natalino José de Paula, 288"
412,PARQUE BURNIER.,10073589,13:05:00,4,2,0,7,2025-01-28T00:00:00.000Z,-43.326568960000,-21.763629600000,"Rua Adelaide Campos de Resende, 706"
412,PARQUE BURNIER.,10072362,13:05:00,3,2,0,5,2025-01-28T00:00:00.000Z,-43.327527760000,-21.762798310000,"Rua Natalino José de Paula, 310"
412,PARQUE BURNIER.,10073583,13:05:00,9,1,0,17,2025-01-28T00:00:00.000Z,-43.330207820000,-21.763072230000,"Rua Adelaide Campos de Resende, 1070"
412,PARQUE BURNIER.,10073584,13:05:00,8,5,0,16,2025-01-28T00:00:00.000Z,-43.329363350000,-21.763255450000,"Rua Adelaide Campos de Resende, 984"
412,PARQUE BURNIER.,10072332,13:05:00,14,0,0,20,2025-01-28T00:00:00.000Z,-43.335533860000,-21.760131640000,"Rua São Geraldo, 89"
412,PARQUE BURNIER.,10072386,13:05:00,7,2,0,11,2025-01-28T00:00:00.000Z,-43.328850270000,-21.762325320000,"Rua José Teodoro dos Santos, 292"
412,PARQUE BURNIER.,10071108,13:05:00,17,0,7,20,2025-01-28T00:00:00.000Z,-43.349331860000,-21.758144610000,"Avenida Getúlio Vargas, 835"
412,PARQUE BURNIER.,10074194,13:05:00,16,12,4,27,2025-01-28T00:00:00.000Z,-43.342338620000,-21.760505960000,"Rua Ângelo Falci, 55"
412,PARQUE BURNIER.,10072302,13:05:00,15,0,1,19,2025-01-28T00:00:00.000Z,-43.338029500000,-21.760323850000,"Avenida Sete de Setembro, 623"
412,PARQUE BURNIER.,10072384,13:05:00,6,2,0,9,2025-01-28T00:00:00.000Z,-43.327999480000,-21.763301540000,"Rua José Teodoro dos Santos, 126"
412,PARQUE BURNIER.,10072337,13:05:00,13,0,0,20,2025-01-28T00:00:00.000Z,-43.334540130000,-21.760522960000,"Rua Olga Burnier, 67"
412,PARQUE BURNIER.,10072335,13:05:00,12,1,0,20,2025-01-28T00:00:00.000Z,-43.333453420000,-21.761562350000,"Rua Olga Burnier, 233"
412,PARQUE BURNIER.,10072382,13:05:00,11,2,0,19,2025-01-28T00:00:00.000Z,-43.332369450000,-21.762522520000,"Rua Olga Burnier, 361"
412,PARQUE BURNIER.,10072380,13:05:00,10,0,0,17,2025-01-28T00:00:00.000Z,-43.331466790000,-21.763337580000,"Rua Olga Burnier, 485"
412,PARQUE BURNIER.,10072309,13:05:00,5,1,1,7,2025-01-28T00:00:00.000Z,-43.327273730000,-21.763967940000,"Rua José Teodoro dos Santos, 28"
412,PARQUE BURNIER.,10073552,13:25:00,3,0,0,16,2025-01-28T00:00:00.000Z,-43.335479020000,-21.760313550000,"Rua São Geraldo, 84"
412,PARQUE BURNIER.,10072305,13:25:00,2,1,1,16,2025-01-28T00:00:00.000Z,-43.337478970000,-21.760922950000,"Rua Djalma de Carvalho, 37"
412,PARQUE BURNIER.,10073558,13:25:00,4,0,0,16,2025-01-28T00:00:00.000Z,-43.334645750000,-21.760669710000,"Rua Olga Burnier, 70"
412,PARQUE BURNIER.,10071108,13:25:00,1,16,0,16,2025-01-28T00:00:00.000Z,-43.349331860000,-21.758144610000,"Avenida Getúlio Vargas, 835"
412,PARQUE BURNIER.,10073560,13:25:00,5,0,0,16,2025-01-28T00:00:00.000Z,-43.333589670000,-21.761652280000,"Rua Olga Burnier, 230"
412,PARQUE BURNIER.,10072356,13:25:00,17,1,0,10,2025-01-28T00:00:00.000Z,-43.327793950000,-21.762107030000,"Rua Natalino José de Paula, 271"
412,PARQUE BURNIER.,10072328,13:25:00,13,0,1,11,2025-01-28T00:00:00.000Z,-43.326450350000,-21.763683320000,"Rua Adelaide Campos de Resende, 669"
412,PARQUE BURNIER.,10072358,13:25:00,18,4,1,13,2025-01-28T00:00:00.000Z,-43.328687310000,-21.761675740000,"Rua Natalino José de Paula, 112 - Ponto Final do Parque Burnier"
412,PARQUE BURNIER.,10072296,13:25:00,9,0,1,15,2025-01-28T00:00:00.000Z,-43.329374790000,-21.763440430000,"Rua Adelaide Campos de Resende, 975"
412,PARQUE BURNIER.,10072375,13:25:00,16,0,0,9,2025-01-28T00:00:00.000Z,-43.327420830000,-21.762727850000,"Rua Natalino José de Paula, 319"
412,PARQUE BURNIER.,10071503,13:25:00,15,0,1,9,2025-01-28T00:00:00.000Z,-43.326207040000,-21.762717810000,"Rua Natalino José de Paula, 421"
412,PARQUE BURNIER.,10072359,13:25:00,14,0,1,10,2025-01-28T00:00:00.000Z,-43.326282500000,-21.763143540000,"Rua Adelaide Campos de Resende, 651"
412,PARQUE BURNIER.,10072301,13:25:00,8,0,0,16,2025-01-28T00:00:00.000Z,-43.330138330000,-21.763252970000,"Rua Adelaide Campos de Resende, 1061"
412,PARQUE BURNIER.,10072377,13:25:00,12,0,1,12,2025-01-28T00:00:00.000Z,-43.327321890000,-21.764062650000,"Rua José Teodoro dos Santos, 25"
412,PARQUE BURNIER.,10072316,13:25:00,11,0,2,13,2025-01-28T00:00:00.000Z,-43.328204750000,-21.763332370000,"Rua José Teodoro dos Santos, 145"
412,PARQUE BURNIER.,10072313,13:25:00,10,0,0,15,2025-01-28T00:00:00.000Z,-43.328846690000,-21.762504770000,"Rua José Teodoro dos Santos, 275"
412,PARQUE BURNIER.,10073561,13:25:00,7,0,0,16,2025-01-28T00:00:00.000Z,-43.331552510000,-21.763418910000,"Rua Olga Burnier, 480"
412,PARQUE BURNIER.,10073557,13:25:00,6,0,0,16,2025-01-28T00:00:00.000Z,-43.332479840000,-21.762640710000,"Rua Olga Burnier, 356"
412,PARQUE BURNIER.,10073589,14:00:00,4,2,0,6,2025-01-28T00:00:00.000Z,-43.326568960000,-21.763629600000,"Rua Adelaide Campos de Resende, 706"
412,PARQUE BURNIER.,10072362,14:00:00,3,4,0,4,2025-01-28T00:00:00.000Z,-43.327527760000,-21.762798310000,"Rua Natalino José de Paula, 310"
412,PARQUE BURNIER.,10072309,14:00:00,5,1,0,7,2025-01-28T00:00:00.000Z,-43.327273730000,-21.763967940000,"Rua José Teodoro dos Santos, 28"
412,PARQUE BURNIER.,10072363,14:00:00,2,0,0,0,2025-01-28T00:00:00.000Z,-43.327885630000,-21.762179390000,"Rua Natalino José de Paula, 288"
412,PARQUE BURNIER.,10072386,14:00:00,7,2,0,9,2025-01-28T00:00:00.000Z,-43.328850270000,-21.762325320000,"Rua José Teodoro dos Santos, 292"
412,PARQUE BURNIER.,10072384,14:00:00,6,0,0,7,2025-01-28T00:00:00.000Z,-43.327999480000,-21.763301540000,"Rua José Teodoro dos Santos, 126"
412,PARQUE BURNIER.,10072358,14:00:00,1,0,0,0,2025-01-28T00:00:00.000Z,-43.328687310000,-21.761675740000,"Rua Natalino José de Paula, 112 - Ponto Final do Parque Burnier"
412,PARQUE BURNIER.,10071108,14:00:00,17,0,16,0,2025-01-28T00:00:00.000Z,-43.349331860000,-21.758144610000,"Avenida Getúlio Vargas, 835"
412,PARQUE BURNIER.,10072302,14:00:00,15,2,1,10,2025-01-28T00:00:00.000Z,-43.338029500000,-21.760323850000,"Avenida Sete de Setembro, 623"
412,PARQUE BURNIER.,10074194,14:00:00,16,9,3,16,2025-01-28T00:00:00.000Z,-43.342338620000,-21.760505960000,"Rua Ângelo Falci, 55"
412,PARQUE BURNIER.,10072382,14:00:00,11,0,0,9,2025-01-28T00:00:00.000Z,-43.332369450000,-21.762522520000,"Rua Olga Burnier, 361"
412,PARQUE BURNIER.,10072332,14:00:00,14,0,0,9,2025-01-28T00:00:00.000Z,-43.335533860000,-21.760131640000,"Rua São Geraldo, 89"
412,PARQUE BURNIER.,10072337,14:00:00,13,0,0,9,2025-01-28T00:00:00.000Z,-43.334540130000,-21.760522960000,"Rua Olga Burnier, 67"
412,PARQUE BURNIER.,10072335,14:00:00,12,0,0,9,2025-01-28T00:00:00.000Z,-43.333453420000,-21.761562350000,"Rua Olga Burnier, 233"
412,PARQUE BURNIER.,10073583,14:00:00,9,0,0,9,2025-01-28T00:00:00.000Z,-43.330207820000,-21.763072230000,"Rua Adelaide Campos de Resende, 1070"
412,PARQUE BURNIER.,10072380,14:00:00,10,0,0,9,2025-01-28T00:00:00.000Z,-43.331466790000,-21.763337580000,"Rua Olga Burnier, 485"
412,PARQUE BURNIER.,10073584,14:00:00,8,0,0,9,2025-01-28T00:00:00.000Z,-43.329363350000,-21.763255450000,"Rua Adelaide Campos de Resende, 984"
412,PARQUE BURNIER.,10072305,14:20:00,2,3,0,12,2025-01-28T00:00:00.000Z,-43.337478970000,-21.760922950000,"Rua Djalma de Carvalho, 37"
412,PARQUE BURNIER.,10071108,14:20:00,1,9,0,9,2025-01-28T00:00:00.000Z,-43.349331860000,-21.758144610000,"Avenida Getúlio Vargas, 835"
412,PARQUE BURNIER.,10072358,14:20:00,18,0,0,8,2025-01-28T00:00:00.000Z,-43.328687310000,-21.761675740000,"Rua Natalino José de Paula, 112 - Ponto Final do Parque Burnier"
412,PARQUE BURNIER.,10073560,14:20:00,5,0,0,12,2025-01-28T00:00:00.000Z,-43.333589670000,-21.761652280000,"Rua Olga Burnier, 230"
412,PARQUE BURNIER.,10073558,14:20:00,4,0,0,12,2025-01-28T00:00:00.000Z,-43.334645750000,-21.760669710000,"Rua Olga Burnier, 70"
412,PARQUE BURNIER.,10073552,14:20:00,3,0,0,12,2025-01-28T00:00:00.000Z,-43.335479020000,-21.760313550000,"Rua São Geraldo, 84"
412,PARQUE BURNIER.,10072356,14:20:00,17,1,0,8,2025-01-28T00:00:00.000Z,-43.327793950000,-21.762107030000,"Rua Natalino José de Paula, 271"
412,PARQUE BURNIER.,10072375,14:20:00,16,0,0,7,2025-01-28T00:00:00.000Z,-43.327420830000,-21.762727850000,"Rua Natalino José de Paula, 319"
412,PARQUE BURNIER.,10071503,14:20:00,15,0,3,7,2025-01-28T00:00:00.000Z,-43.326207040000,-21.762717810000,"Rua Natalino José de Paula, 421"
412,PARQUE BURNIER.,10072359,14:20:00,14,0,1,10,2025-01-28T00:00:00.000Z,-43.326282500000,-21.763143540000,"Rua Adelaide Campos de Resende, 651"
412,PARQUE BURNIER.,10072328,14:20:00,13,0,1,11,2025-01-28T00:00:00.000Z,-43.326450350000,-21.763683320000,"Rua Adelaide Campos de Resende, 669"
412,PARQUE BURNIER.,10072377,14:20:00,12,0,0,12,2025-01-28T00:00:00.000Z,-43.327321890000,-21.764062650000,"Rua José Teodoro dos Santos, 25"
412,PARQUE BURNIER.,10072316,14:20:00,11,0,0,12,2025-01-28T00:00:00.000Z,-43.328204750000,-21.763332370000,"Rua José Teodoro dos Santos, 145"
412,PARQUE BURNIER.,10072313,14:20:00,10,0,0,12,2025-01-28T00:00:00.000Z,-43.328846690000,-21.762504770000,"Rua José Teodoro dos Santos, 275"
412,PARQUE BURNIER.,10072296,14:20:00,9,0,1,12,2025-01-28T00:00:00.000Z,-43.329374790000,-21.763440430000,"Rua Adelaide Campos de Resende, 975"
412,PARQUE BURNIER.,10072301,14:20:00,8,0,0,13,2025-01-28T00:00:00.000Z,-43.330138330000,-21.763252970000,"Rua Adelaide Campos de Resende, 1061"
412,PARQUE BURNIER.,10073561,14:20:00,7,0,0,13,2025-01-28T00:00:00.000Z,-43.331552510000,-21.763418910000,"Rua Olga Burnier, 480"
412,PARQUE BURNIER.,10073557,14:20:00,6,1,0,13,2025-01-28T00:00:00.000Z,-43.332479840000,-21.762640710000,"Rua Olga Burnier, 356"
412,PARQUE BURNIER.,10072362,14:55:00,3,0,0,0,2025-01-28T00:00:00.000Z,-43.327527760000,-21.762798310000,"Rua Natalino José de Paula, 310"
412,PARQUE BURNIER.,10072363,14:55:00,2,0,0,0,2025-01-28T00:00:00.000Z,-43.327885630000,-21.762179390000,"Rua Natalino José de Paula, 288"
412,PARQUE BURNIER.,10072358,14:55:00,1,0,0,0,2025-01-28T00:00:00.000Z,-43.328687310000,-21.761675740000,"Rua Natalino José de Paula, 112 - Ponto Final do Parque Burnier"
412,PARQUE BURNIER.,10072386,14:55:00,7,3,0,5,2025-01-28T00:00:00.000Z,-43.328850270000,-21.762325320000,"Rua José Teodoro dos Santos, 292"
412,PARQUE BURNIER.,10072384,14:55:00,6,1,0,2,2025-01-28T00:00:00.000Z,-43.327999480000,-21.763301540000,"Rua José Teodoro dos Santos, 126"
412,PARQUE BURNIER.,10073584,14:55:00,8,0,0,5,2025-01-28T00:00:00.000Z,-43.329363350000,-21.763255450000,"Rua Adelaide Campos de Resende, 984"
412,PARQUE BURNIER.,10072309,14:55:00,5,0,0,1,2025-01-28T00:00:00.000Z,-43.327273730000,-21.763967940000,"Rua José Teodoro dos Santos, 28"
412,PARQUE BURNIER.,10071108,14:55:00,17,0,17,0,2025-01-28T00:00:00.000Z,-43.349331860000,-21.758144610000,"Avenida Getúlio Vargas, 835"
412,PARQUE BURNIER.,10074194,14:55:00,16,10,0,17,2025-01-28T00:00:00.000Z,-43.342338620000,-21.760505960000,"Rua Ângelo Falci, 55"
412,PARQUE BURNIER.,10073589,14:55:00,4,1,0,1,2025-01-28T00:00:00.000Z,-43.326568960000,-21.763629600000,"Rua Adelaide Campos de Resende, 706"
412,PARQUE BURNIER.,10072302,14:55:00,15,0,0,7,2025-01-28T00:00:00.000Z,-43.338029500000,-21.760323850000,"Avenida Sete de Setembro, 623"
412,PARQUE BURNIER.,10072332,14:55:00,14,0,0,7,2025-01-28T00:00:00.000Z,-43.335533860000,-21.760131640000,"Rua São Geraldo, 89"
412,PARQUE BURNIER.,10072337,14:55:00,13,1,0,7,2025-01-28T00:00:00.000Z,-43.334540130000,-21.760522960000,"Rua Olga Burnier, 67"
412,PARQUE BURNIER.,10072335,14:55:00,12,0,0,6,2025-01-28T00:00:00.000Z,-43.333453420000,-21.761562350000,"Rua Olga Burnier, 233"
412,PARQUE BURNIER.,10072382,14:55:00,11,0,0,6,2025-01-28T00:00:00.000Z,-43.332369450000,-21.762522520000,"Rua Olga Burnier, 361"
412,PARQUE BURNIER.,10072380,14:55:00,10,2,0,6,2025-01-28T00:00:00.000Z,-43.331466790000,-21.763337580000,"Rua Olga Burnier, 485"
412,PARQUE BURNIER.,10073583,14:55:00,9,0,1,4,2025-01-28T00:00:00.000Z,-43.330207820000,-21.763072230000,"Rua Adelaide Campos de Resende, 1070"
412,PARQUE BURNIER.,10071108,15:15:00,1,18,0,18,2025-01-28T00:00:00.000Z,-43.349331860000,-21.758144610000,"Avenida Getúlio Vargas, 835"
412,PARQUE BURNIER.,10072305,15:15:00,2,1,1,18,2025-01-28T00:00:00.000Z,-43.337478970000,-21.760922950000,"Rua Djalma de Carvalho, 37"
412,PARQUE BURNIER.,10073560,15:15:00,5,0,0,19,2025-01-28T00:00:00.000Z,-43.333589670000,-21.761652280000,"Rua Olga Burnier, 230"
412,PARQUE BURNIER.,10073558,15:15:00,4,0,0,19,2025-01-28T00:00:00.000Z,-43.334645750000,-21.760669710000,"Rua Olga Burnier, 70"
412,PARQUE BURNIER.,10073552,15:15:00,3,2,1,19,2025-01-28T00:00:00.000Z,-43.335479020000,-21.760313550000,"Rua São Geraldo, 84"
412,PARQUE BURNIER.,10072375,15:15:00,16,0,0,12,2025-01-28T00:00:00.000Z,-43.327420830000,-21.762727850000,"Rua Natalino José de Paula, 319"
412,PARQUE BURNIER.,10071503,15:15:00,15,0,2,12,2025-01-28T00:00:00.000Z,-43.326207040000,-21.762717810000,"Rua Natalino José de Paula, 421"
412,PARQUE BURNIER.,10072356,15:15:00,17,0,0,12,2025-01-28T00:00:00.000Z,-43.327793950000,-21.762107030000,"Rua Natalino José de Paula, 271"
412,PARQUE BURNIER.,10073561,15:15:00,7,0,0,19,2025-01-28T00:00:00.000Z,-43.331552510000,-21.763418910000,"Rua Olga Burnier, 480"
412,PARQUE BURNIER.,10072358,15:15:00,18,7,0,19,2025-01-28T00:00:00.000Z,-43.328687310000,-21.761675740000,"Rua Natalino José de Paula, 112 - Ponto Final do Parque Burnier"
412,PARQUE BURNIER.,10073557,15:15:00,6,0,0,19,2025-01-28T00:00:00.000Z,-43.332479840000,-21.762640710000,"Rua Olga Burnier, 356"
412,PARQUE BURNIER.,10072359,15:15:00,14,0,1,14,2025-01-28T00:00:00.000Z,-43.326282500000,-21.763143540000,"Rua Adelaide Campos de Resende, 651"
412,PARQUE BURNIER.,10072328,15:15:00,13,0,1,15,2025-01-28T00:00:00.000Z,-43.326450350000,-21.763683320000,"Rua Adelaide Campos de Resende, 669"
412,PARQUE BURNIER.,10072377,15:15:00,12,0,1,16,2025-01-28T00:00:00.000Z,-43.327321890000,-21.764062650000,"Rua José Teodoro dos Santos, 25"
412,PARQUE BURNIER.,10072316,15:15:00,11,0,2,17,2025-01-28T00:00:00.000Z,-43.328204750000,-21.763332370000,"Rua José Teodoro dos Santos, 145"
412,PARQUE BURNIER.,10072313,15:15:00,10,0,0,19,2025-01-28T00:00:00.000Z,-43.328846690000,-21.762504770000,"Rua José Teodoro dos Santos, 275"
412,PARQUE BURNIER.,10072296,15:15:00,9,0,0,19,2025-01-28T00:00:00.000Z,-43.329374790000,-21.763440430000,"Rua Adelaide Campos de Resende, 975"
412,PARQUE BURNIER.,10072301,15:15:00,8,0,0,19,2025-01-28T00:00:00.000Z,-43.330138330000,-21.763252970000,"Rua Adelaide Campos de Resende, 1061"
412,PARQUE BURNIER.,10072363,15:50:00,2,0,0,0,2025-01-28T00:00:00.000Z,-43.327885630000,-21.762179390000,"Rua Natalino José de Paula, 288"
412,PARQUE BURNIER.,10072358,15:50:00,1,0,0,0,2025-01-28T00:00:00.000Z,-43.328687310000,-21.761675740000,"Rua Natalino José de Paula, 112 - Ponto Final do Parque Burnier"
412,PARQUE BURNIER.,10072362,15:50:00,3,0,0,0,2025-01-28T00:00:00.000Z,-43.327527760000,-21.762798310000,"Rua Natalino José de Paula, 310"
412,PARQUE BURNIER.,10072384,15:50:00,6,2,0,4,2025-01-28T00:00:00.000Z,-43.327999480000,-21.763301540000,"Rua José Teodoro dos Santos, 126"
412,PARQUE BURNIER.,10072309,15:50:00,5,0,0,2,2025-01-28T00:00:00.000Z,-43.327273730000,-21.763967940000,"Rua José Teodoro dos Santos, 28"
412,PARQUE BURNIER.,10073589,15:50:00,4,2,0,2,2025-01-28T00:00:00.000Z,-43.326568960000,-21.763629600000,"Rua Adelaide Campos de Resende, 706"
412,PARQUE BURNIER.,10072332,15:50:00,14,0,1,6,2025-01-28T00:00:00.000Z,-43.335533860000,-21.760131640000,"Rua São Geraldo, 89"
412,PARQUE BURNIER.,10072337,15:50:00,13,0,0,7,2025-01-28T00:00:00.000Z,-43.334540130000,-21.760522960000,"Rua Olga Burnier, 67"
412,PARQUE BURNIER.,10071108,15:50:00,17,0,17,0,2025-01-28T00:00:00.000Z,-43.349331860000,-21.758144610000,"Avenida Getúlio Vargas, 835"
412,PARQUE BURNIER.,10073584,15:50:00,8,0,0,5,2025-01-28T00:00:00.000Z,-43.329363350000,-21.763255450000,"Rua Adelaide Campos de Resende, 984"
412,PARQUE BURNIER.,10074194,15:50:00,16,12,1,17,2025-01-28T00:00:00.000Z,-43.342338620000,-21.760505960000,"Rua Ângelo Falci, 55"
412,PARQUE BURNIER.,10072302,15:50:00,15,1,1,6,2025-01-28T00:00:00.000Z,-43.338029500000,-21.760323850000,"Avenida Sete de Setembro, 623"
412,PARQUE BURNIER.,10072386,15:50:00,7,1,0,5,2025-01-28T00:00:00.000Z,-43.328850270000,-21.762325320000,"Rua José Teodoro dos Santos, 292"
412,PARQUE BURNIER.,10072335,15:50:00,12,2,0,7,2025-01-28T00:00:00.000Z,-43.333453420000,-21.761562350000,"Rua Olga Burnier, 233"
412,PARQUE BURNIER.,10072382,15:50:00,11,0,0,5,2025-01-28T00:00:00.000Z,-43.332369450000,-21.762522520000,"Rua Olga Burnier, 361"
412,PARQUE BURNIER.,10072380,15:50:00,10,0,0,5,2025-01-28T00:00:00.000Z,-43.331466790000,-21.763337580000,"Rua Olga Burnier, 485"
412,PARQUE BURNIER.,10073583,15:50:00,9,0,0,5,2025-01-28T00:00:00.000Z,-43.330207820000,-21.763072230000,"Rua Adelaide Campos de Resende, 1070"
412,PARQUE BURNIER.,10073558,16:10:00,4,0,0,38,2025-01-28T00:00:00.000Z,-43.334645750000,-21.760669710000,"Rua Olga Burnier, 70"
412,PARQUE BURNIER.,10073552,16:10:00,3,0,1,38,2025-01-28T00:00:00.000Z,-43.335479020000,-21.760313550000,"Rua São Geraldo, 84"
412,PARQUE BURNIER.,10073560,16:10:00,5,0,2,36,2025-01-28T00:00:00.000Z,-43.333589670000,-21.761652280000,"Rua Olga Burnier, 230"
412,PARQUE BURNIER.,10072305,16:10:00,2,2,1,39,2025-01-28T00:00:00.000Z,-43.337478970000,-21.760922950000,"Rua Djalma de Carvalho, 37"
412,PARQUE BURNIER.,10072328,16:10:00,13,0,5,18,2025-01-28T00:00:00.000Z,-43.326450350000,-21.763683320000,"Rua Adelaide Campos de Resende, 669"
412,PARQUE BURNIER.,10072377,16:10:00,12,0,0,23,2025-01-28T00:00:00.000Z,-43.327321890000,-21.764062650000,"Rua José Teodoro dos Santos, 25"
412,PARQUE BURNIER.,10073557,16:10:00,6,0,0,36,2025-01-28T00:00:00.000Z,-43.332479840000,-21.762640710000,"Rua Olga Burnier, 356"
412,PARQUE BURNIER.,10071108,16:10:00,1,38,0,38,2025-01-28T00:00:00.000Z,-43.349331860000,-21.758144610000,"Avenida Getúlio Vargas, 835"
412,PARQUE BURNIER.,10072358,16:10:00,18,0,1,6,2025-01-28T00:00:00.000Z,-43.328687310000,-21.761675740000,"Rua Natalino José de Paula, 112 - Ponto Final do Parque Burnier"
412,PARQUE BURNIER.,10072375,16:10:00,16,0,2,7,2025-01-28T00:00:00.000Z,-43.327420830000,-21.762727850000,"Rua Natalino José de Paula, 319"
412,PARQUE BURNIER.,10072356,16:10:00,17,1,1,7,2025-01-28T00:00:00.000Z,-43.327793950000,-21.762107030000,"Rua Natalino José de Paula, 271"
412,PARQUE BURNIER.,10071503,16:10:00,15,0,4,9,2025-01-28T00:00:00.000Z,-43.326207040000,-21.762717810000,"Rua Natalino José de Paula, 421"
412,PARQUE BURNIER.,10072359,16:10:00,14,0,5,13,2025-01-28T00:00:00.000Z,-43.326282500000,-21.763143540000,"Rua Adelaide Campos de Resende, 651"
412,PARQUE BURNIER.,10072316,16:10:00,11,0,1,23,2025-01-28T00:00:00.000Z,-43.328204750000,-21.763332370000,"Rua José Teodoro dos Santos, 145"
412,PARQUE BURNIER.,10072313,16:10:00,10,0,1,24,2025-01-28T00:00:00.000Z,-43.328846690000,-21.762504770000,"Rua José Teodoro dos Santos, 275"
412,PARQUE BURNIER.,10072296,16:10:00,9,0,9,25,2025-01-28T00:00:00.000Z,-43.329374790000,-21.763440430000,"Rua Adelaide Campos de Resende, 975"
412,PARQUE BURNIER.,10072301,16:10:00,8,1,0,34,2025-01-28T00:00:00.000Z,-43.330138330000,-21.763252970000,"Rua Adelaide Campos de Resende, 1061"
412,PARQUE BURNIER.,10073561,16:10:00,7,1,4,33,2025-01-28T00:00:00.000Z,-43.331552510000,-21.763418910000,"Rua Olga Burnier, 480"
412,PARQUE BURNIER.,10072309,16:45:00,5,0,0,3,2025-01-28T00:00:00.000Z,-43.327273730000,-21.763967940000,"Rua José Teodoro dos Santos, 28"
412,PARQUE BURNIER.,10073589,16:45:00,4,2,0,3,2025-01-28T00:00:00.000Z,-43.326568960000,-21.763629600000,"Rua Adelaide Campos de Resende, 706"
412,PARQUE BURNIER.,10072384,16:45:00,6,0,0,3,2025-01-28T00:00:00.000Z,-43.327999480000,-21.763301540000,"Rua José Teodoro dos Santos, 126"
412,PARQUE BURNIER.,10072362,16:45:00,3,1,0,1,2025-01-28T00:00:00.000Z,-43.327527760000,-21.762798310000,"Rua Natalino José de Paula, 310"
412,PARQUE BURNIER.,10072380,16:45:00,10,0,0,3,2025-01-28T00:00:00.000Z,-43.331466790000,-21.763337580000,"Rua Olga Burnier, 485"
412,PARQUE BURNIER.,10073584,16:45:00,8,0,1,3,2025-01-28T00:00:00.000Z,-43.329363350000,-21.763255450000,"Rua Adelaide Campos de Resende, 984"
412,PARQUE BURNIER.,10072386,16:45:00,7,1,0,4,2025-01-28T00:00:00.000Z,-43.328850270000,-21.762325320000,"Rua José Teodoro dos Santos, 292"
412,PARQUE BURNIER.,10072363,16:45:00,2,0,0,0,2025-01-28T00:00:00.000Z,-43.327885630000,-21.762179390000,"Rua Natalino José de Paula, 288"
412,PARQUE BURNIER.,10071108,16:45:00,17,0,24,1,2025-01-28T00:00:00.000Z,-43.349331860000,-21.758144610000,"Avenida Getúlio Vargas, 835"
412,PARQUE BURNIER.,10074194,16:45:00,16,21,1,25,2025-01-28T00:00:00.000Z,-43.342338620000,-21.760505960000,"Rua Ângelo Falci, 55"
412,PARQUE BURNIER.,10072302,16:45:00,15,3,1,5,2025-01-28T00:00:00.000Z,-43.338029500000,-21.760323850000,"Avenida Sete de Setembro, 623"
412,PARQUE BURNIER.,10072332,16:45:00,14,0,0,3,2025-01-28T00:00:00.000Z,-43.335533860000,-21.760131640000,"Rua São Geraldo, 89"
412,PARQUE BURNIER.,10072337,16:45:00,13,0,0,3,2025-01-28T00:00:00.000Z,-43.334540130000,-21.760522960000,"Rua Olga Burnier, 67"
412,PARQUE BURNIER.,10072335,16:45:00,12,0,0,3,2025-01-28T00:00:00.000Z,-43.333453420000,-21.761562350000,"Rua Olga Burnier, 233"
412,PARQUE BURNIER.,10072382,16:45:00,11,0,0,3,2025-01-28T00:00:00.000Z,-43.332369450000,-21.762522520000,"Rua Olga Burnier, 361"
412,PARQUE BURNIER.,10072358,16:45:00,1,0,0,0,2025-01-28T00:00:00.000Z,-43.328687310000,-21.761675740000,"Rua Natalino José de Paula, 112 - Ponto Final do Parque Burnier"
412,PARQUE BURNIER.,10073583,16:45:00,9,0,0,3,2025-01-28T00:00:00.000Z,-43.330207820000,-21.763072230000,"Rua Adelaide Campos de Resende, 1070"
412,PARQUE BURNIER.,10072305,17:05:00,2,1,0,2,2025-01-28T00:00:00.000Z,-43.337478970000,-21.760922950000,"Rua Djalma de Carvalho, 37"
412,PARQUE BURNIER.,10071108,17:05:00,1,1,0,1,2025-01-28T00:00:00.000Z,-43.349331860000,-21.758144610000,"Avenida Getúlio Vargas, 835"
412,PARQUE BURNIER.,10073561,17:05:00,7,0,0,3,2025-01-28T00:00:00.000Z,-43.331552510000,-21.763418910000,"Rua Olga Burnier, 480"
412,PARQUE BURNIER.,10073557,17:05:00,6,0,0,3,2025-01-28T00:00:00.000Z,-43.332479840000,-21.762640710000,"Rua Olga Burnier, 356"
412,PARQUE BURNIER.,10072296,17:05:00,9,0,0,3,2025-01-28T00:00:00.000Z,-43.329374790000,-21.763440430000,"Rua Adelaide Campos de Resende, 975"
412,PARQUE BURNIER.,10073560,17:05:00,5,1,0,3,2025-01-28T00:00:00.000Z,-43.333589670000,-21.761652280000,"Rua Olga Burnier, 230"
412,PARQUE BURNIER.,10072358,17:05:00,18,1,0,6,2025-01-28T00:00:00.000Z,-43.328687310000,-21.761675740000,"Rua Natalino José de Paula, 112 - Ponto Final do Parque Burnier"
412,PARQUE BURNIER.,10072356,17:05:00,17,0,1,5,2025-01-28T00:00:00.000Z,-43.327793950000,-21.762107030000,"Rua Natalino José de Paula, 271"
412,PARQUE BURNIER.,10072313,17:05:00,10,1,0,4,2025-01-28T00:00:00.000Z,-43.328846690000,-21.762504770000,"Rua José Teodoro dos Santos, 275"
412,PARQUE BURNIER.,10073558,17:05:00,4,0,0,2,2025-01-28T00:00:00.000Z,-43.334645750000,-21.760669710000,"Rua Olga Burnier, 70"
412,PARQUE BURNIER.,10072375,17:05:00,16,2,0,6,2025-01-28T00:00:00.000Z,-43.327420830000,-21.762727850000,"Rua Natalino José de Paula, 319"
412,PARQUE BURNIER.,10071503,17:05:00,15,0,1,4,2025-01-28T00:00:00.000Z,-43.326207040000,-21.762717810000,"Rua Natalino José de Paula, 421"
412,PARQUE BURNIER.,10072359,17:05:00,14,0,0,5,2025-01-28T00:00:00.000Z,-43.326282500000,-21.763143540000,"Rua Adelaide Campos de Resende, 651"
412,PARQUE BURNIER.,10072328,17:05:00,13,1,0,5,2025-01-28T00:00:00.000Z,-43.326450350000,-21.763683320000,"Rua Adelaide Campos de Resende, 669"
412,PARQUE BURNIER.,10072377,17:05:00,12,0,0,4,2025-01-28T00:00:00.000Z,-43.327321890000,-21.764062650000,"Rua José Teodoro dos Santos, 25"
412,PARQUE BURNIER.,10072316,17:05:00,11,0,0,4,2025-01-28T00:00:00.000Z,-43.328204750000,-21.763332370000,"Rua José Teodoro dos Santos, 145"
412,PARQUE BURNIER.,10073552,17:05:00,3,0,0,2,2025-01-28T00:00:00.000Z,-43.335479020000,-21.760313550000,"Rua São Geraldo, 84"
412,PARQUE BURNIER.,10072301,17:05:00,8,0,0,3,2025-01-28T00:00:00.000Z,-43.330138330000,-21.763252970000,"Rua Adelaide Campos de Resende, 1061"
412,PARQUE BURNIER.,10073584,17:40:00,8,0,1,1,2025-01-28T00:00:00.000Z,-43.329363350000,-21.763255450000,"Rua Adelaide Campos de Resende, 984"
412,PARQUE BURNIER.,10072386,17:40:00,7,0,2,2,2025-01-28T00:00:00.000Z,-43.328850270000,-21.762325320000,"Rua José Teodoro dos Santos, 292"
412,PARQUE BURNIER.,10073583,17:40:00,9,0,0,1,2025-01-28T00:00:00.000Z,-43.330207820000,-21.763072230000,"Rua Adelaide Campos de Resende, 1070"
412,PARQUE BURNIER.,10072384,17:40:00,6,2,0,4,2025-01-28T00:00:00.000Z,-43.327999480000,-21.763301540000,"Rua José Teodoro dos Santos, 126"
412,PARQUE BURNIER.,10071108,17:40:00,17,0,22,0,2025-01-28T00:00:00.000Z,-43.349331860000,-21.758144610000,"Avenida Getúlio Vargas, 835"
412,PARQUE BURNIER.,10074194,17:40:00,16,22,1,22,2025-01-28T00:00:00.000Z,-43.342338620000,-21.760505960000,"Rua Ângelo Falci, 55"
412,PARQUE BURNIER.,10072302,17:40:00,15,1,1,1,2025-01-28T00:00:00.000Z,-43.338029500000,-21.760323850000,"Avenida Sete de Setembro, 623"
412,PARQUE BURNIER.,10072309,17:40:00,5,1,0,2,2025-01-28T00:00:00.000Z,-43.327273730000,-21.763967940000,"Rua José Teodoro dos Santos, 28"
412,PARQUE BURNIER.,10072332,17:40:00,14,0,0,1,2025-01-28T00:00:00.000Z,-43.335533860000,-21.760131640000,"Rua São Geraldo, 89"
412,PARQUE BURNIER.,10072337,17:40:00,13,0,0,1,2025-01-28T00:00:00.000Z,-43.334540130000,-21.760522960000,"Rua Olga Burnier, 67"
412,PARQUE BURNIER.,10072335,17:40:00,12,0,0,1,2025-01-28T00:00:00.000Z,-43.333453420000,-21.761562350000,"Rua Olga Burnier, 233"
412,PARQUE BURNIER.,10072382,17:40:00,11,0,0,1,2025-01-28T00:00:00.000Z,-43.332369450000,-21.762522520000,"Rua Olga Burnier, 361"
412,PARQUE BURNIER.,10072380,17:40:00,10,0,0,1,2025-01-28T00:00:00.000Z,-43.331466790000,-21.763337580000,"Rua Olga Burnier, 485"
412,PARQUE BURNIER.,10073589,17:40:00,4,1,0,1,2025-01-28T00:00:00.000Z,-43.326568960000,-21.763629600000,"Rua Adelaide Campos de Resende, 706"
412,PARQUE BURNIER.,10072362,17:40:00,3,0,0,0,2025-01-28T00:00:00.000Z,-43.327527760000,-21.762798310000,"Rua Natalino José de Paula, 310"
412,PARQUE BURNIER.,10072363,17:40:00,2,0,0,0,2025-01-28T00:00:00.000Z,-43.327885630000,-21.762179390000,"Rua Natalino José de Paula, 288"
412,PARQUE BURNIER.,10072358,17:40:00,1,0,0,0,2025-01-28T00:00:00.000Z,-43.328687310000,-21.761675740000,"Rua Natalino José de Paula, 112 - Ponto Final do Parque Burnier"
412,PARQUE BURNIER.,10072305,18:00:00,2,0,0,13,2025-01-28T00:00:00.000Z,-43.337478970000,-21.760922950000,"Rua Djalma de Carvalho, 37"
412,PARQUE BURNIER.,10071108,18:00:00,1,13,0,13,2025-01-28T00:00:00.000Z,-43.349331860000,-21.758144610000,"Avenida Getúlio Vargas, 835"
412,PARQUE BURNIER.,10073552,18:00:00,3,0,0,13,2025-01-28T00:00:00.000Z,-43.335479020000,-21.760313550000,"Rua São Geraldo, 84"
412,PARQUE BURNIER.,10073561,18:00:00,7,0,2,10,2025-01-28T00:00:00.000Z,-43.331552510000,-21.763418910000,"Rua Olga Burnier, 480"
412,PARQUE BURNIER.,10073557,18:00:00,6,0,0,12,2025-01-28T00:00:00.000Z,-43.332479840000,-21.762640710000,"Rua Olga Burnier, 356"
412,PARQUE BURNIER.,10072359,18:00:00,14,0,1,5,2025-01-28T00:00:00.000Z,-43.326282500000,-21.763143540000,"Rua Adelaide Campos de Resende, 651"
412,PARQUE BURNIER.,10072316,18:00:00,11,0,1,7,2025-01-28T00:00:00.000Z,-43.328204750000,-21.763332370000,"Rua José Teodoro dos Santos, 145"
412,PARQUE BURNIER.,10072358,18:00:00,18,1,0,7,2025-01-28T00:00:00.000Z,-43.328687310000,-21.761675740000,"Rua Natalino José de Paula, 112 - Ponto Final do Parque Burnier"
412,PARQUE BURNIER.,10072313,18:00:00,10,0,3,8,2025-01-28T00:00:00.000Z,-43.328846690000,-21.762504770000,"Rua José Teodoro dos Santos, 275"
412,PARQUE BURNIER.,10072356,18:00:00,17,1,0,6,2025-01-28T00:00:00.000Z,-43.327793950000,-21.762107030000,"Rua Natalino José de Paula, 271"
412,PARQUE BURNIER.,10072375,18:00:00,16,0,0,5,2025-01-28T00:00:00.000Z,-43.327420830000,-21.762727850000,"Rua Natalino José de Paula, 319"
412,PARQUE BURNIER.,10071503,18:00:00,15,0,0,5,2025-01-28T00:00:00.000Z,-43.326207040000,-21.762717810000,"Rua Natalino José de Paula, 421"
412,PARQUE BURNIER.,10072296,18:00:00,9,1,0,11,2025-01-28T00:00:00.000Z,-43.329374790000,-21.763440430000,"Rua Adelaide Campos de Resende, 975"
412,PARQUE BURNIER.,10072328,18:00:00,13,0,1,6,2025-01-28T00:00:00.000Z,-43.326450350000,-21.763683320000,"Rua Adelaide Campos de Resende, 669"
412,PARQUE BURNIER.,10072377,18:00:00,12,0,0,7,2025-01-28T00:00:00.000Z,-43.327321890000,-21.764062650000,"Rua José Teodoro dos Santos, 25"
412,PARQUE BURNIER.,10072301,18:00:00,8,0,0,10,2025-01-28T00:00:00.000Z,-43.330138330000,-21.763252970000,"Rua Adelaide Campos de Resende, 1061"
412,PARQUE BURNIER.,10073560,18:00:00,5,0,0,12,2025-01-28T00:00:00.000Z,-43.333589670000,-21.761652280000,"Rua Olga Burnier, 230"
412,PARQUE BURNIER.,10073558,18:00:00,4,0,1,12,2025-01-28T00:00:00.000Z,-43.334645750000,-21.760669710000,"Rua Olga Burnier, 70"
412,PARQUE BURNIER.,10072362,18:35:00,3,1,0,4,2025-01-28T00:00:00.000Z,-43.327527760000,-21.762798310000,"Rua Natalino José de Paula, 310"
412,PARQUE BURNIER.,10072363,18:35:00,2,3,0,3,2025-01-28T00:00:00.000Z,-43.327885630000,-21.762179390000,"Rua Natalino José de Paula, 288"
412,PARQUE BURNIER.,10073589,18:35:00,4,1,0,5,2025-01-28T00:00:00.000Z,-43.326568960000,-21.763629600000,"Rua Adelaide Campos de Resende, 706"
412,PARQUE BURNIER.,10072358,18:35:00,1,0,0,0,2025-01-28T00:00:00.000Z,-43.328687310000,-21.761675740000,"Rua Natalino José de Paula, 112 - Ponto Final do Parque Burnier"
412,PARQUE BURNIER.,10072309,18:35:00,5,0,1,4,2025-01-28T00:00:00.000Z,-43.327273730000,-21.763967940000,"Rua José Teodoro dos Santos, 28"
412,PARQUE BURNIER.,10074194,18:35:00,16,16,1,26,2025-01-28T00:00:00.000Z,-43.342338620000,-21.760505960000,"Rua Ângelo Falci, 55"
412,PARQUE BURNIER.,10072335,18:35:00,12,0,0,6,2025-01-28T00:00:00.000Z,-43.333453420000,-21.761562350000,"Rua Olga Burnier, 233"
412,PARQUE BURNIER.,10071108,18:35:00,17,0,22,4,2025-01-28T00:00:00.000Z,-43.349331860000,-21.758144610000,"Avenida Getúlio Vargas, 835"
412,PARQUE BURNIER.,10073583,18:35:00,9,0,0,6,2025-01-28T00:00:00.000Z,-43.330207820000,-21.763072230000,"Rua Adelaide Campos de Resende, 1070"
412,PARQUE BURNIER.,10072302,18:35:00,15,5,0,11,2025-01-28T00:00:00.000Z,-43.338029500000,-21.760323850000,"Avenida Sete de Setembro, 623"
412,PARQUE BURNIER.,10072332,18:35:00,14,0,0,6,2025-01-28T00:00:00.000Z,-43.335533860000,-21.760131640000,"Rua São Geraldo, 89"
412,PARQUE BURNIER.,10072337,18:35:00,13,0,0,6,2025-01-28T00:00:00.000Z,-43.334540130000,-21.760522960000,"Rua Olga Burnier, 67"
412,PARQUE BURNIER.,10073584,18:35:00,8,0,1,6,2025-01-28T00:00:00.000Z,-43.329363350000,-21.763255450000,"Rua Adelaide Campos de Resende, 984"
412,PARQUE BURNIER.,10072382,18:35:00,11,0,0,6,2025-01-28T00:00:00.000Z,-43.332369450000,-21.762522520000,"Rua Olga Burnier, 361"
412,PARQUE BURNIER.,10072380,18:35:00,10,0,0,6,2025-01-28T00:00:00.000Z,-43.331466790000,-21.763337580000,"Rua Olga Burnier, 485"
412,PARQUE BURNIER.,10072386,18:35:00,7,2,0,7,2025-01-28T00:00:00.000Z,-43.328850270000,-21.762325320000,"Rua José Teodoro dos Santos, 292"
412,PARQUE BURNIER.,10072384,18:35:00,6,1,0,5,2025-01-28T00:00:00.000Z,-43.327999480000,-21.763301540000,"Rua José Teodoro dos Santos, 126"
412,PARQUE BURNIER.,10071108,18:55:00,1,25,0,25,2025-01-28T00:00:00.000Z,-43.349331860000,-21.758144610000,"Avenida Getúlio Vargas, 835"
412,PARQUE BURNIER.,10073560,18:55:00,5,0,0,23,2025-01-28T00:00:00.000Z,-43.333589670000,-21.761652280000,"Rua Olga Burnier, 230"
412,PARQUE BURNIER.,10073558,18:55:00,4,0,0,23,2025-01-28T00:00:00.000Z,-43.334645750000,-21.760669710000,"Rua Olga Burnier, 70"
412,PARQUE BURNIER.,10073557,18:55:00,6,0,0,23,2025-01-28T00:00:00.000Z,-43.332479840000,-21.762640710000,"Rua Olga Burnier, 356"
412,PARQUE BURNIER.,10073552,18:55:00,3,0,0,23,2025-01-28T00:00:00.000Z,-43.335479020000,-21.760313550000,"Rua São Geraldo, 84"
412,PARQUE BURNIER.,10072301,18:55:00,8,0,1,22,2025-01-28T00:00:00.000Z,-43.330138330000,-21.763252970000,"Rua Adelaide Campos de Resende, 1061"
412,PARQUE BURNIER.,10073561,18:55:00,7,0,0,23,2025-01-28T00:00:00.000Z,-43.331552510000,-21.763418910000,"Rua Olga Burnier, 480"
412,PARQUE BURNIER.,10072305,18:55:00,2,3,5,23,2025-01-28T00:00:00.000Z,-43.337478970000,-21.760922950000,"Rua Djalma de Carvalho, 37"
412,PARQUE BURNIER.,10072358,18:55:00,18,0,0,4,2025-01-28T00:00:00.000Z,-43.328687310000,-21.761675740000,"Rua Natalino José de Paula, 112 - Ponto Final do Parque Burnier"
412,PARQUE BURNIER.,10072356,18:55:00,17,0,3,4,2025-01-28T00:00:00.000Z,-43.327793950000,-21.762107030000,"Rua Natalino José de Paula, 271"
412,PARQUE BURNIER.,10072375,18:55:00,16,1,0,7,2025-01-28T00:00:00.000Z,-43.327420830000,-21.762727850000,"Rua Natalino José de Paula, 319"
412,PARQUE BURNIER.,10071503,18:55:00,15,0,3,6,2025-01-28T00:00:00.000Z,-43.326207040000,-21.762717810000,"Rua Natalino José de Paula, 421"
412,PARQUE BURNIER.,10072359,18:55:00,14,0,3,9,2025-01-28T00:00:00.000Z,-43.326282500000,-21.763143540000,"Rua Adelaide Campos de Resende, 651"
412,PARQUE BURNIER.,10072328,18:55:00,13,0,3,12,2025-01-28T00:00:00.000Z,-43.326450350000,-21.763683320000,"Rua Adelaide Campos de Resende, 669"
412,PARQUE BURNIER.,10072377,18:55:00,12,0,0,15,2025-01-28T00:00:00.000Z,-43.327321890000,-21.764062650000,"Rua José Teodoro dos Santos, 25"
412,PARQUE BURNIER.,10072316,18:55:00,11,0,2,15,2025-01-28T00:00:00.000Z,-43.328204750000,-21.763332370000,"Rua José Teodoro dos Santos, 145"
412,PARQUE BURNIER.,10072313,18:55:00,10,0,2,17,2025-01-28T00:00:00.000Z,-43.328846690000,-21.762504770000,"Rua José Teodoro dos Santos, 275"
412,PARQUE BURNIER.,10072296,18:55:00,9,0,3,19,2025-01-28T00:00:00.000Z,-43.329374790000,-21.763440430000,"Rua Adelaide Campos de Resende, 975"
412,PARQUE BURNIER.,10072363,19:30:00,2,0,0,0,2025-01-28T00:00:00.000Z,-43.327885630000,-21.762179390000,"Rua Natalino José de Paula, 288"
412,PARQUE BURNIER.,10072358,19:30:00,1,0,0,0,2025-01-28T00:00:00.000Z,-43.328687310000,-21.761675740000,"Rua Natalino José de Paula, 112 - Ponto Final do Parque Burnier"
412,PARQUE BURNIER.,10072384,19:30:00,6,0,0,0,2025-01-28T00:00:00.000Z,-43.327999480000,-21.763301540000,"Rua José Teodoro dos Santos, 126"
412,PARQUE BURNIER.,10072309,19:30:00,5,0,1,0,2025-01-28T00:00:00.000Z,-43.327273730000,-21.763967940000,"Rua José Teodoro dos Santos, 28"
412,PARQUE BURNIER.,10071108,19:30:00,17,0,8,3,2025-01-28T00:00:00.000Z,-43.349331860000,-21.758144610000,"Avenida Getúlio Vargas, 835"
412,PARQUE BURNIER.,10073589,19:30:00,4,1,0,1,2025-01-28T00:00:00.000Z,-43.326568960000,-21.763629600000,"Rua Adelaide Campos de Resende, 706"
412,PARQUE BURNIER.,10072362,19:30:00,3,0,0,0,2025-01-28T00:00:00.000Z,-43.327527760000,-21.762798310000,"Rua Natalino José de Paula, 310"
412,PARQUE BURNIER.,10074194,19:30:00,16,11,0,11,2025-01-28T00:00:00.000Z,-43.342338620000,-21.760505960000,"Rua Ângelo Falci, 55"
412,PARQUE BURNIER.,10072302,19:30:00,15,0,0,0,2025-01-28T00:00:00.000Z,-43.338029500000,-21.760323850000,"Avenida Sete de Setembro, 623"
412,PARQUE BURNIER.,10072332,19:30:00,14,0,0,0,2025-01-28T00:00:00.000Z,-43.335533860000,-21.760131640000,"Rua São Geraldo, 89"
412,PARQUE BURNIER.,10072337,19:30:00,13,0,0,0,2025-01-28T00:00:00.000Z,-43.334540130000,-21.760522960000,"Rua Olga Burnier, 67"
412,PARQUE BURNIER.,10072335,19:30:00,12,0,0,0,2025-01-28T00:00:00.000Z,-43.333453420000,-21.761562350000,"Rua Olga Burnier, 233"
412,PARQUE BURNIER.,10072382,19:30:00,11,0,0,0,2025-01-28T00:00:00.000Z,-43.332369450000,-21.762522520000,"Rua Olga Burnier, 361"
412,PARQUE BURNIER.,10072380,19:30:00,10,0,0,0,2025-01-28T00:00:00.000Z,-43.331466790000,-21.763337580000,"Rua Olga Burnier, 485"
412,PARQUE BURNIER.,10073583,19:30:00,9,0,0,0,2025-01-28T00:00:00.000Z,-43.330207820000,-21.763072230000,"Rua Adelaide Campos de Resende, 1070"
412,PARQUE BURNIER.,10073584,19:30:00,8,0,0,0,2025-01-28T00:00:00.000Z,-43.329363350000,-21.763255450000,"Rua Adelaide Campos de Resende, 984"
412,PARQUE BURNIER.,10072386,19:30:00,7,0,0,0,2025-01-28T00:00:00.000Z,-43.328850270000,-21.762325320000,"Rua José Teodoro dos Santos, 292"
412,PARQUE BURNIER.,10071108,19:50:00,1,9,0,9,2025-01-28T00:00:00.000Z,-43.349331860000,-21.758144610000,"Avenida Getúlio Vargas, 835"
412,PARQUE BURNIER.,10073558,19:50:00,4,0,0,8,2025-01-28T00:00:00.000Z,-43.334645750000,-21.760669710000,"Rua Olga Burnier, 70"
412,PARQUE BURNIER.,10073552,19:50:00,3,0,1,8,2025-01-28T00:00:00.000Z,-43.335479020000,-21.760313550000,"Rua São Geraldo, 84"
412,PARQUE BURNIER.,10072305,19:50:00,2,1,1,9,2025-01-28T00:00:00.000Z,-43.337478970000,-21.760922950000,"Rua Djalma de Carvalho, 37"
412,PARQUE BURNIER.,10072301,19:50:00,8,0,1,7,2025-01-28T00:00:00.000Z,-43.330138330000,-21.763252970000,"Rua Adelaide Campos de Resende, 1061"
412,PARQUE BURNIER.,10073561,19:50:00,7,0,0,8,2025-01-28T00:00:00.000Z,-43.331552510000,-21.763418910000,"Rua Olga Burnier, 480"
412,PARQUE BURNIER.,10072375,19:50:00,16,0,0,3,2025-01-28T00:00:00.000Z,-43.327420830000,-21.762727850000,"Rua Natalino José de Paula, 319"
412,PARQUE BURNIER.,10073557,19:50:00,6,0,0,8,2025-01-28T00:00:00.000Z,-43.332479840000,-21.762640710000,"Rua Olga Burnier, 356"
412,PARQUE BURNIER.,10072358,19:50:00,18,1,3,1,2025-01-28T00:00:00.000Z,-43.328687310000,-21.761675740000,"Rua Natalino José de Paula, 112 - Ponto Final do Parque Burnier"
412,PARQUE BURNIER.,10072356,19:50:00,17,0,0,3,2025-01-28T00:00:00.000Z,-43.327793950000,-21.762107030000,"Rua Natalino José de Paula, 271"
412,PARQUE BURNIER.,10073560,19:50:00,5,0,0,8,2025-01-28T00:00:00.000Z,-43.333589670000,-21.761652280000,"Rua Olga Burnier, 230"
412,PARQUE BURNIER.,10071503,19:50:00,15,0,0,3,2025-01-28T00:00:00.000Z,-43.326207040000,-21.762717810000,"Rua Natalino José de Paula, 421"
412,PARQUE BURNIER.,10072359,19:50:00,14,0,0,3,2025-01-28T00:00:00.000Z,-43.326282500000,-21.763143540000,"Rua Adelaide Campos de Resende, 651"
412,PARQUE BURNIER.,10072328,19:50:00,13,0,0,3,2025-01-28T00:00:00.000Z,-43.326450350000,-21.763683320000,"Rua Adelaide Campos de Resende, 669"
412,PARQUE BURNIER.,10072377,19:50:00,12,0,1,3,2025-01-28T00:00:00.000Z,-43.327321890000,-21.764062650000,"Rua José Teodoro dos Santos, 25"
412,PARQUE BURNIER.,10072316,19:50:00,11,0,1,4,2025-01-28T00:00:00.000Z,-43.328204750000,-21.763332370000,"Rua José Teodoro dos Santos, 145"
412,PARQUE BURNIER.,10072313,19:50:00,10,0,0,5,2025-01-28T00:00:00.000Z,-43.328846690000,-21.762504770000,"Rua José Teodoro dos Santos, 275"
412,PARQUE BURNIER.,10072296,19:50:00,9,0,2,5,2025-01-28T00:00:00.000Z,-43.329374790000,-21.763440430000,"Rua Adelaide Campos de Resende, 975"
412,PARQUE BURNIER.,10072358,20:25:00,1,0,0,0,2025-01-28T00:00:00.000Z,-43.328687310000,-21.761675740000,"Rua Natalino José de Paula, 112 - Ponto Final do Parque Burnier"
412,PARQUE BURNIER.,10072363,20:25:00,2,0,0,0,2025-01-28T00:00:00.000Z,-43.327885630000,-21.762179390000,"Rua Natalino José de Paula, 288"
412,PARQUE BURNIER.,10072309,20:25:00,5,0,0,0,2025-01-28T00:00:00.000Z,-43.327273730000,-21.763967940000,"Rua José Teodoro dos Santos, 28"
412,PARQUE BURNIER.,10073589,20:25:00,4,0,0,0,2025-01-28T00:00:00.000Z,-43.326568960000,-21.763629600000,"Rua Adelaide Campos de Resende, 706"
412,PARQUE BURNIER.,10072362,20:25:00,3,0,0,0,2025-01-28T00:00:00.000Z,-43.327527760000,-21.762798310000,"Rua Natalino José de Paula, 310"
412,PARQUE BURNIER.,10072302,20:25:00,15,0,0,1,2025-01-28T00:00:00.000Z,-43.338029500000,-21.760323850000,"Avenida Sete de Setembro, 623"
412,PARQUE BURNIER.,10072332,20:25:00,14,0,0,1,2025-01-28T00:00:00.000Z,-43.335533860000,-21.760131640000,"Rua São Geraldo, 89"
412,PARQUE BURNIER.,10074194,20:25:00,16,5,0,6,2025-01-28T00:00:00.000Z,-43.342338620000,-21.760505960000,"Rua Ângelo Falci, 55"
412,PARQUE BURNIER.,10072386,20:25:00,7,0,0,0,2025-01-28T00:00:00.000Z,-43.328850270000,-21.762325320000,"Rua José Teodoro dos Santos, 292"
412,PARQUE BURNIER.,10071108,20:25:00,17,0,1,5,2025-01-28T00:00:00.000Z,-43.349331860000,-21.758144610000,"Avenida Getúlio Vargas, 835"
412,PARQUE BURNIER.,10072384,20:25:00,6,0,0,0,2025-01-28T00:00:00.000Z,-43.327999480000,-21.763301540000,"Rua José Teodoro dos Santos, 126"
412,PARQUE BURNIER.,10072337,20:25:00,13,0,0,1,2025-01-28T00:00:00.000Z,-43.334540130000,-21.760522960000,"Rua Olga Burnier, 67"
412,PARQUE BURNIER.,10072335,20:25:00,12,0,0,1,2025-01-28T00:00:00.000Z,-43.333453420000,-21.761562350000,"Rua Olga Burnier, 233"
412,PARQUE BURNIER.,10072382,20:25:00,11,0,0,1,2025-01-28T00:00:00.000Z,-43.332369450000,-21.762522520000,"Rua Olga Burnier, 361"
412,PARQUE BURNIER.,10072380,20:25:00,10,1,0,1,2025-01-28T00:00:00.000Z,-43.331466790000,-21.763337580000,"Rua Olga Burnier, 485"
412,PARQUE BURNIER.,10073583,20:25:00,9,0,0,0,2025-01-28T00:00:00.000Z,-43.330207820000,-21.763072230000,"Rua Adelaide Campos de Resende, 1070"
412,PARQUE BURNIER.,10073584,20:25:00,8,0,0,0,2025-01-28T00:00:00.000Z,-43.329363350000,-21.763255450000,"Rua Adelaide Campos de Resende, 984"
412,PARQUE BURNIER.,10073552,20:45:00,3,0,0,11,2025-01-28T00:00:00.000Z,-43.335479020000,-21.760313550000,"Rua São Geraldo, 84"
412,PARQUE BURNIER.,10072305,20:45:00,2,0,0,11,2025-01-28T00:00:00.000Z,-43.337478970000,-21.760922950000,"Rua Djalma de Carvalho, 37"
412,PARQUE BURNIER.,10073558,20:45:00,4,0,0,11,2025-01-28T00:00:00.000Z,-43.334645750000,-21.760669710000,"Rua Olga Burnier, 70"
412,PARQUE BURNIER.,10071108,20:45:00,1,11,0,11,2025-01-28T00:00:00.000Z,-43.349331860000,-21.758144610000,"Avenida Getúlio Vargas, 835"
412,PARQUE BURNIER.,10073561,20:45:00,7,0,0,11,2025-01-28T00:00:00.000Z,-43.331552510000,-21.763418910000,"Rua Olga Burnier, 480"
412,PARQUE BURNIER.,10073557,20:45:00,6,0,0,11,2025-01-28T00:00:00.000Z,-43.332479840000,-21.762640710000,"Rua Olga Burnier, 356"
412,PARQUE BURNIER.,10073560,20:45:00,5,0,0,11,2025-01-28T00:00:00.000Z,-43.333589670000,-21.761652280000,"Rua Olga Burnier, 230"
412,PARQUE BURNIER.,10072356,20:45:00,17,0,1,2,2025-01-28T00:00:00.000Z,-43.327793950000,-21.762107030000,"Rua Natalino José de Paula, 271"
412,PARQUE BURNIER.,10072359,20:45:00,14,0,1,6,2025-01-28T00:00:00.000Z,-43.326282500000,-21.763143540000,"Rua Adelaide Campos de Resende, 651"
412,PARQUE BURNIER.,10072358,20:45:00,18,1,0,3,2025-01-28T00:00:00.000Z,-43.328687310000,-21.761675740000,"Rua Natalino José de Paula, 112 - Ponto Final do Parque Burnier"
412,PARQUE BURNIER.,10072328,20:45:00,13,0,1,7,2025-01-28T00:00:00.000Z,-43.326450350000,-21.763683320000,"Rua Adelaide Campos de Resende, 669"
412,PARQUE BURNIER.,10072375,20:45:00,16,0,1,3,2025-01-28T00:00:00.000Z,-43.327420830000,-21.762727850000,"Rua Natalino José de Paula, 319"
412,PARQUE BURNIER.,10071503,20:45:00,15,0,2,4,2025-01-28T00:00:00.000Z,-43.326207040000,-21.762717810000,"Rua Natalino José de Paula, 421"
412,PARQUE BURNIER.,10072301,20:45:00,8,0,0,11,2025-01-28T00:00:00.000Z,-43.330138330000,-21.763252970000,"Rua Adelaide Campos de Resende, 1061"
412,PARQUE BURNIER.,10072377,20:45:00,12,1,1,8,2025-01-28T00:00:00.000Z,-43.327321890000,-21.764062650000,"Rua José Teodoro dos Santos, 25"
412,PARQUE BURNIER.,10072316,20:45:00,11,0,0,8,2025-01-28T00:00:00.000Z,-43.328204750000,-21.763332370000,"Rua José Teodoro dos Santos, 145"
412,PARQUE BURNIER.,10072313,20:45:00,10,1,3,8,2025-01-28T00:00:00.000Z,-43.328846690000,-21.762504770000,"Rua José Teodoro dos Santos, 275"
412,PARQUE BURNIER.,10072296,20:45:00,9,0,1,10,2025-01-28T00:00:00.000Z,-43.329374790000,-21.763440430000,"Rua Adelaide Campos de Resende, 975"
412,PARQUE BURNIER.,10073560,21:40:00,5,0,0,6,2025-01-28T00:00:00.000Z,-43.333589670000,-21.761652280000,"Rua Olga Burnier, 230"
412,PARQUE BURNIER.,10073558,21:40:00,4,0,0,6,2025-01-28T00:00:00.000Z,-43.334645750000,-21.760669710000,"Rua Olga Burnier, 70"
412,PARQUE BURNIER.,10072316,21:40:00,11,0,1,5,2025-01-28T00:00:00.000Z,-43.328204750000,-21.763332370000,"Rua José Teodoro dos Santos, 145"
412,PARQUE BURNIER.,10073552,21:40:00,3,0,0,6,2025-01-28T00:00:00.000Z,-43.335479020000,-21.760313550000,"Rua São Geraldo, 84"
412,PARQUE BURNIER.,10072359,21:40:00,14,0,0,4,2025-01-28T00:00:00.000Z,-43.326282500000,-21.763143540000,"Rua Adelaide Campos de Resende, 651"
412,PARQUE BURNIER.,10072328,21:40:00,13,0,0,4,2025-01-28T00:00:00.000Z,-43.326450350000,-21.763683320000,"Rua Adelaide Campos de Resende, 669"
412,PARQUE BURNIER.,10072377,21:40:00,12,0,1,4,2025-01-28T00:00:00.000Z,-43.327321890000,-21.764062650000,"Rua José Teodoro dos Santos, 25"
412,PARQUE BURNIER.,10072305,21:40:00,2,2,2,6,2025-01-28T00:00:00.000Z,-43.337478970000,-21.760922950000,"Rua Djalma de Carvalho, 37"
412,PARQUE BURNIER.,10072358,21:40:00,18,0,0,2,2025-01-28T00:00:00.000Z,-43.328687310000,-21.761675740000,"Rua Natalino José de Paula, 112 - Ponto Final do Parque Burnier"
412,PARQUE BURNIER.,10072356,21:40:00,17,0,0,2,2025-01-28T00:00:00.000Z,-43.327793950000,-21.762107030000,"Rua Natalino José de Paula, 271"
412,PARQUE BURNIER.,10072375,21:40:00,16,0,0,2,2025-01-28T00:00:00.000Z,-43.327420830000,-21.762727850000,"Rua Natalino José de Paula, 319"
412,PARQUE BURNIER.,10071503,21:40:00,15,0,2,2,2025-01-28T00:00:00.000Z,-43.326207040000,-21.762717810000,"Rua Natalino José de Paula, 421"
412,PARQUE BURNIER.,10071108,21:40:00,1,6,0,6,2025-01-28T00:00:00.000Z,-43.349331860000,-21.758144610000,"Avenida Getúlio Vargas, 835"
412,PARQUE BURNIER.,10072313,21:40:00,10,0,0,6,2025-01-28T00:00:00.000Z,-43.328846690000,-21.762504770000,"Rua José Teodoro dos Santos, 275"
412,PARQUE BURNIER.,10072296,21:40:00,9,0,0,6,2025-01-28T00:00:00.000Z,-43.329374790000,-21.763440430000,"Rua Adelaide Campos de Resende, 975"
412,PARQUE BURNIER.,10072301,21:40:00,8,0,0,6,2025-01-28T00:00:00.000Z,-43.330138330000,-21.763252970000,"Rua Adelaide Campos de Resende, 1061"
412,PARQUE BURNIER.,10073561,21:40:00,7,0,0,6,2025-01-28T00:00:00.000Z,-43.331552510000,-21.763418910000,"Rua Olga Burnier, 480"
412,PARQUE BURNIER.,10073557,21:40:00,6,0,0,6,2025-01-28T00:00:00.000Z,-43.332479840000,-21.762640710000,"Rua Olga Burnier, 356"
412,PARQUE BURNIER.,10072384,22:10:00,6,0,0,0,2025-01-28T00:00:00.000Z,-43.327999480000,-21.763301540000,"Rua José Teodoro dos Santos, 126"
412,PARQUE BURNIER.,10072309,22:10:00,5,0,0,0,2025-01-28T00:00:00.000Z,-43.327273730000,-21.763967940000,"Rua José Teodoro dos Santos, 28"
412,PARQUE BURNIER.,10072386,22:10:00,7,0,0,0,2025-01-28T00:00:00.000Z,-43.328850270000,-21.762325320000,"Rua José Teodoro dos Santos, 292"
412,PARQUE BURNIER.,10073589,22:10:00,4,0,0,0,2025-01-28T00:00:00.000Z,-43.326568960000,-21.763629600000,"Rua Adelaide Campos de Resende, 706"
412,PARQUE BURNIER.,10071108,22:10:00,17,0,0,7,2025-01-28T00:00:00.000Z,-43.349331860000,-21.758144610000,"Avenida Getúlio Vargas, 835"
412,PARQUE BURNIER.,10073583,22:10:00,9,0,0,0,2025-01-28T00:00:00.000Z,-43.330207820000,-21.763072230000,"Rua Adelaide Campos de Resende, 1070"
412,PARQUE BURNIER.,10073584,22:10:00,8,0,0,0,2025-01-28T00:00:00.000Z,-43.329363350000,-21.763255450000,"Rua Adelaide Campos de Resende, 984"
412,PARQUE BURNIER.,10072362,22:10:00,3,0,0,0,2025-01-28T00:00:00.000Z,-43.327527760000,-21.762798310000,"Rua Natalino José de Paula, 310"
412,PARQUE BURNIER.,10074194,22:10:00,16,7,0,7,2025-01-28T00:00:00.000Z,-43.342338620000,-21.760505960000,"Rua Ângelo Falci, 55"
412,PARQUE BURNIER.,10072302,22:10:00,15,0,0,0,2025-01-28T00:00:00.000Z,-43.338029500000,-21.760323850000,"Avenida Sete de Setembro, 623"
412,PARQUE BURNIER.,10072332,22:10:00,14,0,0,0,2025-01-28T00:00:00.000Z,-43.335533860000,-21.760131640000,"Rua São Geraldo, 89"
412,PARQUE BURNIER.,10072337,22:10:00,13,0,0,0,2025-01-28T00:00:00.000Z,-43.334540130000,-21.760522960000,"Rua Olga Burnier, 67"
412,PARQUE BURNIER.,10072335,22:10:00,12,0,0,0,2025-01-28T00:00:00.000Z,-43.333453420000,-21.761562350000,"Rua Olga Burnier, 233"
412,PARQUE BURNIER.,10072382,22:10:00,11,0,0,0,2025-01-28T00:00:00.000Z,-43.332369450000,-21.762522520000,"Rua Olga Burnier, 361"
412,PARQUE BURNIER.,10072380,22:10:00,10,0,0,0,2025-01-28T00:00:00.000Z,-43.331466790000,-21.763337580000,"Rua Olga Burnier, 485"
412,PARQUE BURNIER.,10072363,22:10:00,2,0,0,0,2025-01-28T00:00:00.000Z,-43.327885630000,-21.762179390000,"Rua Natalino José de Paula, 288"
412,PARQUE BURNIER.,10072358,22:10:00,1,0,0,0,2025-01-28T00:00:00.000Z,-43.328687310000,-21.761675740000,"Rua Natalino José de Paula, 112 - Ponto Final do Parque Burnier"
412,PARQUE BURNIER.,10071108,22:30:00,1,21,0,21,2025-01-28T00:00:00.000Z,-43.349331860000,-21.758144610000,"Avenida Getúlio Vargas, 835"
412,PARQUE BURNIER.,10073552,22:30:00,3,0,0,20,2025-01-28T00:00:00.000Z,-43.335479020000,-21.760313550000,"Rua São Geraldo, 84"
412,PARQUE BURNIER.,10072305,22:30:00,2,0,1,20,2025-01-28T00:00:00.000Z,-43.337478970000,-21.760922950000,"Rua Djalma de Carvalho, 37"
412,PARQUE BURNIER.,10072301,22:30:00,8,0,0,18,2025-01-28T00:00:00.000Z,-43.330138330000,-21.763252970000,"Rua Adelaide Campos de Resende, 1061"
412,PARQUE BURNIER.,10073561,22:30:00,7,0,0,18,2025-01-28T00:00:00.000Z,-43.331552510000,-21.763418910000,"Rua Olga Burnier, 480"
412,PARQUE BURNIER.,10072296,22:30:00,9,0,0,18,2025-01-28T00:00:00.000Z,-43.329374790000,-21.763440430000,"Rua Adelaide Campos de Resende, 975"
412,PARQUE BURNIER.,10073557,22:30:00,6,0,0,18,2025-01-28T00:00:00.000Z,-43.332479840000,-21.762640710000,"Rua Olga Burnier, 356"
412,PARQUE BURNIER.,10072358,22:30:00,18,0,0,9,2025-01-28T00:00:00.000Z,-43.328687310000,-21.761675740000,"Rua Natalino José de Paula, 112 - Ponto Final do Parque Burnier"
412,PARQUE BURNIER.,10072356,22:30:00,17,0,0,9,2025-01-28T00:00:00.000Z,-43.327793950000,-21.762107030000,"Rua Natalino José de Paula, 271"
412,PARQUE BURNIER.,10072375,22:30:00,16,0,0,9,2025-01-28T00:00:00.000Z,-43.327420830000,-21.762727850000,"Rua Natalino José de Paula, 319"
412,PARQUE BURNIER.,10073560,22:30:00,5,0,2,18,2025-01-28T00:00:00.000Z,-43.333589670000,-21.761652280000,"Rua Olga Burnier, 230"
412,PARQUE BURNIER.,10071503,22:30:00,15,0,2,9,2025-01-28T00:00:00.000Z,-43.326207040000,-21.762717810000,"Rua Natalino José de Paula, 421"
412,PARQUE BURNIER.,10072359,22:30:00,14,0,2,11,2025-01-28T00:00:00.000Z,-43.326282500000,-21.763143540000,"Rua Adelaide Campos de Resende, 651"
412,PARQUE BURNIER.,10072328,22:30:00,13,0,2,13,2025-01-28T00:00:00.000Z,-43.326450350000,-21.763683320000,"Rua Adelaide Campos de Resende, 669"
412,PARQUE BURNIER.,10072377,22:30:00,12,0,0,15,2025-01-28T00:00:00.000Z,-43.327321890000,-21.764062650000,"Rua José Teodoro dos Santos, 25"
412,PARQUE BURNIER.,10072316,22:30:00,11,0,2,15,2025-01-28T00:00:00.000Z,-43.328204750000,-21.763332370000,"Rua José Teodoro dos Santos, 145"
412,PARQUE BURNIER.,10072313,22:30:00,10,0,1,17,2025-01-28T00:00:00.000Z,-43.328846690000,-21.762504770000,"Rua José Teodoro dos Santos, 275"
412,PARQUE BURNIER.,10073558,22:30:00,4,0,0,20,2025-01-28T00:00:00.000Z,-43.334645750000,-21.760669710000,"Rua Olga Burnier, 70"
412,PARQUE BURNIER.,10072358,05:30:00,1,0,0,0,2025-01-29T00:00:00.000Z,-43.328687310000,-21.761675740000,"Rua Natalino José de Paula, 112 - Ponto Final do Parque Burnier"
412,PARQUE BURNIER.,10072363,05:30:00,2,1,0,1,2025-01-29T00:00:00.000Z,-43.327885630000,-21.762179390000,"Rua Natalino José de Paula, 288"
412,PARQUE BURNIER.,10073583,05:30:00,9,0,0,11,2025-01-29T00:00:00.000Z,-43.330207820000,-21.763072230000,"Rua Adelaide Campos de Resende, 1070"
412,PARQUE BURNIER.,10073584,05:30:00,8,2,0,11,2025-01-29T00:00:00.000Z,-43.329363350000,-21.763255450000,"Rua Adelaide Campos de Resende, 984"
412,PARQUE BURNIER.,10072332,05:30:00,14,0,0,11,2025-01-29T00:00:00.000Z,-43.335533860000,-21.760131640000,"Rua São Geraldo, 89"
412,PARQUE BURNIER.,10072386,05:30:00,7,2,0,9,2025-01-29T00:00:00.000Z,-43.328850270000,-21.762325320000,"Rua José Teodoro dos Santos, 292"
412,PARQUE BURNIER.,10071108,05:30:00,17,0,9,0,2025-01-29T00:00:00.000Z,-43.349331860000,-21.758144610000,"Avenida Getúlio Vargas, 835"
412,PARQUE BURNIER.,10074194,05:30:00,16,2,5,9,2025-01-29T00:00:00.000Z,-43.342338620000,-21.760505960000,"Rua Ângelo Falci, 55"
412,PARQUE BURNIER.,10072302,05:30:00,15,2,1,12,2025-01-29T00:00:00.000Z,-43.338029500000,-21.760323850000,"Avenida Sete de Setembro, 623"
412,PARQUE BURNIER.,10072384,05:30:00,6,0,0,7,2025-01-29T00:00:00.000Z,-43.327999480000,-21.763301540000,"Rua José Teodoro dos Santos, 126"
412,PARQUE BURNIER.,10072337,05:30:00,13,0,0,11,2025-01-29T00:00:00.000Z,-43.334540130000,-21.760522960000,"Rua Olga Burnier, 67"
412,PARQUE BURNIER.,10072335,05:30:00,12,0,0,11,2025-01-29T00:00:00.000Z,-43.333453420000,-21.761562350000,"Rua Olga Burnier, 233"
412,PARQUE BURNIER.,10072382,05:30:00,11,0,0,11,2025-01-29T00:00:00.000Z,-43.332369450000,-21.762522520000,"Rua Olga Burnier, 361"
412,PARQUE BURNIER.,10072380,05:30:00,10,0,0,11,2025-01-29T00:00:00.000Z,-43.331466790000,-21.763337580000,"Rua Olga Burnier, 485"
412,PARQUE BURNIER.,10072309,05:30:00,5,0,0,7,2025-01-29T00:00:00.000Z,-43.327273730000,-21.763967940000,"Rua José Teodoro dos Santos, 28"
412,PARQUE BURNIER.,10073589,05:30:00,4,1,0,7,2025-01-29T00:00:00.000Z,-43.326568960000,-21.763629600000,"Rua Adelaide Campos de Resende, 706"
412,PARQUE BURNIER.,10072362,05:30:00,3,5,0,6,2025-01-29T00:00:00.000Z,-43.327527760000,-21.762798310000,"Rua Natalino José de Paula, 310"
412,PARQUE BURNIER.,10073552,05:51:00,3,0,0,0,2025-01-29T00:00:00.000Z,-43.335479020000,-21.760313550000,"Rua São Geraldo, 84"
412,PARQUE BURNIER.,10072305,05:51:00,2,0,0,0,2025-01-29T00:00:00.000Z,-43.337478970000,-21.760922950000,"Rua Djalma de Carvalho, 37"
412,PARQUE BURNIER.,10073558,05:51:00,4,0,0,0,2025-01-29T00:00:00.000Z,-43.334645750000,-21.760669710000,"Rua Olga Burnier, 70"
412,PARQUE BURNIER.,10071108,05:51:00,1,0,0,0,2025-01-29T00:00:00.000Z,-43.349331860000,-21.758144610000,"Avenida Getúlio Vargas, 835"
412,PARQUE BURNIER.,10073557,05:51:00,6,0,0,0,2025-01-29T00:00:00.000Z,-43.332479840000,-21.762640710000,"Rua Olga Burnier, 356"
412,PARQUE BURNIER.,10073560,05:51:00,5,0,0,0,2025-01-29T00:00:00.000Z,-43.333589670000,-21.761652280000,"Rua Olga Burnier, 230"
412,PARQUE BURNIER.,10072356,05:51:00,17,0,0,0,2025-01-29T00:00:00.000Z,-43.327793950000,-21.762107030000,"Rua Natalino José de Paula, 271"
412,PARQUE BURNIER.,10072328,05:51:00,13,0,0,0,2025-01-29T00:00:00.000Z,-43.326450350000,-21.763683320000,"Rua Adelaide Campos de Resende, 669"
412,PARQUE BURNIER.,10072358,05:51:00,18,10,0,10,2025-01-29T00:00:00.000Z,-43.328687310000,-21.761675740000,"Rua Natalino José de Paula, 112 - Ponto Final do Parque Burnier"
412,PARQUE BURNIER.,10072296,05:51:00,9,0,0,0,2025-01-29T00:00:00.000Z,-43.329374790000,-21.763440430000,"Rua Adelaide Campos de Resende, 975"
412,PARQUE BURNIER.,10072375,05:51:00,16,0,0,0,2025-01-29T00:00:00.000Z,-43.327420830000,-21.762727850000,"Rua Natalino José de Paula, 319"
412,PARQUE BURNIER.,10071503,05:51:00,15,0,0,0,2025-01-29T00:00:00.000Z,-43.326207040000,-21.762717810000,"Rua Natalino José de Paula, 421"
412,PARQUE BURNIER.,10072359,05:51:00,14,0,0,0,2025-01-29T00:00:00.000Z,-43.326282500000,-21.763143540000,"Rua Adelaide Campos de Resende, 651"
412,PARQUE BURNIER.,10072301,05:51:00,8,0,0,0,2025-01-29T00:00:00.000Z,-43.330138330000,-21.763252970000,"Rua Adelaide Campos de Resende, 1061"
412,PARQUE BURNIER.,10072377,05:51:00,12,0,0,0,2025-01-29T00:00:00.000Z,-43.327321890000,-21.764062650000,"Rua José Teodoro dos Santos, 25"
412,PARQUE BURNIER.,10072316,05:51:00,11,0,0,0,2025-01-29T00:00:00.000Z,-43.328204750000,-21.763332370000,"Rua José Teodoro dos Santos, 145"
412,PARQUE BURNIER.,10072313,05:51:00,10,0,0,0,2025-01-29T00:00:00.000Z,-43.328846690000,-21.762504770000,"Rua José Teodoro dos Santos, 275"
412,PARQUE BURNIER.,10073561,05:51:00,7,0,0,0,2025-01-29T00:00:00.000Z,-43.331552510000,-21.763418910000,"Rua Olga Burnier, 480"
412,PARQUE BURNIER.,10073589,06:17:00,4,7,2,8,2025-01-29T00:00:00.000Z,-43.326568960000,-21.763629600000,"Rua Adelaide Campos de Resende, 706"
412,PARQUE BURNIER.,10072362,06:17:00,3,0,3,3,2025-01-29T00:00:00.000Z,-43.327527760000,-21.762798310000,"Rua Natalino José de Paula, 310"
412,PARQUE BURNIER.,10072309,06:17:00,5,2,0,10,2025-01-29T00:00:00.000Z,-43.327273730000,-21.763967940000,"Rua José Teodoro dos Santos, 28"
412,PARQUE BURNIER.,10072363,06:17:00,2,6,0,6,2025-01-29T00:00:00.000Z,-43.327885630000,-21.762179390000,"Rua Natalino José de Paula, 288"
412,PARQUE BURNIER.,10072384,06:17:00,6,2,1,11,2025-01-29T00:00:00.000Z,-43.327999480000,-21.763301540000,"Rua José Teodoro dos Santos, 126"
412,PARQUE BURNIER.,10072358,06:17:00,1,0,0,0,2025-01-29T00:00:00.000Z,-43.328687310000,-21.761675740000,"Rua Natalino José de Paula, 112 - Ponto Final do Parque Burnier"
412,PARQUE BURNIER.,10071108,06:17:00,17,0,0,14,2025-01-29T00:00:00.000Z,-43.349331860000,-21.758144610000,"Avenida Getúlio Vargas, 835"
412,PARQUE BURNIER.,10072302,06:17:00,15,0,2,14,2025-01-29T00:00:00.000Z,-43.338029500000,-21.760323850000,"Avenida Sete de Setembro, 623"
412,PARQUE BURNIER.,10074194,06:17:00,16,1,1,14,2025-01-29T00:00:00.000Z,-43.342338620000,-21.760505960000,"Rua Ângelo Falci, 55"
412,PARQUE BURNIER.,10072382,06:17:00,11,1,0,16,2025-01-29T00:00:00.000Z,-43.332369450000,-21.762522520000,"Rua Olga Burnier, 361"
412,PARQUE BURNIER.,10072332,06:17:00,14,0,1,16,2025-01-29T00:00:00.000Z,-43.335533860000,-21.760131640000,"Rua São Geraldo, 89"
412,PARQUE BURNIER.,10072337,06:17:00,13,1,0,17,2025-01-29T00:00:00.000Z,-43.334540130000,-21.760522960000,"Rua Olga Burnier, 67"
412,PARQUE BURNIER.,10072335,06:17:00,12,1,1,16,2025-01-29T00:00:00.000Z,-43.333453420000,-21.761562350000,"Rua Olga Burnier, 233"
412,PARQUE BURNIER.,10073583,06:17:00,9,0,0,14,2025-01-29T00:00:00.000Z,-43.330207820000,-21.763072230000,"Rua Adelaide Campos de Resende, 1070"
412,PARQUE BURNIER.,10072380,06:17:00,10,2,1,15,2025-01-29T00:00:00.000Z,-43.331466790000,-21.763337580000,"Rua Olga Burnier, 485"
412,PARQUE BURNIER.,10073584,06:17:00,8,3,0,14,2025-01-29T00:00:00.000Z,-43.329363350000,-21.763255450000,"Rua Adelaide Campos de Resende, 984"
412,PARQUE BURNIER.,10072386,06:17:00,7,0,0,11,2025-01-29T00:00:00.000Z,-43.328850270000,-21.762325320000,"Rua José Teodoro dos Santos, 292"
412,PARQUE BURNIER.,10072305,06:38:00,2,0,0,8,2025-01-29T00:00:00.000Z,-43.337478970000,-21.760922950000,"Rua Djalma de Carvalho, 37"
412,PARQUE BURNIER.,10071108,06:38:00,1,8,0,8,2025-01-29T00:00:00.000Z,-43.349331860000,-21.758144610000,"Avenida Getúlio Vargas, 835"
412,PARQUE BURNIER.,10073557,06:38:00,6,0,0,7,2025-01-29T00:00:00.000Z,-43.332479840000,-21.762640710000,"Rua Olga Burnier, 356"
412,PARQUE BURNIER.,10073560,06:38:00,5,0,1,7,2025-01-29T00:00:00.000Z,-43.333589670000,-21.761652280000,"Rua Olga Burnier, 230"
412,PARQUE BURNIER.,10073561,06:38:00,7,0,0,7,2025-01-29T00:00:00.000Z,-43.331552510000,-21.763418910000,"Rua Olga Burnier, 480"
412,PARQUE BURNIER.,10073558,06:38:00,4,0,0,8,2025-01-29T00:00:00.000Z,-43.334645750000,-21.760669710000,"Rua Olga Burnier, 70"
412,PARQUE BURNIER.,10072358,06:38:00,18,8,0,8,2025-01-29T00:00:00.000Z,-43.328687310000,-21.761675740000,"Rua Natalino José de Paula, 112 - Ponto Final do Parque Burnier"
412,PARQUE BURNIER.,10072301,06:38:00,8,0,0,7,2025-01-29T00:00:00.000Z,-43.330138330000,-21.763252970000,"Rua Adelaide Campos de Resende, 1061"
412,PARQUE BURNIER.,10073552,06:38:00,3,0,0,8,2025-01-29T00:00:00.000Z,-43.335479020000,-21.760313550000,"Rua São Geraldo, 84"
412,PARQUE BURNIER.,10072356,06:38:00,17,0,0,0,2025-01-29T00:00:00.000Z,-43.327793950000,-21.762107030000,"Rua Natalino José de Paula, 271"
412,PARQUE BURNIER.,10072375,06:38:00,16,0,0,0,2025-01-29T00:00:00.000Z,-43.327420830000,-21.762727850000,"Rua Natalino José de Paula, 319"
412,PARQUE BURNIER.,10071503,06:38:00,15,0,1,0,2025-01-29T00:00:00.000Z,-43.326207040000,-21.762717810000,"Rua Natalino José de Paula, 421"
412,PARQUE BURNIER.,10072359,06:38:00,14,0,3,1,2025-01-29T00:00:00.000Z,-43.326282500000,-21.763143540000,"Rua Adelaide Campos de Resende, 651"
412,PARQUE BURNIER.,10072328,06:38:00,13,0,3,4,2025-01-29T00:00:00.000Z,-43.326450350000,-21.763683320000,"Rua Adelaide Campos de Resende, 669"
412,PARQUE BURNIER.,10072377,06:38:00,12,0,2,7,2025-01-29T00:00:00.000Z,-43.327321890000,-21.764062650000,"Rua José Teodoro dos Santos, 25"
412,PARQUE BURNIER.,10072316,06:38:00,11,3,1,9,2025-01-29T00:00:00.000Z,-43.328204750000,-21.763332370000,"Rua José Teodoro dos Santos, 145"
412,PARQUE BURNIER.,10072313,06:38:00,10,0,0,7,2025-01-29T00:00:00.000Z,-43.328846690000,-21.762504770000,"Rua José Teodoro dos Santos, 275"
412,PARQUE BURNIER.,10072296,06:38:00,9,0,0,7,2025-01-29T00:00:00.000Z,-43.329374790000,-21.763440430000,"Rua Adelaide Campos de Resende, 975"
412,PARQUE BURNIER.,10072362,07:04:00,3,4,0,9,2025-01-29T00:00:00.000Z,-43.327527760000,-21.762798310000,"Rua Natalino José de Paula, 310"
412,PARQUE BURNIER.,10072363,07:04:00,2,5,0,5,2025-01-29T00:00:00.000Z,-43.327885630000,-21.762179390000,"Rua Natalino José de Paula, 288"
412,PARQUE BURNIER.,10072358,07:04:00,1,0,0,0,2025-01-29T00:00:00.000Z,-43.328687310000,-21.761675740000,"Rua Natalino José de Paula, 112 - Ponto Final do Parque Burnier"
412,PARQUE BURNIER.,10071108,07:04:00,17,0,8,20,2025-01-29T00:00:00.000Z,-43.349331860000,-21.758144610000,"Avenida Getúlio Vargas, 835"
412,PARQUE BURNIER.,10074194,07:04:00,16,1,4,28,2025-01-29T00:00:00.000Z,-43.342338620000,-21.760505960000,"Rua Ângelo Falci, 55"
412,PARQUE BURNIER.,10073589,07:04:00,4,12,0,21,2025-01-29T00:00:00.000Z,-43.326568960000,-21.763629600000,"Rua Adelaide Campos de Resende, 706"
412,PARQUE BURNIER.,10072302,07:04:00,15,3,1,31,2025-01-29T00:00:00.000Z,-43.338029500000,-21.760323850000,"Avenida Sete de Setembro, 623"
412,PARQUE BURNIER.,10072332,07:04:00,14,0,0,29,2025-01-29T00:00:00.000Z,-43.335533860000,-21.760131640000,"Rua São Geraldo, 89"
412,PARQUE BURNIER.,10072337,07:04:00,13,0,0,29,2025-01-29T00:00:00.000Z,-43.334540130000,-21.760522960000,"Rua Olga Burnier, 67"
412,PARQUE BURNIER.,10072335,07:04:00,12,0,0,29,2025-01-29T00:00:00.000Z,-43.333453420000,-21.761562350000,"Rua Olga Burnier, 233"
412,PARQUE BURNIER.,10072382,07:04:00,11,1,0,29,2025-01-29T00:00:00.000Z,-43.332369450000,-21.762522520000,"Rua Olga Burnier, 361"
412,PARQUE BURNIER.,10072380,07:04:00,10,0,1,28,2025-01-29T00:00:00.000Z,-43.331466790000,-21.763337580000,"Rua Olga Burnier, 485"
412,PARQUE BURNIER.,10073583,07:04:00,9,0,0,29,2025-01-29T00:00:00.000Z,-43.330207820000,-21.763072230000,"Rua Adelaide Campos de Resende, 1070"
412,PARQUE BURNIER.,10073584,07:04:00,8,3,0,29,2025-01-29T00:00:00.000Z,-43.329363350000,-21.763255450000,"Rua Adelaide Campos de Resende, 984"
412,PARQUE BURNIER.,10072386,07:04:00,7,4,0,26,2025-01-29T00:00:00.000Z,-43.328850270000,-21.762325320000,"Rua José Teodoro dos Santos, 292"
412,PARQUE BURNIER.,10072384,07:04:00,6,1,0,22,2025-01-29T00:00:00.000Z,-43.327999480000,-21.763301540000,"Rua José Teodoro dos Santos, 126"
412,PARQUE BURNIER.,10072309,07:04:00,5,0,0,21,2025-01-29T00:00:00.000Z,-43.327273730000,-21.763967940000,"Rua José Teodoro dos Santos, 28"
412,PARQUE BURNIER.,10071108,07:25:00,1,13,0,13,2025-01-29T00:00:00.000Z,-43.349331860000,-21.758144610000,"Avenida Getúlio Vargas, 835"
412,PARQUE BURNIER.,10072305,07:25:00,2,1,0,14,2025-01-29T00:00:00.000Z,-43.337478970000,-21.760922950000,"Rua Djalma de Carvalho, 37"
412,PARQUE BURNIER.,10073560,07:25:00,5,0,1,14,2025-01-29T00:00:00.000Z,-43.333589670000,-21.761652280000,"Rua Olga Burnier, 230"
412,PARQUE BURNIER.,10073558,07:25:00,4,1,0,15,2025-01-29T00:00:00.000Z,-43.334645750000,-21.760669710000,"Rua Olga Burnier, 70"
412,PARQUE BURNIER.,10073552,07:25:00,3,0,0,14,2025-01-29T00:00:00.000Z,-43.335479020000,-21.760313550000,"Rua São Geraldo, 84"
412,PARQUE BURNIER.,10071503,07:25:00,15,0,2,2,2025-01-29T00:00:00.000Z,-43.326207040000,-21.762717810000,"Rua Natalino José de Paula, 421"
412,PARQUE BURNIER.,10072301,07:25:00,8,0,0,14,2025-01-29T00:00:00.000Z,-43.330138330000,-21.763252970000,"Rua Adelaide Campos de Resende, 1061"
412,PARQUE BURNIER.,10072375,07:25:00,16,0,2,0,2025-01-29T00:00:00.000Z,-43.327420830000,-21.762727850000,"Rua Natalino José de Paula, 319"
412,PARQUE BURNIER.,10073561,07:25:00,7,0,0,14,2025-01-29T00:00:00.000Z,-43.331552510000,-21.763418910000,"Rua Olga Burnier, 480"
412,PARQUE BURNIER.,10072358,07:25:00,18,7,0,7,2025-01-29T00:00:00.000Z,-43.328687310000,-21.761675740000,"Rua Natalino José de Paula, 112 - Ponto Final do Parque Burnier"
412,PARQUE BURNIER.,10072356,07:25:00,17,0,0,0,2025-01-29T00:00:00.000Z,-43.327793950000,-21.762107030000,"Rua Natalino José de Paula, 271"
412,PARQUE BURNIER.,10073557,07:25:00,6,0,0,14,2025-01-29T00:00:00.000Z,-43.332479840000,-21.762640710000,"Rua Olga Burnier, 356"
412,PARQUE BURNIER.,10072359,07:25:00,14,0,3,4,2025-01-29T00:00:00.000Z,-43.326282500000,-21.763143540000,"Rua Adelaide Campos de Resende, 651"
412,PARQUE BURNIER.,10072328,07:25:00,13,0,3,7,2025-01-29T00:00:00.000Z,-43.326450350000,-21.763683320000,"Rua Adelaide Campos de Resende, 669"
412,PARQUE BURNIER.,10072377,07:25:00,12,0,2,10,2025-01-29T00:00:00.000Z,-43.327321890000,-21.764062650000,"Rua José Teodoro dos Santos, 25"
412,PARQUE BURNIER.,10072316,07:25:00,11,0,1,12,2025-01-29T00:00:00.000Z,-43.328204750000,-21.763332370000,"Rua José Teodoro dos Santos, 145"
412,PARQUE BURNIER.,10072313,07:25:00,10,0,0,13,2025-01-29T00:00:00.000Z,-43.328846690000,-21.762504770000,"Rua José Teodoro dos Santos, 275"
412,PARQUE BURNIER.,10072296,07:25:00,9,0,1,13,2025-01-29T00:00:00.000Z,-43.329374790000,-21.763440430000,"Rua Adelaide Campos de Resende, 975"
412,PARQUE BURNIER.,10072363,07:51:00,2,2,0,2,2025-01-29T00:00:00.000Z,-43.327885630000,-21.762179390000,"Rua Natalino José de Paula, 288"
412,PARQUE BURNIER.,10072358,07:51:00,1,0,0,0,2025-01-29T00:00:00.000Z,-43.328687310000,-21.761675740000,"Rua Natalino José de Paula, 112 - Ponto Final do Parque Burnier"
412,PARQUE BURNIER.,10072362,07:51:00,3,2,0,4,2025-01-29T00:00:00.000Z,-43.327527760000,-21.762798310000,"Rua Natalino José de Paula, 310"
412,PARQUE BURNIER.,10072384,07:51:00,6,1,1,16,2025-01-29T00:00:00.000Z,-43.327999480000,-21.763301540000,"Rua José Teodoro dos Santos, 126"
412,PARQUE BURNIER.,10072309,07:51:00,5,2,0,16,2025-01-29T00:00:00.000Z,-43.327273730000,-21.763967940000,"Rua José Teodoro dos Santos, 28"
412,PARQUE BURNIER.,10073589,07:51:00,4,10,0,14,2025-01-29T00:00:00.000Z,-43.326568960000,-21.763629600000,"Rua Adelaide Campos de Resende, 706"
412,PARQUE BURNIER.,10072302,07:51:00,15,2,4,32,2025-01-29T00:00:00.000Z,-43.338029500000,-21.760323850000,"Avenida Sete de Setembro, 623"
412,PARQUE BURNIER.,10072332,07:51:00,14,2,0,34,2025-01-29T00:00:00.000Z,-43.335533860000,-21.760131640000,"Rua São Geraldo, 89"
412,PARQUE BURNIER.,10071108,07:51:00,17,0,12,14,2025-01-29T00:00:00.000Z,-43.349331860000,-21.758144610000,"Avenida Getúlio Vargas, 835"
412,PARQUE BURNIER.,10072337,07:51:00,13,0,0,32,2025-01-29T00:00:00.000Z,-43.334540130000,-21.760522960000,"Rua Olga Burnier, 67"
412,PARQUE BURNIER.,10074194,07:51:00,16,1,7,26,2025-01-29T00:00:00.000Z,-43.342338620000,-21.760505960000,"Rua Ângelo Falci, 55"
412,PARQUE BURNIER.,10072386,07:51:00,7,3,0,19,2025-01-29T00:00:00.000Z,-43.328850270000,-21.762325320000,"Rua José Teodoro dos Santos, 292"
412,PARQUE BURNIER.,10072335,07:51:00,12,0,0,32,2025-01-29T00:00:00.000Z,-43.333453420000,-21.761562350000,"Rua Olga Burnier, 233"
412,PARQUE BURNIER.,10072382,07:51:00,11,2,0,32,2025-01-29T00:00:00.000Z,-43.332369450000,-21.762522520000,"Rua Olga Burnier, 361"
412,PARQUE BURNIER.,10072380,07:51:00,10,2,0,30,2025-01-29T00:00:00.000Z,-43.331466790000,-21.763337580000,"Rua Olga Burnier, 485"
412,PARQUE BURNIER.,10073583,07:51:00,9,0,0,28,2025-01-29T00:00:00.000Z,-43.330207820000,-21.763072230000,"Rua Adelaide Campos de Resende, 1070"
412,PARQUE BURNIER.,10073584,07:51:00,8,9,0,28,2025-01-29T00:00:00.000Z,-43.329363350000,-21.763255450000,"Rua Adelaide Campos de Resende, 984"
412,PARQUE BURNIER.,10073558,08:12:00,4,0,0,0,2025-01-29T00:00:00.000Z,-43.334645750000,-21.760669710000,"Rua Olga Burnier, 70"
412,PARQUE BURNIER.,10073552,08:12:00,3,0,0,0,2025-01-29T00:00:00.000Z,-43.335479020000,-21.760313550000,"Rua São Geraldo, 84"
412,PARQUE BURNIER.,10073560,08:12:00,5,0,0,0,2025-01-29T00:00:00.000Z,-43.333589670000,-21.761652280000,"Rua Olga Burnier, 230"
412,PARQUE BURNIER.,10072305,08:12:00,2,0,0,0,2025-01-29T00:00:00.000Z,-43.337478970000,-21.760922950000,"Rua Djalma de Carvalho, 37"
412,PARQUE BURNIER.,10072301,08:12:00,8,0,0,0,2025-01-29T00:00:00.000Z,-43.330138330000,-21.763252970000,"Rua Adelaide Campos de Resende, 1061"
412,PARQUE BURNIER.,10073561,08:12:00,7,0,0,0,2025-01-29T00:00:00.000Z,-43.331552510000,-21.763418910000,"Rua Olga Burnier, 480"
412,PARQUE BURNIER.,10073557,08:12:00,6,0,0,0,2025-01-29T00:00:00.000Z,-43.332479840000,-21.762640710000,"Rua Olga Burnier, 356"
412,PARQUE BURNIER.,10071108,08:12:00,1,0,0,0,2025-01-29T00:00:00.000Z,-43.349331860000,-21.758144610000,"Avenida Getúlio Vargas, 835"
412,PARQUE BURNIER.,10072358,08:12:00,18,5,2,5,2025-01-29T00:00:00.000Z,-43.328687310000,-21.761675740000,"Rua Natalino José de Paula, 112 - Ponto Final do Parque Burnier"
412,PARQUE BURNIER.,10072375,08:12:00,16,0,0,0,2025-01-29T00:00:00.000Z,-43.327420830000,-21.762727850000,"Rua Natalino José de Paula, 319"
412,PARQUE BURNIER.,10072356,08:12:00,17,2,0,2,2025-01-29T00:00:00.000Z,-43.327793950000,-21.762107030000,"Rua Natalino José de Paula, 271"
412,PARQUE BURNIER.,10072328,08:12:00,13,0,0,0,2025-01-29T00:00:00.000Z,-43.326450350000,-21.763683320000,"Rua Adelaide Campos de Resende, 669"
412,PARQUE BURNIER.,10071503,08:12:00,15,0,0,0,2025-01-29T00:00:00.000Z,-43.326207040000,-21.762717810000,"Rua Natalino José de Paula, 421"
412,PARQUE BURNIER.,10072359,08:12:00,14,0,0,0,2025-01-29T00:00:00.000Z,-43.326282500000,-21.763143540000,"Rua Adelaide Campos de Resende, 651"
412,PARQUE BURNIER.,10072377,08:12:00,12,0,1,0,2025-01-29T00:00:00.000Z,-43.327321890000,-21.764062650000,"Rua José Teodoro dos Santos, 25"
412,PARQUE BURNIER.,10072316,08:12:00,11,0,1,1,2025-01-29T00:00:00.000Z,-43.328204750000,-21.763332370000,"Rua José Teodoro dos Santos, 145"
412,PARQUE BURNIER.,10072313,08:12:00,10,0,0,2,2025-01-29T00:00:00.000Z,-43.328846690000,-21.762504770000,"Rua José Teodoro dos Santos, 275"
412,PARQUE BURNIER.,10072296,08:12:00,9,2,0,2,2025-01-29T00:00:00.000Z,-43.329374790000,-21.763440430000,"Rua Adelaide Campos de Resende, 975"
412,PARQUE BURNIER.,10072309,08:38:00,5,1,0,12,2025-01-29T00:00:00.000Z,-43.327273730000,-21.763967940000,"Rua José Teodoro dos Santos, 28"
412,PARQUE BURNIER.,10073589,08:38:00,4,6,0,11,2025-01-29T00:00:00.000Z,-43.326568960000,-21.763629600000,"Rua Adelaide Campos de Resende, 706"
412,PARQUE BURNIER.,10072384,08:38:00,6,1,0,13,2025-01-29T00:00:00.000Z,-43.327999480000,-21.763301540000,"Rua José Teodoro dos Santos, 126"
412,PARQUE BURNIER.,10072362,08:38:00,3,3,0,5,2025-01-29T00:00:00.000Z,-43.327527760000,-21.762798310000,"Rua Natalino José de Paula, 310"
412,PARQUE BURNIER.,10072335,08:38:00,12,2,0,26,2025-01-29T00:00:00.000Z,-43.333453420000,-21.761562350000,"Rua Olga Burnier, 233"
412,PARQUE BURNIER.,10072382,08:38:00,11,1,0,24,2025-01-29T00:00:00.000Z,-43.332369450000,-21.762522520000,"Rua Olga Burnier, 361"
412,PARQUE BURNIER.,10072380,08:38:00,10,3,1,23,2025-01-29T00:00:00.000Z,-43.331466790000,-21.763337580000,"Rua Olga Burnier, 485"
412,PARQUE BURNIER.,10072363,08:38:00,2,2,0,2,2025-01-29T00:00:00.000Z,-43.327885630000,-21.762179390000,"Rua Natalino José de Paula, 288"
412,PARQUE BURNIER.,10071108,08:38:00,17,0,14,11,2025-01-29T00:00:00.000Z,-43.349331860000,-21.758144610000,"Avenida Getúlio Vargas, 835"
412,PARQUE BURNIER.,10074194,08:38:00,16,4,5,25,2025-01-29T00:00:00.000Z,-43.342338620000,-21.760505960000,"Rua Ângelo Falci, 55"
412,PARQUE BURNIER.,10072302,08:38:00,15,1,2,26,2025-01-29T00:00:00.000Z,-43.338029500000,-21.760323850000,"Avenida Sete de Setembro, 623"
412,PARQUE BURNIER.,10072332,08:38:00,14,0,1,27,2025-01-29T00:00:00.000Z,-43.335533860000,-21.760131640000,"Rua São Geraldo, 89"
412,PARQUE BURNIER.,10072337,08:38:00,13,2,0,28,2025-01-29T00:00:00.000Z,-43.334540130000,-21.760522960000,"Rua Olga Burnier, 67"
412,PARQUE BURNIER.,10072358,08:38:00,1,0,0,0,2025-01-29T00:00:00.000Z,-43.328687310000,-21.761675740000,"Rua Natalino José de Paula, 112 - Ponto Final do Parque Burnier"
412,PARQUE BURNIER.,10073583,08:38:00,9,1,0,21,2025-01-29T00:00:00.000Z,-43.330207820000,-21.763072230000,"Rua Adelaide Campos de Resende, 1070"
412,PARQUE BURNIER.,10073584,08:38:00,8,5,0,20,2025-01-29T00:00:00.000Z,-43.329363350000,-21.763255450000,"Rua Adelaide Campos de Resende, 984"
412,PARQUE BURNIER.,10072386,08:38:00,7,2,0,15,2025-01-29T00:00:00.000Z,-43.328850270000,-21.762325320000,"Rua José Teodoro dos Santos, 292"
412,PARQUE BURNIER.,10071108,08:59:00,1,23,0,23,2025-01-29T00:00:00.000Z,-43.349331860000,-21.758144610000,"Avenida Getúlio Vargas, 835"
412,PARQUE BURNIER.,10073561,08:59:00,7,0,0,20,2025-01-29T00:00:00.000Z,-43.331552510000,-21.763418910000,"Rua Olga Burnier, 480"
412,PARQUE BURNIER.,10073557,08:59:00,6,0,1,20,2025-01-29T00:00:00.000Z,-43.332479840000,-21.762640710000,"Rua Olga Burnier, 356"
412,PARQUE BURNIER.,10072301,08:59:00,8,0,0,20,2025-01-29T00:00:00.000Z,-43.330138330000,-21.763252970000,"Rua Adelaide Campos de Resende, 1061"
412,PARQUE BURNIER.,10073560,08:59:00,5,0,0,21,2025-01-29T00:00:00.000Z,-43.333589670000,-21.761652280000,"Rua Olga Burnier, 230"
412,PARQUE BURNIER.,10072358,08:59:00,18,4,0,17,2025-01-29T00:00:00.000Z,-43.328687310000,-21.761675740000,"Rua Natalino José de Paula, 112 - Ponto Final do Parque Burnier"
412,PARQUE BURNIER.,10072356,08:59:00,17,0,1,13,2025-01-29T00:00:00.000Z,-43.327793950000,-21.762107030000,"Rua Natalino José de Paula, 271"
412,PARQUE BURNIER.,10072296,08:59:00,9,0,1,19,2025-01-29T00:00:00.000Z,-43.329374790000,-21.763440430000,"Rua Adelaide Campos de Resende, 975"
412,PARQUE BURNIER.,10073558,08:59:00,4,0,0,21,2025-01-29T00:00:00.000Z,-43.334645750000,-21.760669710000,"Rua Olga Burnier, 70"
412,PARQUE BURNIER.,10072375,08:59:00,16,0,3,14,2025-01-29T00:00:00.000Z,-43.327420830000,-21.762727850000,"Rua Natalino José de Paula, 319"
412,PARQUE BURNIER.,10071503,08:59:00,15,1,0,17,2025-01-29T00:00:00.000Z,-43.326207040000,-21.762717810000,"Rua Natalino José de Paula, 421"
412,PARQUE BURNIER.,10072359,08:59:00,14,0,0,16,2025-01-29T00:00:00.000Z,-43.326282500000,-21.763143540000,"Rua Adelaide Campos de Resende, 651"
412,PARQUE BURNIER.,10072328,08:59:00,13,0,0,16,2025-01-29T00:00:00.000Z,-43.326450350000,-21.763683320000,"Rua Adelaide Campos de Resende, 669"
412,PARQUE BURNIER.,10072377,08:59:00,12,0,0,16,2025-01-29T00:00:00.000Z,-43.327321890000,-21.764062650000,"Rua José Teodoro dos Santos, 25"
412,PARQUE BURNIER.,10072316,08:59:00,11,0,0,16,2025-01-29T00:00:00.000Z,-43.328204750000,-21.763332370000,"Rua José Teodoro dos Santos, 145"
412,PARQUE BURNIER.,10072313,08:59:00,10,0,3,16,2025-01-29T00:00:00.000Z,-43.328846690000,-21.762504770000,"Rua José Teodoro dos Santos, 275"
412,PARQUE BURNIER.,10073552,08:59:00,3,0,0,21,2025-01-29T00:00:00.000Z,-43.335479020000,-21.760313550000,"Rua São Geraldo, 84"
412,PARQUE BURNIER.,10072305,08:59:00,2,0,2,21,2025-01-29T00:00:00.000Z,-43.337478970000,-21.760922950000,"Rua Djalma de Carvalho, 37"
412,PARQUE BURNIER.,10072358,09:25:00,1,0,0,0,2025-01-29T00:00:00.000Z,-43.328687310000,-21.761675740000,"Rua Natalino José de Paula, 112 - Ponto Final do Parque Burnier"
412,PARQUE BURNIER.,10072362,09:25:00,3,3,0,4,2025-01-29T00:00:00.000Z,-43.327527760000,-21.762798310000,"Rua Natalino José de Paula, 310"
412,PARQUE BURNIER.,10072363,09:25:00,2,1,0,1,2025-01-29T00:00:00.000Z,-43.327885630000,-21.762179390000,"Rua Natalino José de Paula, 288"
412,PARQUE BURNIER.,10073584,09:25:00,8,3,0,14,2025-01-29T00:00:00.000Z,-43.329363350000,-21.763255450000,"Rua Adelaide Campos de Resende, 984"
412,PARQUE BURNIER.,10072386,09:25:00,7,3,0,11,2025-01-29T00:00:00.000Z,-43.328850270000,-21.762325320000,"Rua José Teodoro dos Santos, 292"
412,PARQUE BURNIER.,10073583,09:25:00,9,0,0,14,2025-01-29T00:00:00.000Z,-43.330207820000,-21.763072230000,"Rua Adelaide Campos de Resende, 1070"
412,PARQUE BURNIER.,10072384,09:25:00,6,0,0,8,2025-01-29T00:00:00.000Z,-43.327999480000,-21.763301540000,"Rua José Teodoro dos Santos, 126"
412,PARQUE BURNIER.,10071108,09:25:00,17,0,10,12,2025-01-29T00:00:00.000Z,-43.349331860000,-21.758144610000,"Avenida Getúlio Vargas, 835"
412,PARQUE BURNIER.,10074194,09:25:00,16,11,6,22,2025-01-29T00:00:00.000Z,-43.342338620000,-21.760505960000,"Rua Ângelo Falci, 55"
412,PARQUE BURNIER.,10072302,09:25:00,15,1,2,17,2025-01-29T00:00:00.000Z,-43.338029500000,-21.760323850000,"Avenida Sete de Setembro, 623"
412,PARQUE BURNIER.,10072309,09:25:00,5,0,0,8,2025-01-29T00:00:00.000Z,-43.327273730000,-21.763967940000,"Rua José Teodoro dos Santos, 28"
412,PARQUE BURNIER.,10072332,09:25:00,14,0,0,18,2025-01-29T00:00:00.000Z,-43.335533860000,-21.760131640000,"Rua São Geraldo, 89"
412,PARQUE BURNIER.,10072337,09:25:00,13,0,0,18,2025-01-29T00:00:00.000Z,-43.334540130000,-21.760522960000,"Rua Olga Burnier, 67"
412,PARQUE BURNIER.,10072335,09:25:00,12,0,0,18,2025-01-29T00:00:00.000Z,-43.333453420000,-21.761562350000,"Rua Olga Burnier, 233"
412,PARQUE BURNIER.,10072382,09:25:00,11,0,0,18,2025-01-29T00:00:00.000Z,-43.332369450000,-21.762522520000,"Rua Olga Burnier, 361"
412,PARQUE BURNIER.,10072380,09:25:00,10,5,1,18,2025-01-29T00:00:00.000Z,-43.331466790000,-21.763337580000,"Rua Olga Burnier, 485"
412,PARQUE BURNIER.,10073589,09:25:00,4,4,0,8,2025-01-29T00:00:00.000Z,-43.326568960000,-21.763629600000,"Rua Adelaide Campos de Resende, 706"
412,PARQUE BURNIER.,10072305,09:45:00,2,1,0,1,2025-01-29T00:00:00.000Z,-43.337478970000,-21.760922950000,"Rua Djalma de Carvalho, 37"
412,PARQUE BURNIER.,10071108,09:45:00,1,0,0,0,2025-01-29T00:00:00.000Z,-43.349331860000,-21.758144610000,"Avenida Getúlio Vargas, 835"
412,PARQUE BURNIER.,10072359,09:45:00,14,0,1,0,2025-01-29T00:00:00.000Z,-43.326282500000,-21.763143540000,"Rua Adelaide Campos de Resende, 651"
412,PARQUE BURNIER.,10072296,09:45:00,9,0,0,2,2025-01-29T00:00:00.000Z,-43.329374790000,-21.763440430000,"Rua Adelaide Campos de Resende, 975"
412,PARQUE BURNIER.,10072358,09:45:00,18,6,0,7,2025-01-29T00:00:00.000Z,-43.328687310000,-21.761675740000,"Rua Natalino José de Paula, 112 - Ponto Final do Parque Burnier"
412,PARQUE BURNIER.,10072301,09:45:00,8,0,0,2,2025-01-29T00:00:00.000Z,-43.330138330000,-21.763252970000,"Rua Adelaide Campos de Resende, 1061"
412,PARQUE BURNIER.,10072356,09:45:00,17,0,0,1,2025-01-29T00:00:00.000Z,-43.327793950000,-21.762107030000,"Rua Natalino José de Paula, 271"
412,PARQUE BURNIER.,10072375,09:45:00,16,0,0,1,2025-01-29T00:00:00.000Z,-43.327420830000,-21.762727850000,"Rua Natalino José de Paula, 319"
412,PARQUE BURNIER.,10071503,09:45:00,15,1,0,1,2025-01-29T00:00:00.000Z,-43.326207040000,-21.762717810000,"Rua Natalino José de Paula, 421"
412,PARQUE BURNIER.,10073561,09:45:00,7,1,0,2,2025-01-29T00:00:00.000Z,-43.331552510000,-21.763418910000,"Rua Olga Burnier, 480"
412,PARQUE BURNIER.,10072328,09:45:00,13,0,1,1,2025-01-29T00:00:00.000Z,-43.326450350000,-21.763683320000,"Rua Adelaide Campos de Resende, 669"
412,PARQUE BURNIER.,10072377,09:45:00,12,0,0,2,2025-01-29T00:00:00.000Z,-43.327321890000,-21.764062650000,"Rua José Teodoro dos Santos, 25"
412,PARQUE BURNIER.,10072316,09:45:00,11,0,0,2,2025-01-29T00:00:00.000Z,-43.328204750000,-21.763332370000,"Rua José Teodoro dos Santos, 145"
412,PARQUE BURNIER.,10072313,09:45:00,10,1,1,2,2025-01-29T00:00:00.000Z,-43.328846690000,-21.762504770000,"Rua José Teodoro dos Santos, 275"
412,PARQUE BURNIER.,10073557,09:45:00,6,0,0,1,2025-01-29T00:00:00.000Z,-43.332479840000,-21.762640710000,"Rua Olga Burnier, 356"
412,PARQUE BURNIER.,10073560,09:45:00,5,0,0,1,2025-01-29T00:00:00.000Z,-43.333589670000,-21.761652280000,"Rua Olga Burnier, 230"
412,PARQUE BURNIER.,10073558,09:45:00,4,0,0,1,2025-01-29T00:00:00.000Z,-43.334645750000,-21.760669710000,"Rua Olga Burnier, 70"
412,PARQUE BURNIER.,10073552,09:45:00,3,0,0,1,2025-01-29T00:00:00.000Z,-43.335479020000,-21.760313550000,"Rua São Geraldo, 84"
412,PARQUE BURNIER.,10072362,10:20:00,3,3,0,3,2025-01-29T00:00:00.000Z,-43.327527760000,-21.762798310000,"Rua Natalino José de Paula, 310"
412,PARQUE BURNIER.,10072363,10:20:00,2,0,0,0,2025-01-29T00:00:00.000Z,-43.327885630000,-21.762179390000,"Rua Natalino José de Paula, 288"
412,PARQUE BURNIER.,10073589,10:20:00,4,4,0,7,2025-01-29T00:00:00.000Z,-43.326568960000,-21.763629600000,"Rua Adelaide Campos de Resende, 706"
412,PARQUE BURNIER.,10072358,10:20:00,1,0,0,0,2025-01-29T00:00:00.000Z,-43.328687310000,-21.761675740000,"Rua Natalino José de Paula, 112 - Ponto Final do Parque Burnier"
412,PARQUE BURNIER.,10072384,10:20:00,6,0,0,7,2025-01-29T00:00:00.000Z,-43.327999480000,-21.763301540000,"Rua José Teodoro dos Santos, 126"
412,PARQUE BURNIER.,10072309,10:20:00,5,1,1,7,2025-01-29T00:00:00.000Z,-43.327273730000,-21.763967940000,"Rua José Teodoro dos Santos, 28"
412,PARQUE BURNIER.,10074194,10:20:00,16,14,4,24,2025-01-29T00:00:00.000Z,-43.342338620000,-21.760505960000,"Rua Ângelo Falci, 55"
412,PARQUE BURNIER.,10072335,10:20:00,12,0,0,14,2025-01-29T00:00:00.000Z,-43.333453420000,-21.761562350000,"Rua Olga Burnier, 233"
412,PARQUE BURNIER.,10071108,10:20:00,17,0,14,10,2025-01-29T00:00:00.000Z,-43.349331860000,-21.758144610000,"Avenida Getúlio Vargas, 835"
412,PARQUE BURNIER.,10073583,10:20:00,9,0,0,13,2025-01-29T00:00:00.000Z,-43.330207820000,-21.763072230000,"Rua Adelaide Campos de Resende, 1070"
412,PARQUE BURNIER.,10072302,10:20:00,15,2,2,14,2025-01-29T00:00:00.000Z,-43.338029500000,-21.760323850000,"Avenida Sete de Setembro, 623"
412,PARQUE BURNIER.,10072332,10:20:00,14,0,0,14,2025-01-29T00:00:00.000Z,-43.335533860000,-21.760131640000,"Rua São Geraldo, 89"
412,PARQUE BURNIER.,10072337,10:20:00,13,0,0,14,2025-01-29T00:00:00.000Z,-43.334540130000,-21.760522960000,"Rua Olga Burnier, 67"
412,PARQUE BURNIER.,10073584,10:20:00,8,2,0,13,2025-01-29T00:00:00.000Z,-43.329363350000,-21.763255450000,"Rua Adelaide Campos de Resende, 984"
412,PARQUE BURNIER.,10072382,10:20:00,11,0,0,14,2025-01-29T00:00:00.000Z,-43.332369450000,-21.762522520000,"Rua Olga Burnier, 361"
412,PARQUE BURNIER.,10072380,10:20:00,10,2,1,14,2025-01-29T00:00:00.000Z,-43.331466790000,-21.763337580000,"Rua Olga Burnier, 485"
412,PARQUE BURNIER.,10072386,10:20:00,7,4,0,11,2025-01-29T00:00:00.000Z,-43.328850270000,-21.762325320000,"Rua José Teodoro dos Santos, 292"
412,PARQUE BURNIER.,10071108,10:40:00,1,13,0,13,2025-01-29T00:00:00.000Z,-43.349331860000,-21.758144610000,"Avenida Getúlio Vargas, 835"
412,PARQUE BURNIER.,10073560,10:40:00,5,0,0,12,2025-01-29T00:00:00.000Z,-43.333589670000,-21.761652280000,"Rua Olga Burnier, 230"
412,PARQUE BURNIER.,10073558,10:40:00,4,0,0,12,2025-01-29T00:00:00.000Z,-43.334645750000,-21.760669710000,"Rua Olga Burnier, 70"
412,PARQUE BURNIER.,10073557,10:40:00,6,0,0,12,2025-01-29T00:00:00.000Z,-43.332479840000,-21.762640710000,"Rua Olga Burnier, 356"
412,PARQUE BURNIER.,10073552,10:40:00,3,0,0,12,2025-01-29T00:00:00.000Z,-43.335479020000,-21.760313550000,"Rua São Geraldo, 84"
412,PARQUE BURNIER.,10073561,10:40:00,7,0,0,12,2025-01-29T00:00:00.000Z,-43.331552510000,-21.763418910000,"Rua Olga Burnier, 480"
412,PARQUE BURNIER.,10072305,10:40:00,2,1,2,12,2025-01-29T00:00:00.000Z,-43.337478970000,-21.760922950000,"Rua Djalma de Carvalho, 37"
412,PARQUE BURNIER.,10072358,10:40:00,18,2,0,2,2025-01-29T00:00:00.000Z,-43.328687310000,-21.761675740000,"Rua Natalino José de Paula, 112 - Ponto Final do Parque Burnier"
412,PARQUE BURNIER.,10072356,10:40:00,17,0,1,0,2025-01-29T00:00:00.000Z,-43.327793950000,-21.762107030000,"Rua Natalino José de Paula, 271"
412,PARQUE BURNIER.,10072375,10:40:00,16,0,5,1,2025-01-29T00:00:00.000Z,-43.327420830000,-21.762727850000,"Rua Natalino José de Paula, 319"
412,PARQUE BURNIER.,10071503,10:40:00,15,0,1,6,2025-01-29T00:00:00.000Z,-43.326207040000,-21.762717810000,"Rua Natalino José de Paula, 421"
412,PARQUE BURNIER.,10072359,10:40:00,14,0,1,7,2025-01-29T00:00:00.000Z,-43.326282500000,-21.763143540000,"Rua Adelaide Campos de Resende, 651"
412,PARQUE BURNIER.,10072328,10:40:00,13,0,1,8,2025-01-29T00:00:00.000Z,-43.326450350000,-21.763683320000,"Rua Adelaide Campos de Resende, 669"
412,PARQUE BURNIER.,10072377,10:40:00,12,0,0,9,2025-01-29T00:00:00.000Z,-43.327321890000,-21.764062650000,"Rua José Teodoro dos Santos, 25"
412,PARQUE BURNIER.,10072316,10:40:00,11,0,0,9,2025-01-29T00:00:00.000Z,-43.328204750000,-21.763332370000,"Rua José Teodoro dos Santos, 145"
412,PARQUE BURNIER.,10072313,10:40:00,10,0,2,9,2025-01-29T00:00:00.000Z,-43.328846690000,-21.762504770000,"Rua José Teodoro dos Santos, 275"
412,PARQUE BURNIER.,10072296,10:40:00,9,0,1,11,2025-01-29T00:00:00.000Z,-43.329374790000,-21.763440430000,"Rua Adelaide Campos de Resende, 975"
412,PARQUE BURNIER.,10072301,10:40:00,8,0,0,12,2025-01-29T00:00:00.000Z,-43.330138330000,-21.763252970000,"Rua Adelaide Campos de Resende, 1061"
412,PARQUE BURNIER.,10072363,11:15:00,2,1,0,1,2025-01-29T00:00:00.000Z,-43.327885630000,-21.762179390000,"Rua Natalino José de Paula, 288"
412,PARQUE BURNIER.,10072358,11:15:00,1,0,0,0,2025-01-29T00:00:00.000Z,-43.328687310000,-21.761675740000,"Rua Natalino José de Paula, 112 - Ponto Final do Parque Burnier"
412,PARQUE BURNIER.,10072384,11:15:00,6,1,0,8,2025-01-29T00:00:00.000Z,-43.327999480000,-21.763301540000,"Rua José Teodoro dos Santos, 126"
412,PARQUE BURNIER.,10072309,11:15:00,5,1,0,7,2025-01-29T00:00:00.000Z,-43.327273730000,-21.763967940000,"Rua José Teodoro dos Santos, 28"
412,PARQUE BURNIER.,10072386,11:15:00,7,4,0,12,2025-01-29T00:00:00.000Z,-43.328850270000,-21.762325320000,"Rua José Teodoro dos Santos, 292"
412,PARQUE BURNIER.,10073589,11:15:00,4,5,0,6,2025-01-29T00:00:00.000Z,-43.326568960000,-21.763629600000,"Rua Adelaide Campos de Resende, 706"
412,PARQUE BURNIER.,10071108,11:15:00,17,0,8,14,2025-01-29T00:00:00.000Z,-43.349331860000,-21.758144610000,"Avenida Getúlio Vargas, 835"
412,PARQUE BURNIER.,10073584,11:15:00,8,2,0,14,2025-01-29T00:00:00.000Z,-43.329363350000,-21.763255450000,"Rua Adelaide Campos de Resende, 984"
412,PARQUE BURNIER.,10072362,11:15:00,3,0,0,1,2025-01-29T00:00:00.000Z,-43.327527760000,-21.762798310000,"Rua Natalino José de Paula, 310"
412,PARQUE BURNIER.,10074194,11:15:00,16,10,2,22,2025-01-29T00:00:00.000Z,-43.342338620000,-21.760505960000,"Rua Ângelo Falci, 55"
412,PARQUE BURNIER.,10072302,11:15:00,15,1,1,14,2025-01-29T00:00:00.000Z,-43.338029500000,-21.760323850000,"Avenida Sete de Setembro, 623"
412,PARQUE BURNIER.,10072332,11:15:00,14,0,0,14,2025-01-29T00:00:00.000Z,-43.335533860000,-21.760131640000,"Rua São Geraldo, 89"
412,PARQUE BURNIER.,10072337,11:15:00,13,1,1,14,2025-01-29T00:00:00.000Z,-43.334540130000,-21.760522960000,"Rua Olga Burnier, 67"
412,PARQUE BURNIER.,10072335,11:15:00,12,0,0,14,2025-01-29T00:00:00.000Z,-43.333453420000,-21.761562350000,"Rua Olga Burnier, 233"
412,PARQUE BURNIER.,10072382,11:15:00,11,0,0,14,2025-01-29T00:00:00.000Z,-43.332369450000,-21.762522520000,"Rua Olga Burnier, 361"
412,PARQUE BURNIER.,10072380,11:15:00,10,0,0,14,2025-01-29T00:00:00.000Z,-43.331466790000,-21.763337580000,"Rua Olga Burnier, 485"
412,PARQUE BURNIER.,10073583,11:15:00,9,0,0,14,2025-01-29T00:00:00.000Z,-43.330207820000,-21.763072230000,"Rua Adelaide Campos de Resende, 1070"
412,PARQUE BURNIER.,10071108,11:35:00,1,22,0,22,2025-01-29T00:00:00.000Z,-43.349331860000,-21.758144610000,"Avenida Getúlio Vargas, 835"
412,PARQUE BURNIER.,10073558,11:35:00,4,1,1,23,2025-01-29T00:00:00.000Z,-43.334645750000,-21.760669710000,"Rua Olga Burnier, 70"
412,PARQUE BURNIER.,10073552,11:35:00,3,1,0,23,2025-01-29T00:00:00.000Z,-43.335479020000,-21.760313550000,"Rua São Geraldo, 84"
412,PARQUE BURNIER.,10072305,11:35:00,2,0,0,22,2025-01-29T00:00:00.000Z,-43.337478970000,-21.760922950000,"Rua Djalma de Carvalho, 37"
412,PARQUE BURNIER.,10072356,11:35:00,17,0,0,0,2025-01-29T00:00:00.000Z,-43.327793950000,-21.762107030000,"Rua Natalino José de Paula, 271"
412,PARQUE BURNIER.,10072375,11:35:00,16,0,0,0,2025-01-29T00:00:00.000Z,-43.327420830000,-21.762727850000,"Rua Natalino José de Paula, 319"
412,PARQUE BURNIER.,10072358,11:35:00,18,1,0,1,2025-01-29T00:00:00.000Z,-43.328687310000,-21.761675740000,"Rua Natalino José de Paula, 112 - Ponto Final do Parque Burnier"
412,PARQUE BURNIER.,10073557,11:35:00,6,0,1,21,2025-01-29T00:00:00.000Z,-43.332479840000,-21.762640710000,"Rua Olga Burnier, 356"
412,PARQUE BURNIER.,10073560,11:35:00,5,0,1,22,2025-01-29T00:00:00.000Z,-43.333589670000,-21.761652280000,"Rua Olga Burnier, 230"
412,PARQUE BURNIER.,10071503,11:35:00,15,0,0,0,2025-01-29T00:00:00.000Z,-43.326207040000,-21.762717810000,"Rua Natalino José de Paula, 421"
412,PARQUE BURNIER.,10072359,11:35:00,14,0,3,0,2025-01-29T00:00:00.000Z,-43.326282500000,-21.763143540000,"Rua Adelaide Campos de Resende, 651"
412,PARQUE BURNIER.,10072328,11:35:00,13,0,7,3,2025-01-29T00:00:00.000Z,-43.326450350000,-21.763683320000,"Rua Adelaide Campos de Resende, 669"
412,PARQUE BURNIER.,10072377,11:35:00,12,0,2,10,2025-01-29T00:00:00.000Z,-43.327321890000,-21.764062650000,"Rua José Teodoro dos Santos, 25"
412,PARQUE BURNIER.,10072316,11:35:00,11,0,2,12,2025-01-29T00:00:00.000Z,-43.328204750000,-21.763332370000,"Rua José Teodoro dos Santos, 145"
412,PARQUE BURNIER.,10072313,11:35:00,10,0,0,14,2025-01-29T00:00:00.000Z,-43.328846690000,-21.762504770000,"Rua José Teodoro dos Santos, 275"
412,PARQUE BURNIER.,10072296,11:35:00,9,0,3,14,2025-01-29T00:00:00.000Z,-43.329374790000,-21.763440430000,"Rua Adelaide Campos de Resende, 975"
412,PARQUE BURNIER.,10072301,11:35:00,8,0,2,17,2025-01-29T00:00:00.000Z,-43.330138330000,-21.763252970000,"Rua Adelaide Campos de Resende, 1061"
412,PARQUE BURNIER.,10073561,11:35:00,7,0,2,19,2025-01-29T00:00:00.000Z,-43.331552510000,-21.763418910000,"Rua Olga Burnier, 480"
412,PARQUE BURNIER.,10072358,12:10:00,1,0,0,0,2025-01-29T00:00:00.000Z,-43.328687310000,-21.761675740000,"Rua Natalino José de Paula, 112 - Ponto Final do Parque Burnier"
412,PARQUE BURNIER.,10072363,12:10:00,2,2,0,2,2025-01-29T00:00:00.000Z,-43.327885630000,-21.762179390000,"Rua Natalino José de Paula, 288"
412,PARQUE BURNIER.,10072309,12:10:00,5,2,1,7,2025-01-29T00:00:00.000Z,-43.327273730000,-21.763967940000,"Rua José Teodoro dos Santos, 28"
412,PARQUE BURNIER.,10073589,12:10:00,4,0,0,6,2025-01-29T00:00:00.000Z,-43.326568960000,-21.763629600000,"Rua Adelaide Campos de Resende, 706"
412,PARQUE BURNIER.,10072362,12:10:00,3,4,0,6,2025-01-29T00:00:00.000Z,-43.327527760000,-21.762798310000,"Rua Natalino José de Paula, 310"
412,PARQUE BURNIER.,10072332,12:10:00,14,0,0,16,2025-01-29T00:00:00.000Z,-43.335533860000,-21.760131640000,"Rua São Geraldo, 89"
412,PARQUE BURNIER.,10073584,12:10:00,8,3,0,12,2025-01-29T00:00:00.000Z,-43.329363350000,-21.763255450000,"Rua Adelaide Campos de Resende, 984"
412,PARQUE BURNIER.,10072302,12:10:00,15,3,2,17,2025-01-29T00:00:00.000Z,-43.338029500000,-21.760323850000,"Avenida Sete de Setembro, 623"
412,PARQUE BURNIER.,10072386,12:10:00,7,2,0,9,2025-01-29T00:00:00.000Z,-43.328850270000,-21.762325320000,"Rua José Teodoro dos Santos, 292"
412,PARQUE BURNIER.,10071108,12:10:00,17,0,14,9,2025-01-29T00:00:00.000Z,-43.349331860000,-21.758144610000,"Avenida Getúlio Vargas, 835"
412,PARQUE BURNIER.,10074194,12:10:00,16,11,5,23,2025-01-29T00:00:00.000Z,-43.342338620000,-21.760505960000,"Rua Ângelo Falci, 55"
412,PARQUE BURNIER.,10072384,12:10:00,6,0,0,7,2025-01-29T00:00:00.000Z,-43.327999480000,-21.763301540000,"Rua José Teodoro dos Santos, 126"
412,PARQUE BURNIER.,10072337,12:10:00,13,1,0,16,2025-01-29T00:00:00.000Z,-43.334540130000,-21.760522960000,"Rua Olga Burnier, 67"
412,PARQUE BURNIER.,10072335,12:10:00,12,0,0,15,2025-01-29T00:00:00.000Z,-43.333453420000,-21.761562350000,"Rua Olga Burnier, 233"
412,PARQUE BURNIER.,10072382,12:10:00,11,0,0,15,2025-01-29T00:00:00.000Z,-43.332369450000,-21.762522520000,"Rua Olga Burnier, 361"
412,PARQUE BURNIER.,10072380,12:10:00,10,2,1,15,2025-01-29T00:00:00.000Z,-43.331466790000,-21.763337580000,"Rua Olga Burnier, 485"
412,PARQUE BURNIER.,10073583,12:10:00,9,2,0,14,2025-01-29T00:00:00.000Z,-43.330207820000,-21.763072230000,"Rua Adelaide Campos de Resende, 1070"
412,PARQUE BURNIER.,10073552,12:30:00,3,0,0,16,2025-01-29T00:00:00.000Z,-43.335479020000,-21.760313550000,"Rua São Geraldo, 84"
412,PARQUE BURNIER.,10072305,12:30:00,2,0,0,16,2025-01-29T00:00:00.000Z,-43.337478970000,-21.760922950000,"Rua Djalma de Carvalho, 37"
412,PARQUE BURNIER.,10073558,12:30:00,4,0,1,15,2025-01-29T00:00:00.000Z,-43.334645750000,-21.760669710000,"Rua Olga Burnier, 70"
412,PARQUE BURNIER.,10071108,12:30:00,1,16,0,16,2025-01-29T00:00:00.000Z,-43.349331860000,-21.758144610000,"Avenida Getúlio Vargas, 835"
412,PARQUE BURNIER.,10073561,12:30:00,7,0,2,11,2025-01-29T00:00:00.000Z,-43.331552510000,-21.763418910000,"Rua Olga Burnier, 480"
412,PARQUE BURNIER.,10073557,12:30:00,6,0,1,13,2025-01-29T00:00:00.000Z,-43.332479840000,-21.762640710000,"Rua Olga Burnier, 356"
412,PARQUE BURNIER.,10073560,12:30:00,5,0,1,14,2025-01-29T00:00:00.000Z,-43.333589670000,-21.761652280000,"Rua Olga Burnier, 230"
412,PARQUE BURNIER.,10072356,12:30:00,17,0,2,0,2025-01-29T00:00:00.000Z,-43.327793950000,-21.762107030000,"Rua Natalino José de Paula, 271"
412,PARQUE BURNIER.,10071503,12:30:00,15,0,0,0,2025-01-29T00:00:00.000Z,-43.326207040000,-21.762717810000,"Rua Natalino José de Paula, 421"
412,PARQUE BURNIER.,10072358,12:30:00,18,2,0,2,2025-01-29T00:00:00.000Z,-43.328687310000,-21.761675740000,"Rua Natalino José de Paula, 112 - Ponto Final do Parque Burnier"
412,PARQUE BURNIER.,10072359,12:30:00,14,0,0,0,2025-01-29T00:00:00.000Z,-43.326282500000,-21.763143540000,"Rua Adelaide Campos de Resende, 651"
412,PARQUE BURNIER.,10072375,12:30:00,16,2,0,2,2025-01-29T00:00:00.000Z,-43.327420830000,-21.762727850000,"Rua Natalino José de Paula, 319"
412,PARQUE BURNIER.,10072328,12:30:00,13,0,6,0,2025-01-29T00:00:00.000Z,-43.326450350000,-21.763683320000,"Rua Adelaide Campos de Resende, 669"
412,PARQUE BURNIER.,10072377,12:30:00,12,0,2,6,2025-01-29T00:00:00.000Z,-43.327321890000,-21.764062650000,"Rua José Teodoro dos Santos, 25"
412,PARQUE BURNIER.,10072316,12:30:00,11,0,2,8,2025-01-29T00:00:00.000Z,-43.328204750000,-21.763332370000,"Rua José Teodoro dos Santos, 145"
412,PARQUE BURNIER.,10072313,12:30:00,10,0,0,10,2025-01-29T00:00:00.000Z,-43.328846690000,-21.762504770000,"Rua José Teodoro dos Santos, 275"
412,PARQUE BURNIER.,10072296,12:30:00,9,0,2,10,2025-01-29T00:00:00.000Z,-43.329374790000,-21.763440430000,"Rua Adelaide Campos de Resende, 975"
412,PARQUE BURNIER.,10072301,12:30:00,8,1,0,12,2025-01-29T00:00:00.000Z,-43.330138330000,-21.763252970000,"Rua Adelaide Campos de Resende, 1061"
412,PARQUE BURNIER.,10073560,13:25:00,5,0,1,12,2025-01-29T00:00:00.000Z,-43.333589670000,-21.761652280000,"Rua Olga Burnier, 230"
412,PARQUE BURNIER.,10073558,13:25:00,4,0,1,13,2025-01-29T00:00:00.000Z,-43.334645750000,-21.760669710000,"Rua Olga Burnier, 70"
412,PARQUE BURNIER.,10073557,13:25:00,6,0,1,11,2025-01-29T00:00:00.000Z,-43.332479840000,-21.762640710000,"Rua Olga Burnier, 356"
412,PARQUE BURNIER.,10073552,13:25:00,3,0,0,14,2025-01-29T00:00:00.000Z,-43.335479020000,-21.760313550000,"Rua São Geraldo, 84"
412,PARQUE BURNIER.,10072316,13:25:00,11,0,2,4,2025-01-29T00:00:00.000Z,-43.328204750000,-21.763332370000,"Rua José Teodoro dos Santos, 145"
412,PARQUE BURNIER.,10072301,13:25:00,8,0,0,9,2025-01-29T00:00:00.000Z,-43.330138330000,-21.763252970000,"Rua Adelaide Campos de Resende, 1061"
412,PARQUE BURNIER.,10073561,13:25:00,7,0,2,9,2025-01-29T00:00:00.000Z,-43.331552510000,-21.763418910000,"Rua Olga Burnier, 480"
412,PARQUE BURNIER.,10072305,13:25:00,2,0,0,14,2025-01-29T00:00:00.000Z,-43.337478970000,-21.760922950000,"Rua Djalma de Carvalho, 37"
412,PARQUE BURNIER.,10072358,13:25:00,18,6,0,6,2025-01-29T00:00:00.000Z,-43.328687310000,-21.761675740000,"Rua Natalino José de Paula, 112 - Ponto Final do Parque Burnier"
412,PARQUE BURNIER.,10072356,13:25:00,17,0,1,0,2025-01-29T00:00:00.000Z,-43.327793950000,-21.762107030000,"Rua Natalino José de Paula, 271"
412,PARQUE BURNIER.,10072375,13:25:00,16,0,0,1,2025-01-29T00:00:00.000Z,-43.327420830000,-21.762727850000,"Rua Natalino José de Paula, 319"
412,PARQUE BURNIER.,10071503,13:25:00,15,1,0,1,2025-01-29T00:00:00.000Z,-43.326207040000,-21.762717810000,"Rua Natalino José de Paula, 421"
412,PARQUE BURNIER.,10072359,13:25:00,14,0,0,0,2025-01-29T00:00:00.000Z,-43.326282500000,-21.763143540000,"Rua Adelaide Campos de Resende, 651"
412,PARQUE BURNIER.,10072328,13:25:00,13,0,2,0,2025-01-29T00:00:00.000Z,-43.326450350000,-21.763683320000,"Rua Adelaide Campos de Resende, 669"
412,PARQUE BURNIER.,10072377,13:25:00,12,0,2,2,2025-01-29T00:00:00.000Z,-43.327321890000,-21.764062650000,"Rua José Teodoro dos Santos, 25"
412,PARQUE BURNIER.,10071108,13:25:00,1,14,0,14,2025-01-29T00:00:00.000Z,-43.349331860000,-21.758144610000,"Avenida Getúlio Vargas, 835"
412,PARQUE BURNIER.,10072313,13:25:00,10,0,0,6,2025-01-29T00:00:00.000Z,-43.328846690000,-21.762504770000,"Rua José Teodoro dos Santos, 275"
412,PARQUE BURNIER.,10072296,13:25:00,9,0,3,6,2025-01-29T00:00:00.000Z,-43.329374790000,-21.763440430000,"Rua Adelaide Campos de Resende, 975"
412,PARQUE BURNIER.,10072358,14:00:00,1,0,0,0,2025-01-29T00:00:00.000Z,-43.328687310000,-21.761675740000,"Rua Natalino José de Paula, 112 - Ponto Final do Parque Burnier"
412,PARQUE BURNIER.,10072335,14:00:00,12,1,0,11,2025-01-29T00:00:00.000Z,-43.333453420000,-21.761562350000,"Rua Olga Burnier, 233"
412,PARQUE BURNIER.,10072382,14:00:00,11,0,0,10,2025-01-29T00:00:00.000Z,-43.332369450000,-21.762522520000,"Rua Olga Burnier, 361"
412,PARQUE BURNIER.,10072337,14:00:00,13,0,1,10,2025-01-29T00:00:00.000Z,-43.334540130000,-21.760522960000,"Rua Olga Burnier, 67"
412,PARQUE BURNIER.,10072380,14:00:00,10,0,0,10,2025-01-29T00:00:00.000Z,-43.331466790000,-21.763337580000,"Rua Olga Burnier, 485"
412,PARQUE BURNIER.,10071108,14:00:00,17,0,11,6,2025-01-29T00:00:00.000Z,-43.349331860000,-21.758144610000,"Avenida Getúlio Vargas, 835"
412,PARQUE BURNIER.,10072302,14:00:00,15,0,1,9,2025-01-29T00:00:00.000Z,-43.338029500000,-21.760323850000,"Avenida Sete de Setembro, 623"
412,PARQUE BURNIER.,10072332,14:00:00,14,0,0,10,2025-01-29T00:00:00.000Z,-43.335533860000,-21.760131640000,"Rua São Geraldo, 89"
412,PARQUE BURNIER.,10073583,14:00:00,9,0,0,10,2025-01-29T00:00:00.000Z,-43.330207820000,-21.763072230000,"Rua Adelaide Campos de Resende, 1070"
412,PARQUE BURNIER.,10074194,14:00:00,16,12,4,17,2025-01-29T00:00:00.000Z,-43.342338620000,-21.760505960000,"Rua Ângelo Falci, 55"
412,PARQUE BURNIER.,10072363,14:00:00,2,2,0,2,2025-01-29T00:00:00.000Z,-43.327885630000,-21.762179390000,"Rua Natalino José de Paula, 288"
412,PARQUE BURNIER.,10073584,14:00:00,8,0,0,10,2025-01-29T00:00:00.000Z,-43.329363350000,-21.763255450000,"Rua Adelaide Campos de Resende, 984"
412,PARQUE BURNIER.,10072386,14:00:00,7,0,0,10,2025-01-29T00:00:00.000Z,-43.328850270000,-21.762325320000,"Rua José Teodoro dos Santos, 292"
412,PARQUE BURNIER.,10072384,14:00:00,6,1,0,10,2025-01-29T00:00:00.000Z,-43.327999480000,-21.763301540000,"Rua José Teodoro dos Santos, 126"
412,PARQUE BURNIER.,10072309,14:00:00,5,2,0,9,2025-01-29T00:00:00.000Z,-43.327273730000,-21.763967940000,"Rua José Teodoro dos Santos, 28"
412,PARQUE BURNIER.,10073589,14:00:00,4,3,0,7,2025-01-29T00:00:00.000Z,-43.326568960000,-21.763629600000,"Rua Adelaide Campos de Resende, 706"
412,PARQUE BURNIER.,10072362,14:00:00,3,2,0,4,2025-01-29T00:00:00.000Z,-43.327527760000,-21.762798310000,"Rua Natalino José de Paula, 310"
412,PARQUE BURNIER.,10071108,14:20:00,1,19,0,19,2025-01-29T00:00:00.000Z,-43.349331860000,-21.758144610000,"Avenida Getúlio Vargas, 835"
412,PARQUE BURNIER.,10072305,14:20:00,2,0,0,19,2025-01-29T00:00:00.000Z,-43.337478970000,-21.760922950000,"Rua Djalma de Carvalho, 37"
412,PARQUE BURNIER.,10072301,14:20:00,8,0,0,14,2025-01-29T00:00:00.000Z,-43.330138330000,-21.763252970000,"Rua Adelaide Campos de Resende, 1061"
412,PARQUE BURNIER.,10073561,14:20:00,7,0,2,14,2025-01-29T00:00:00.000Z,-43.331552510000,-21.763418910000,"Rua Olga Burnier, 480"
412,PARQUE BURNIER.,10072296,14:20:00,9,1,3,12,2025-01-29T00:00:00.000Z,-43.329374790000,-21.763440430000,"Rua Adelaide Campos de Resende, 975"
412,PARQUE BURNIER.,10073557,14:20:00,6,0,1,16,2025-01-29T00:00:00.000Z,-43.332479840000,-21.762640710000,"Rua Olga Burnier, 356"
412,PARQUE BURNIER.,10072358,14:20:00,18,0,0,0,2025-01-29T00:00:00.000Z,-43.328687310000,-21.761675740000,"Rua Natalino José de Paula, 112 - Ponto Final do Parque Burnier"
412,PARQUE BURNIER.,10072356,14:20:00,17,0,0,0,2025-01-29T00:00:00.000Z,-43.327793950000,-21.762107030000,"Rua Natalino José de Paula, 271"
412,PARQUE BURNIER.,10072375,14:20:00,16,0,0,0,2025-01-29T00:00:00.000Z,-43.327420830000,-21.762727850000,"Rua Natalino José de Paula, 319"
412,PARQUE BURNIER.,10073560,14:20:00,5,0,1,17,2025-01-29T00:00:00.000Z,-43.333589670000,-21.761652280000,"Rua Olga Burnier, 230"
412,PARQUE BURNIER.,10071503,14:20:00,15,0,0,0,2025-01-29T00:00:00.000Z,-43.326207040000,-21.762717810000,"Rua Natalino José de Paula, 421"
412,PARQUE BURNIER.,10072359,14:20:00,14,0,2,0,2025-01-29T00:00:00.000Z,-43.326282500000,-21.763143540000,"Rua Adelaide Campos de Resende, 651"
412,PARQUE BURNIER.,10072328,14:20:00,13,1,7,2,2025-01-29T00:00:00.000Z,-43.326450350000,-21.763683320000,"Rua Adelaide Campos de Resende, 669"
412,PARQUE BURNIER.,10072377,14:20:00,12,0,2,8,2025-01-29T00:00:00.000Z,-43.327321890000,-21.764062650000,"Rua José Teodoro dos Santos, 25"
412,PARQUE BURNIER.,10072316,14:20:00,11,0,2,10,2025-01-29T00:00:00.000Z,-43.328204750000,-21.763332370000,"Rua José Teodoro dos Santos, 145"
412,PARQUE BURNIER.,10072313,14:20:00,10,0,0,12,2025-01-29T00:00:00.000Z,-43.328846690000,-21.762504770000,"Rua José Teodoro dos Santos, 275"
412,PARQUE BURNIER.,10073558,14:20:00,4,0,1,18,2025-01-29T00:00:00.000Z,-43.334645750000,-21.760669710000,"Rua Olga Burnier, 70"
412,PARQUE BURNIER.,10073552,14:20:00,3,0,0,19,2025-01-29T00:00:00.000Z,-43.335479020000,-21.760313550000,"Rua São Geraldo, 84"
412,PARQUE BURNIER.,10072358,14:55:00,1,0,0,0,2025-01-29T00:00:00.000Z,-43.328687310000,-21.761675740000,"Rua Natalino José de Paula, 112 - Ponto Final do Parque Burnier"
412,PARQUE BURNIER.,10072363,14:55:00,2,1,0,1,2025-01-29T00:00:00.000Z,-43.327885630000,-21.762179390000,"Rua Natalino José de Paula, 288"
412,PARQUE BURNIER.,10073589,14:55:00,4,0,0,3,2025-01-29T00:00:00.000Z,-43.326568960000,-21.763629600000,"Rua Adelaide Campos de Resende, 706"
412,PARQUE BURNIER.,10072362,14:55:00,3,2,0,3,2025-01-29T00:00:00.000Z,-43.327527760000,-21.762798310000,"Rua Natalino José de Paula, 310"
412,PARQUE BURNIER.,10073583,14:55:00,9,0,1,4,2025-01-29T00:00:00.000Z,-43.330207820000,-21.763072230000,"Rua Adelaide Campos de Resende, 1070"
412,PARQUE BURNIER.,10073584,14:55:00,8,1,0,5,2025-01-29T00:00:00.000Z,-43.329363350000,-21.763255450000,"Rua Adelaide Campos de Resende, 984"
412,PARQUE BURNIER.,10072332,14:55:00,14,0,1,4,2025-01-29T00:00:00.000Z,-43.335533860000,-21.760131640000,"Rua São Geraldo, 89"
412,PARQUE BURNIER.,10072386,14:55:00,7,1,0,4,2025-01-29T00:00:00.000Z,-43.328850270000,-21.762325320000,"Rua José Teodoro dos Santos, 292"
412,PARQUE BURNIER.,10071108,14:55:00,17,0,10,2,2025-01-29T00:00:00.000Z,-43.349331860000,-21.758144610000,"Avenida Getúlio Vargas, 835"
412,PARQUE BURNIER.,10074194,14:55:00,16,8,0,12,2025-01-29T00:00:00.000Z,-43.342338620000,-21.760505960000,"Rua Ângelo Falci, 55"
412,PARQUE BURNIER.,10072302,14:55:00,15,0,0,4,2025-01-29T00:00:00.000Z,-43.338029500000,-21.760323850000,"Avenida Sete de Setembro, 623"
412,PARQUE BURNIER.,10072384,14:55:00,6,0,0,3,2025-01-29T00:00:00.000Z,-43.327999480000,-21.763301540000,"Rua José Teodoro dos Santos, 126"
412,PARQUE BURNIER.,10072337,14:55:00,13,1,0,5,2025-01-29T00:00:00.000Z,-43.334540130000,-21.760522960000,"Rua Olga Burnier, 67"
412,PARQUE BURNIER.,10072335,14:55:00,12,0,0,4,2025-01-29T00:00:00.000Z,-43.333453420000,-21.761562350000,"Rua Olga Burnier, 233"
412,PARQUE BURNIER.,10072382,14:55:00,11,0,0,4,2025-01-29T00:00:00.000Z,-43.332369450000,-21.762522520000,"Rua Olga Burnier, 361"
412,PARQUE BURNIER.,10072380,14:55:00,10,0,0,4,2025-01-29T00:00:00.000Z,-43.331466790000,-21.763337580000,"Rua Olga Burnier, 485"
412,PARQUE BURNIER.,10072309,14:55:00,5,0,0,3,2025-01-29T00:00:00.000Z,-43.327273730000,-21.763967940000,"Rua José Teodoro dos Santos, 28"
412,PARQUE BURNIER.,10073552,15:15:00,3,1,0,15,2025-01-29T00:00:00.000Z,-43.335479020000,-21.760313550000,"Rua São Geraldo, 84"
412,PARQUE BURNIER.,10072305,15:15:00,2,2,0,14,2025-01-29T00:00:00.000Z,-43.337478970000,-21.760922950000,"Rua Djalma de Carvalho, 37"
412,PARQUE BURNIER.,10073558,15:15:00,4,0,1,14,2025-01-29T00:00:00.000Z,-43.334645750000,-21.760669710000,"Rua Olga Burnier, 70"
412,PARQUE BURNIER.,10071108,15:15:00,1,12,0,12,2025-01-29T00:00:00.000Z,-43.349331860000,-21.758144610000,"Avenida Getúlio Vargas, 835"
412,PARQUE BURNIER.,10072356,15:15:00,17,0,3,0,2025-01-29T00:00:00.000Z,-43.327793950000,-21.762107030000,"Rua Natalino José de Paula, 271"
412,PARQUE BURNIER.,10072328,15:15:00,13,2,6,2,2025-01-29T00:00:00.000Z,-43.326450350000,-21.763683320000,"Rua Adelaide Campos de Resende, 669"
412,PARQUE BURNIER.,10072358,15:15:00,18,0,0,0,2025-01-29T00:00:00.000Z,-43.328687310000,-21.761675740000,"Rua Natalino José de Paula, 112 - Ponto Final do Parque Burnier"
412,PARQUE BURNIER.,10072296,15:15:00,9,0,1,9,2025-01-29T00:00:00.000Z,-43.329374790000,-21.763440430000,"Rua Adelaide Campos de Resende, 975"
412,PARQUE BURNIER.,10072375,15:15:00,16,3,0,3,2025-01-29T00:00:00.000Z,-43.327420830000,-21.762727850000,"Rua Natalino José de Paula, 319"
412,PARQUE BURNIER.,10071503,15:15:00,15,0,0,0,2025-01-29T00:00:00.000Z,-43.326207040000,-21.762717810000,"Rua Natalino José de Paula, 421"
412,PARQUE BURNIER.,10072359,15:15:00,14,0,2,0,2025-01-29T00:00:00.000Z,-43.326282500000,-21.763143540000,"Rua Adelaide Campos de Resende, 651"
412,PARQUE BURNIER.,10072301,15:15:00,8,0,2,10,2025-01-29T00:00:00.000Z,-43.330138330000,-21.763252970000,"Rua Adelaide Campos de Resende, 1061"
412,PARQUE BURNIER.,10072377,15:15:00,12,0,2,6,2025-01-29T00:00:00.000Z,-43.327321890000,-21.764062650000,"Rua José Teodoro dos Santos, 25"
412,PARQUE BURNIER.,10072316,15:15:00,11,1,2,8,2025-01-29T00:00:00.000Z,-43.328204750000,-21.763332370000,"Rua José Teodoro dos Santos, 145"
412,PARQUE BURNIER.,10072313,15:15:00,10,0,0,9,2025-01-29T00:00:00.000Z,-43.328846690000,-21.762504770000,"Rua José Teodoro dos Santos, 275"
412,PARQUE BURNIER.,10073561,15:15:00,7,1,2,12,2025-01-29T00:00:00.000Z,-43.331552510000,-21.763418910000,"Rua Olga Burnier, 480"
412,PARQUE BURNIER.,10073557,15:15:00,6,0,1,13,2025-01-29T00:00:00.000Z,-43.332479840000,-21.762640710000,"Rua Olga Burnier, 356"
412,PARQUE BURNIER.,10073560,15:15:00,5,1,1,14,2025-01-29T00:00:00.000Z,-43.333589670000,-21.761652280000,"Rua Olga Burnier, 230"
412,PARQUE BURNIER.,10073589,17:40:00,4,2,0,3,2025-01-29T00:00:00.000Z,-43.326568960000,-21.763629600000,"Rua Adelaide Campos de Resende, 706"
412,PARQUE BURNIER.,10072362,17:40:00,3,1,0,1,2025-01-29T00:00:00.000Z,-43.327527760000,-21.762798310000,"Rua Natalino José de Paula, 310"
412,PARQUE BURNIER.,10072309,17:40:00,5,2,0,5,2025-01-29T00:00:00.000Z,-43.327273730000,-21.763967940000,"Rua José Teodoro dos Santos, 28"
412,PARQUE BURNIER.,10072363,17:40:00,2,0,0,0,2025-01-29T00:00:00.000Z,-43.327885630000,-21.762179390000,"Rua Natalino José de Paula, 288"
412,PARQUE BURNIER.,10072386,17:40:00,7,3,0,9,2025-01-29T00:00:00.000Z,-43.328850270000,-21.762325320000,"Rua José Teodoro dos Santos, 292"
412,PARQUE BURNIER.,10072384,17:40:00,6,1,0,6,2025-01-29T00:00:00.000Z,-43.327999480000,-21.763301540000,"Rua José Teodoro dos Santos, 126"
412,PARQUE BURNIER.,10072358,17:40:00,1,0,0,0,2025-01-29T00:00:00.000Z,-43.328687310000,-21.761675740000,"Rua Natalino José de Paula, 112 - Ponto Final do Parque Burnier"
412,PARQUE BURNIER.,10071108,17:40:00,17,0,16,17,2025-01-29T00:00:00.000Z,-43.349331860000,-21.758144610000,"Avenida Getúlio Vargas, 835"
412,PARQUE BURNIER.,10072302,17:40:00,15,6,4,12,2025-01-29T00:00:00.000Z,-43.338029500000,-21.760323850000,"Avenida Sete de Setembro, 623"
412,PARQUE BURNIER.,10074194,17:40:00,16,22,1,33,2025-01-29T00:00:00.000Z,-43.342338620000,-21.760505960000,"Rua Ângelo Falci, 55"
412,PARQUE BURNIER.,10072382,17:40:00,11,0,0,10,2025-01-29T00:00:00.000Z,-43.332369450000,-21.762522520000,"Rua Olga Burnier, 361"
412,PARQUE BURNIER.,10072332,17:40:00,14,0,0,10,2025-01-29T00:00:00.000Z,-43.335533860000,-21.760131640000,"Rua São Geraldo, 89"
412,PARQUE BURNIER.,10072337,17:40:00,13,0,0,10,2025-01-29T00:00:00.000Z,-43.334540130000,-21.760522960000,"Rua Olga Burnier, 67"
412,PARQUE BURNIER.,10072335,17:40:00,12,0,0,10,2025-01-29T00:00:00.000Z,-43.333453420000,-21.761562350000,"Rua Olga Burnier, 233"
412,PARQUE BURNIER.,10073583,17:40:00,9,0,0,9,2025-01-29T00:00:00.000Z,-43.330207820000,-21.763072230000,"Rua Adelaide Campos de Resende, 1070"
412,PARQUE BURNIER.,10072380,17:40:00,10,1,0,10,2025-01-29T00:00:00.000Z,-43.331466790000,-21.763337580000,"Rua Olga Burnier, 485"
412,PARQUE BURNIER.,10073584,17:40:00,8,0,0,9,2025-01-29T00:00:00.000Z,-43.329363350000,-21.763255450000,"Rua Adelaide Campos de Resende, 984"
412,PARQUE BURNIER.,10072358,18:35:00,1,0,0,0,2025-01-29T00:00:00.000Z,-43.328687310000,-21.761675740000,"Rua Natalino José de Paula, 112 - Ponto Final do Parque Burnier"
412,PARQUE BURNIER.,10072309,18:35:00,5,0,0,5,2025-01-29T00:00:00.000Z,-43.327273730000,-21.763967940000,"Rua José Teodoro dos Santos, 28"
412,PARQUE BURNIER.,10073589,18:35:00,4,0,0,5,2025-01-29T00:00:00.000Z,-43.326568960000,-21.763629600000,"Rua Adelaide Campos de Resende, 706"
412,PARQUE BURNIER.,10072384,18:35:00,6,0,0,5,2025-01-29T00:00:00.000Z,-43.327999480000,-21.763301540000,"Rua José Teodoro dos Santos, 126"
412,PARQUE BURNIER.,10072362,18:35:00,3,3,0,5,2025-01-29T00:00:00.000Z,-43.327527760000,-21.762798310000,"Rua Natalino José de Paula, 310"
412,PARQUE BURNIER.,10072386,18:35:00,7,3,0,8,2025-01-29T00:00:00.000Z,-43.328850270000,-21.762325320000,"Rua José Teodoro dos Santos, 292"
412,PARQUE BURNIER.,10072363,18:35:00,2,2,0,2,2025-01-29T00:00:00.000Z,-43.327885630000,-21.762179390000,"Rua Natalino José de Paula, 288"
412,PARQUE BURNIER.,10071108,18:35:00,17,0,18,10,2025-01-29T00:00:00.000Z,-43.349331860000,-21.758144610000,"Avenida Getúlio Vargas, 835"
412,PARQUE BURNIER.,10074194,18:35:00,16,22,2,28,2025-01-29T00:00:00.000Z,-43.342338620000,-21.760505960000,"Rua Ângelo Falci, 55"
412,PARQUE BURNIER.,10072302,18:35:00,15,2,4,8,2025-01-29T00:00:00.000Z,-43.338029500000,-21.760323850000,"Avenida Sete de Setembro, 623"
412,PARQUE BURNIER.,10072332,18:35:00,14,0,0,10,2025-01-29T00:00:00.000Z,-43.335533860000,-21.760131640000,"Rua São Geraldo, 89"
412,PARQUE BURNIER.,10072337,18:35:00,13,0,0,10,2025-01-29T00:00:00.000Z,-43.334540130000,-21.760522960000,"Rua Olga Burnier, 67"
412,PARQUE BURNIER.,10072335,18:35:00,12,0,0,10,2025-01-29T00:00:00.000Z,-43.333453420000,-21.761562350000,"Rua Olga Burnier, 233"
412,PARQUE BURNIER.,10072382,18:35:00,11,1,0,10,2025-01-29T00:00:00.000Z,-43.332369450000,-21.762522520000,"Rua Olga Burnier, 361"
412,PARQUE BURNIER.,10072380,18:35:00,10,0,0,9,2025-01-29T00:00:00.000Z,-43.331466790000,-21.763337580000,"Rua Olga Burnier, 485"
412,PARQUE BURNIER.,10073583,18:35:00,9,0,0,9,2025-01-29T00:00:00.000Z,-43.330207820000,-21.763072230000,"Rua Adelaide Campos de Resende, 1070"
412,PARQUE BURNIER.,10073584,18:35:00,8,1,0,9,2025-01-29T00:00:00.000Z,-43.329363350000,-21.763255450000,"Rua Adelaide Campos de Resende, 984"
412,PARQUE BURNIER.,10071108,19:30:00,17,0,2,10,2025-01-29T00:00:00.000Z,-43.349331860000,-21.758144610000,"Avenida Getúlio Vargas, 835"
412,PARQUE BURNIER.,10074194,19:30:00,16,8,0,12,2025-01-29T00:00:00.000Z,-43.342338620000,-21.760505960000,"Rua Ângelo Falci, 55"
412,PARQUE BURNIER.,10072302,19:30:00,15,2,0,4,2025-01-29T00:00:00.000Z,-43.338029500000,-21.760323850000,"Avenida Sete de Setembro, 623"
412,PARQUE BURNIER.,10072332,19:30:00,14,0,0,2,2025-01-29T00:00:00.000Z,-43.335533860000,-21.760131640000,"Rua São Geraldo, 89"
412,PARQUE BURNIER.,10072337,19:30:00,13,0,0,2,2025-01-29T00:00:00.000Z,-43.334540130000,-21.760522960000,"Rua Olga Burnier, 67"
412,PARQUE BURNIER.,10072335,19:30:00,12,0,0,2,2025-01-29T00:00:00.000Z,-43.333453420000,-21.761562350000,"Rua Olga Burnier, 233"
412,PARQUE BURNIER.,10072382,19:30:00,11,0,0,2,2025-01-29T00:00:00.000Z,-43.332369450000,-21.762522520000,"Rua Olga Burnier, 361"
412,PARQUE BURNIER.,10072380,19:30:00,10,0,0,2,2025-01-29T00:00:00.000Z,-43.331466790000,-21.763337580000,"Rua Olga Burnier, 485"
412,PARQUE BURNIER.,10073583,19:30:00,9,0,0,2,2025-01-29T00:00:00.000Z,-43.330207820000,-21.763072230000,"Rua Adelaide Campos de Resende, 1070"
412,PARQUE BURNIER.,10073584,19:30:00,8,0,0,2,2025-01-29T00:00:00.000Z,-43.329363350000,-21.763255450000,"Rua Adelaide Campos de Resende, 984"
412,PARQUE BURNIER.,10072386,19:30:00,7,1,0,2,2025-01-29T00:00:00.000Z,-43.328850270000,-21.762325320000,"Rua José Teodoro dos Santos, 292"
412,PARQUE BURNIER.,10072384,19:30:00,6,0,0,1,2025-01-29T00:00:00.000Z,-43.327999480000,-21.763301540000,"Rua José Teodoro dos Santos, 126"
412,PARQUE BURNIER.,10072309,19:30:00,5,0,0,1,2025-01-29T00:00:00.000Z,-43.327273730000,-21.763967940000,"Rua José Teodoro dos Santos, 28"
412,PARQUE BURNIER.,10073589,19:30:00,4,1,0,1,2025-01-29T00:00:00.000Z,-43.326568960000,-21.763629600000,"Rua Adelaide Campos de Resende, 706"
412,PARQUE BURNIER.,10072362,19:30:00,3,0,0,0,2025-01-29T00:00:00.000Z,-43.327527760000,-21.762798310000,"Rua Natalino José de Paula, 310"
412,PARQUE BURNIER.,10072363,19:30:00,2,0,0,0,2025-01-29T00:00:00.000Z,-43.327885630000,-21.762179390000,"Rua Natalino José de Paula, 288"
412,PARQUE BURNIER.,10072358,19:30:00,1,0,0,0,2025-01-29T00:00:00.000Z,-43.328687310000,-21.761675740000,"Rua Natalino José de Paula, 112 - Ponto Final do Parque Burnier"
412,PARQUE BURNIER.,10071108,05:30:00,17,0,4,3,2025-01-30T00:00:00.000Z,-43.349331860000,-21.758144610000,"Avenida Getúlio Vargas, 835"
412,PARQUE BURNIER.,10074194,05:30:00,16,1,1,7,2025-01-30T00:00:00.000Z,-43.342338620000,-21.760505960000,"Rua Ângelo Falci, 55"
412,PARQUE BURNIER.,10072302,05:30:00,15,1,2,7,2025-01-30T00:00:00.000Z,-43.338029500000,-21.760323850000,"Avenida Sete de Setembro, 623"
412,PARQUE BURNIER.,10072332,05:30:00,14,0,0,8,2025-01-30T00:00:00.000Z,-43.335533860000,-21.760131640000,"Rua São Geraldo, 89"
412,PARQUE BURNIER.,10072337,05:30:00,13,0,0,8,2025-01-30T00:00:00.000Z,-43.334540130000,-21.760522960000,"Rua Olga Burnier, 67"
412,PARQUE BURNIER.,10072335,05:30:00,12,0,0,8,2025-01-30T00:00:00.000Z,-43.333453420000,-21.761562350000,"Rua Olga Burnier, 233"
412,PARQUE BURNIER.,10072382,05:30:00,11,0,0,8,2025-01-30T00:00:00.000Z,-43.332369450000,-21.762522520000,"Rua Olga Burnier, 361"
412,PARQUE BURNIER.,10072380,05:30:00,10,1,0,8,2025-01-30T00:00:00.000Z,-43.331466790000,-21.763337580000,"Rua Olga Burnier, 485"
412,PARQUE BURNIER.,10073583,05:30:00,9,0,0,7,2025-01-30T00:00:00.000Z,-43.330207820000,-21.763072230000,"Rua Adelaide Campos de Resende, 1070"
412,PARQUE BURNIER.,10073584,05:30:00,8,2,0,7,2025-01-30T00:00:00.000Z,-43.329363350000,-21.763255450000,"Rua Adelaide Campos de Resende, 984"
412,PARQUE BURNIER.,10072386,05:30:00,7,1,1,5,2025-01-30T00:00:00.000Z,-43.328850270000,-21.762325320000,"Rua José Teodoro dos Santos, 292"
412,PARQUE BURNIER.,10072384,05:30:00,6,0,0,5,2025-01-30T00:00:00.000Z,-43.327999480000,-21.763301540000,"Rua José Teodoro dos Santos, 126"
412,PARQUE BURNIER.,10072309,05:30:00,5,1,0,5,2025-01-30T00:00:00.000Z,-43.327273730000,-21.763967940000,"Rua José Teodoro dos Santos, 28"
412,PARQUE BURNIER.,10073589,05:30:00,4,2,0,4,2025-01-30T00:00:00.000Z,-43.326568960000,-21.763629600000,"Rua Adelaide Campos de Resende, 706"
412,PARQUE BURNIER.,10072362,05:30:00,3,1,0,2,2025-01-30T00:00:00.000Z,-43.327527760000,-21.762798310000,"Rua Natalino José de Paula, 310"
412,PARQUE BURNIER.,10072363,05:30:00,2,1,0,1,2025-01-30T00:00:00.000Z,-43.327885630000,-21.762179390000,"Rua Natalino José de Paula, 288"
412,PARQUE BURNIER.,10072358,05:30:00,1,0,0,0,2025-01-30T00:00:00.000Z,-43.328687310000,-21.761675740000,"Rua Natalino José de Paula, 112 - Ponto Final do Parque Burnier"
412,PARQUE BURNIER.,10072358,05:51:00,18,11,0,15,2025-01-30T00:00:00.000Z,-43.328687310000,-21.761675740000,"Rua Natalino José de Paula, 112 - Ponto Final do Parque Burnier"
412,PARQUE BURNIER.,10072356,05:51:00,17,4,0,4,2025-01-30T00:00:00.000Z,-43.327793950000,-21.762107030000,"Rua Natalino José de Paula, 271"
412,PARQUE BURNIER.,10072375,05:51:00,16,0,0,0,2025-01-30T00:00:00.000Z,-43.327420830000,-21.762727850000,"Rua Natalino José de Paula, 319"
412,PARQUE BURNIER.,10071503,05:51:00,15,0,0,0,2025-01-30T00:00:00.000Z,-43.326207040000,-21.762717810000,"Rua Natalino José de Paula, 421"
412,PARQUE BURNIER.,10072359,05:51:00,14,0,0,0,2025-01-30T00:00:00.000Z,-43.326282500000,-21.763143540000,"Rua Adelaide Campos de Resende, 651"
412,PARQUE BURNIER.,10072328,05:51:00,13,0,0,0,2025-01-30T00:00:00.000Z,-43.326450350000,-21.763683320000,"Rua Adelaide Campos de Resende, 669"
412,PARQUE BURNIER.,10072377,05:51:00,12,0,0,0,2025-01-30T00:00:00.000Z,-43.327321890000,-21.764062650000,"Rua José Teodoro dos Santos, 25"
412,PARQUE BURNIER.,10072316,05:51:00,11,0,0,0,2025-01-30T00:00:00.000Z,-43.328204750000,-21.763332370000,"Rua José Teodoro dos Santos, 145"
412,PARQUE BURNIER.,10072313,05:51:00,10,0,0,0,2025-01-30T00:00:00.000Z,-43.328846690000,-21.762504770000,"Rua José Teodoro dos Santos, 275"
412,PARQUE BURNIER.,10072296,05:51:00,9,0,0,0,2025-01-30T00:00:00.000Z,-43.329374790000,-21.763440430000,"Rua Adelaide Campos de Resende, 975"
412,PARQUE BURNIER.,10072301,05:51:00,8,0,0,0,2025-01-30T00:00:00.000Z,-43.330138330000,-21.763252970000,"Rua Adelaide Campos de Resende, 1061"
412,PARQUE BURNIER.,10073561,05:51:00,7,0,3,0,2025-01-30T00:00:00.000Z,-43.331552510000,-21.763418910000,"Rua Olga Burnier, 480"
412,PARQUE BURNIER.,10073557,05:51:00,6,0,2,3,2025-01-30T00:00:00.000Z,-43.332479840000,-21.762640710000,"Rua Olga Burnier, 356"
412,PARQUE BURNIER.,10073560,05:51:00,5,0,1,5,2025-01-30T00:00:00.000Z,-43.333589670000,-21.761652280000,"Rua Olga Burnier, 230"
412,PARQUE BURNIER.,10073558,05:51:00,4,0,0,6,2025-01-30T00:00:00.000Z,-43.334645750000,-21.760669710000,"Rua Olga Burnier, 70"
412,PARQUE BURNIER.,10073552,05:51:00,3,0,2,6,2025-01-30T00:00:00.000Z,-43.335479020000,-21.760313550000,"Rua São Geraldo, 84"
412,PARQUE BURNIER.,10072305,05:51:00,2,0,2,8,2025-01-30T00:00:00.000Z,-43.337478970000,-21.760922950000,"Rua Djalma de Carvalho, 37"
412,PARQUE BURNIER.,10071108,05:51:00,1,10,0,10,2025-01-30T00:00:00.000Z,-43.349331860000,-21.758144610000,"Avenida Getúlio Vargas, 835"
412,PARQUE BURNIER.,10071108,06:17:00,17,0,14,6,2025-01-30T00:00:00.000Z,-43.349331860000,-21.758144610000,"Avenida Getúlio Vargas, 835"
412,PARQUE BURNIER.,10074194,06:17:00,16,2,4,20,2025-01-30T00:00:00.000Z,-43.342338620000,-21.760505960000,"Rua Ângelo Falci, 55"
412,PARQUE BURNIER.,10072302,06:17:00,15,0,0,22,2025-01-30T00:00:00.000Z,-43.338029500000,-21.760323850000,"Avenida Sete de Setembro, 623"
412,PARQUE BURNIER.,10072332,06:17:00,14,0,0,22,2025-01-30T00:00:00.000Z,-43.335533860000,-21.760131640000,"Rua São Geraldo, 89"
412,PARQUE BURNIER.,10072337,06:17:00,13,1,1,22,2025-01-30T00:00:00.000Z,-43.334540130000,-21.760522960000,"Rua Olga Burnier, 67"
412,PARQUE BURNIER.,10072335,06:17:00,12,1,0,22,2025-01-30T00:00:00.000Z,-43.333453420000,-21.761562350000,"Rua Olga Burnier, 233"
412,PARQUE BURNIER.,10072382,06:17:00,11,0,0,21,2025-01-30T00:00:00.000Z,-43.332369450000,-21.762522520000,"Rua Olga Burnier, 361"
412,PARQUE BURNIER.,10072380,06:17:00,10,0,0,21,2025-01-30T00:00:00.000Z,-43.331466790000,-21.763337580000,"Rua Olga Burnier, 485"
412,PARQUE BURNIER.,10073583,06:17:00,9,0,0,21,2025-01-30T00:00:00.000Z,-43.330207820000,-21.763072230000,"Rua Adelaide Campos de Resende, 1070"
412,PARQUE BURNIER.,10073584,06:17:00,8,3,1,21,2025-01-30T00:00:00.000Z,-43.329363350000,-21.763255450000,"Rua Adelaide Campos de Resende, 984"
412,PARQUE BURNIER.,10072386,06:17:00,7,1,0,19,2025-01-30T00:00:00.000Z,-43.328850270000,-21.762325320000,"Rua José Teodoro dos Santos, 292"
412,PARQUE BURNIER.,10072384,06:17:00,6,2,0,18,2025-01-30T00:00:00.000Z,-43.327999480000,-21.763301540000,"Rua José Teodoro dos Santos, 126"
412,PARQUE BURNIER.,10072309,06:17:00,5,1,1,16,2025-01-30T00:00:00.000Z,-43.327273730000,-21.763967940000,"Rua José Teodoro dos Santos, 28"
412,PARQUE BURNIER.,10073589,06:17:00,4,9,0,16,2025-01-30T00:00:00.000Z,-43.326568960000,-21.763629600000,"Rua Adelaide Campos de Resende, 706"
412,PARQUE BURNIER.,10072362,06:17:00,3,1,0,7,2025-01-30T00:00:00.000Z,-43.327527760000,-21.762798310000,"Rua Natalino José de Paula, 310"
412,PARQUE BURNIER.,10072363,06:17:00,2,6,0,6,2025-01-30T00:00:00.000Z,-43.327885630000,-21.762179390000,"Rua Natalino José de Paula, 288"
412,PARQUE BURNIER.,10072358,06:17:00,1,0,0,0,2025-01-30T00:00:00.000Z,-43.328687310000,-21.761675740000,"Rua Natalino José de Paula, 112 - Ponto Final do Parque Burnier"
412,PARQUE BURNIER.,10072358,06:38:00,18,8,0,10,2025-01-30T00:00:00.000Z,-43.328687310000,-21.761675740000,"Rua Natalino José de Paula, 112 - Ponto Final do Parque Burnier"
412,PARQUE BURNIER.,10072356,06:38:00,17,0,1,2,2025-01-30T00:00:00.000Z,-43.327793950000,-21.762107030000,"Rua Natalino José de Paula, 271"
412,PARQUE BURNIER.,10072375,06:38:00,16,0,2,3,2025-01-30T00:00:00.000Z,-43.327420830000,-21.762727850000,"Rua Natalino José de Paula, 319"
412,PARQUE BURNIER.,10071503,06:38:00,15,0,0,5,2025-01-30T00:00:00.000Z,-43.326207040000,-21.762717810000,"Rua Natalino José de Paula, 421"
412,PARQUE BURNIER.,10072359,06:38:00,14,0,2,5,2025-01-30T00:00:00.000Z,-43.326282500000,-21.763143540000,"Rua Adelaide Campos de Resende, 651"
412,PARQUE BURNIER.,10072328,06:38:00,13,0,2,7,2025-01-30T00:00:00.000Z,-43.326450350000,-21.763683320000,"Rua Adelaide Campos de Resende, 669"
412,PARQUE BURNIER.,10072377,06:38:00,12,0,1,9,2025-01-30T00:00:00.000Z,-43.327321890000,-21.764062650000,"Rua José Teodoro dos Santos, 25"
412,PARQUE BURNIER.,10072316,06:38:00,11,2,1,10,2025-01-30T00:00:00.000Z,-43.328204750000,-21.763332370000,"Rua José Teodoro dos Santos, 145"
412,PARQUE BURNIER.,10072313,06:38:00,10,0,3,9,2025-01-30T00:00:00.000Z,-43.328846690000,-21.762504770000,"Rua José Teodoro dos Santos, 275"
412,PARQUE BURNIER.,10072296,06:38:00,9,0,0,12,2025-01-30T00:00:00.000Z,-43.329374790000,-21.763440430000,"Rua Adelaide Campos de Resende, 975"
412,PARQUE BURNIER.,10072301,06:38:00,8,2,0,12,2025-01-30T00:00:00.000Z,-43.330138330000,-21.763252970000,"Rua Adelaide Campos de Resende, 1061"
412,PARQUE BURNIER.,10073561,06:38:00,7,0,0,10,2025-01-30T00:00:00.000Z,-43.331552510000,-21.763418910000,"Rua Olga Burnier, 480"
412,PARQUE BURNIER.,10073557,06:38:00,6,0,0,10,2025-01-30T00:00:00.000Z,-43.332479840000,-21.762640710000,"Rua Olga Burnier, 356"
412,PARQUE BURNIER.,10073560,06:38:00,5,0,0,10,2025-01-30T00:00:00.000Z,-43.333589670000,-21.761652280000,"Rua Olga Burnier, 230"
412,PARQUE BURNIER.,10073558,06:38:00,4,0,0,10,2025-01-30T00:00:00.000Z,-43.334645750000,-21.760669710000,"Rua Olga Burnier, 70"
412,PARQUE BURNIER.,10073552,06:38:00,3,0,2,10,2025-01-30T00:00:00.000Z,-43.335479020000,-21.760313550000,"Rua São Geraldo, 84"
412,PARQUE BURNIER.,10072305,06:38:00,2,2,1,12,2025-01-30T00:00:00.000Z,-43.337478970000,-21.760922950000,"Rua Djalma de Carvalho, 37"
412,PARQUE BURNIER.,10071108,06:38:00,1,11,0,11,2025-01-30T00:00:00.000Z,-43.349331860000,-21.758144610000,"Avenida Getúlio Vargas, 835"
412,PARQUE BURNIER.,10071108,07:04:00,17,0,7,17,2025-01-30T00:00:00.000Z,-43.349331860000,-21.758144610000,"Avenida Getúlio Vargas, 835"
412,PARQUE BURNIER.,10074194,07:04:00,16,0,7,24,2025-01-30T00:00:00.000Z,-43.342338620000,-21.760505960000,"Rua Ângelo Falci, 55"
412,PARQUE BURNIER.,10072302,07:04:00,15,0,2,31,2025-01-30T00:00:00.000Z,-43.338029500000,-21.760323850000,"Avenida Sete de Setembro, 623"
412,PARQUE BURNIER.,10072332,07:04:00,14,0,0,33,2025-01-30T00:00:00.000Z,-43.335533860000,-21.760131640000,"Rua São Geraldo, 89"
412,PARQUE BURNIER.,10072337,07:04:00,13,0,0,33,2025-01-30T00:00:00.000Z,-43.334540130000,-21.760522960000,"Rua Olga Burnier, 67"
412,PARQUE BURNIER.,10072335,07:04:00,12,1,0,33,2025-01-30T00:00:00.000Z,-43.333453420000,-21.761562350000,"Rua Olga Burnier, 233"
412,PARQUE BURNIER.,10072382,07:04:00,11,0,0,32,2025-01-30T00:00:00.000Z,-43.332369450000,-21.762522520000,"Rua Olga Burnier, 361"
412,PARQUE BURNIER.,10072380,07:04:00,10,0,0,32,2025-01-30T00:00:00.000Z,-43.331466790000,-21.763337580000,"Rua Olga Burnier, 485"
412,PARQUE BURNIER.,10073583,07:04:00,9,0,0,32,2025-01-30T00:00:00.000Z,-43.330207820000,-21.763072230000,"Rua Adelaide Campos de Resende, 1070"
412,PARQUE BURNIER.,10073584,07:04:00,8,3,1,32,2025-01-30T00:00:00.000Z,-43.329363350000,-21.763255450000,"Rua Adelaide Campos de Resende, 984"
412,PARQUE BURNIER.,10072386,07:04:00,7,5,0,30,2025-01-30T00:00:00.000Z,-43.328850270000,-21.762325320000,"Rua José Teodoro dos Santos, 292"
412,PARQUE BURNIER.,10072384,07:04:00,6,1,0,25,2025-01-30T00:00:00.000Z,-43.327999480000,-21.763301540000,"Rua José Teodoro dos Santos, 126"
412,PARQUE BURNIER.,10072309,07:04:00,5,2,1,24,2025-01-30T00:00:00.000Z,-43.327273730000,-21.763967940000,"Rua José Teodoro dos Santos, 28"
412,PARQUE BURNIER.,10073589,07:04:00,4,14,0,23,2025-01-30T00:00:00.000Z,-43.326568960000,-21.763629600000,"Rua Adelaide Campos de Resende, 706"
412,PARQUE BURNIER.,10072362,07:04:00,3,5,0,9,2025-01-30T00:00:00.000Z,-43.327527760000,-21.762798310000,"Rua Natalino José de Paula, 310"
412,PARQUE BURNIER.,10072363,07:04:00,2,4,0,4,2025-01-30T00:00:00.000Z,-43.327885630000,-21.762179390000,"Rua Natalino José de Paula, 288"
412,PARQUE BURNIER.,10072358,07:04:00,1,0,0,0,2025-01-30T00:00:00.000Z,-43.328687310000,-21.761675740000,"Rua Natalino José de Paula, 112 - Ponto Final do Parque Burnier"
412,PARQUE BURNIER.,10072358,07:25:00,18,5,0,10,2025-01-30T00:00:00.000Z,-43.328687310000,-21.761675740000,"Rua Natalino José de Paula, 112 - Ponto Final do Parque Burnier"
412,PARQUE BURNIER.,10072356,07:25:00,17,0,0,5,2025-01-30T00:00:00.000Z,-43.327793950000,-21.762107030000,"Rua Natalino José de Paula, 271"
412,PARQUE BURNIER.,10072375,07:25:00,16,0,1,5,2025-01-30T00:00:00.000Z,-43.327420830000,-21.762727850000,"Rua Natalino José de Paula, 319"
412,PARQUE BURNIER.,10071503,07:25:00,15,0,2,6,2025-01-30T00:00:00.000Z,-43.326207040000,-21.762717810000,"Rua Natalino José de Paula, 421"
412,PARQUE BURNIER.,10072359,07:25:00,14,0,0,8,2025-01-30T00:00:00.000Z,-43.326282500000,-21.763143540000,"Rua Adelaide Campos de Resende, 651"
412,PARQUE BURNIER.,10072328,07:25:00,13,0,0,8,2025-01-30T00:00:00.000Z,-43.326450350000,-21.763683320000,"Rua Adelaide Campos de Resende, 669"
412,PARQUE BURNIER.,10072377,07:25:00,12,0,0,8,2025-01-30T00:00:00.000Z,-43.327321890000,-21.764062650000,"Rua José Teodoro dos Santos, 25"
412,PARQUE BURNIER.,10072316,07:25:00,11,0,0,8,2025-01-30T00:00:00.000Z,-43.328204750000,-21.763332370000,"Rua José Teodoro dos Santos, 145"
412,PARQUE BURNIER.,10072313,07:25:00,10,0,0,8,2025-01-30T00:00:00.000Z,-43.328846690000,-21.762504770000,"Rua José Teodoro dos Santos, 275"
412,PARQUE BURNIER.,10072296,07:25:00,9,0,0,8,2025-01-30T00:00:00.000Z,-43.329374790000,-21.763440430000,"Rua Adelaide Campos de Resende, 975"
412,PARQUE BURNIER.,10072301,07:25:00,8,2,0,8,2025-01-30T00:00:00.000Z,-43.330138330000,-21.763252970000,"Rua Adelaide Campos de Resende, 1061"
412,PARQUE BURNIER.,10073561,07:25:00,7,0,0,6,2025-01-30T00:00:00.000Z,-43.331552510000,-21.763418910000,"Rua Olga Burnier, 480"
412,PARQUE BURNIER.,10073557,07:25:00,6,0,1,6,2025-01-30T00:00:00.000Z,-43.332479840000,-21.762640710000,"Rua Olga Burnier, 356"
412,PARQUE BURNIER.,10073560,07:25:00,5,0,0,7,2025-01-30T00:00:00.000Z,-43.333589670000,-21.761652280000,"Rua Olga Burnier, 230"
412,PARQUE BURNIER.,10073558,07:25:00,4,0,0,7,2025-01-30T00:00:00.000Z,-43.334645750000,-21.760669710000,"Rua Olga Burnier, 70"
412,PARQUE BURNIER.,10073552,07:25:00,3,0,0,7,2025-01-30T00:00:00.000Z,-43.335479020000,-21.760313550000,"Rua São Geraldo, 84"
412,PARQUE BURNIER.,10072305,07:25:00,2,0,0,7,2025-01-30T00:00:00.000Z,-43.337478970000,-21.760922950000,"Rua Djalma de Carvalho, 37"
412,PARQUE BURNIER.,10071108,07:25:00,1,7,0,7,2025-01-30T00:00:00.000Z,-43.349331860000,-21.758144610000,"Avenida Getúlio Vargas, 835"
412,PARQUE BURNIER.,10071108,07:51:00,17,0,13,15,2025-01-30T00:00:00.000Z,-43.349331860000,-21.758144610000,"Avenida Getúlio Vargas, 835"
412,PARQUE BURNIER.,10074194,07:51:00,16,4,6,28,2025-01-30T00:00:00.000Z,-43.342338620000,-21.760505960000,"Rua Ângelo Falci, 55"
412,PARQUE BURNIER.,10072302,07:51:00,15,5,3,30,2025-01-30T00:00:00.000Z,-43.338029500000,-21.760323850000,"Avenida Sete de Setembro, 623"
412,PARQUE BURNIER.,10072332,07:51:00,14,0,0,28,2025-01-30T00:00:00.000Z,-43.335533860000,-21.760131640000,"Rua São Geraldo, 89"
412,PARQUE BURNIER.,10072337,07:51:00,13,2,0,28,2025-01-30T00:00:00.000Z,-43.334540130000,-21.760522960000,"Rua Olga Burnier, 67"
412,PARQUE BURNIER.,10072335,07:51:00,12,0,0,26,2025-01-30T00:00:00.000Z,-43.333453420000,-21.761562350000,"Rua Olga Burnier, 233"
412,PARQUE BURNIER.,10072382,07:51:00,11,0,0,26,2025-01-30T00:00:00.000Z,-43.332369450000,-21.762522520000,"Rua Olga Burnier, 361"
412,PARQUE BURNIER.,10072380,07:51:00,10,0,1,26,2025-01-30T00:00:00.000Z,-43.331466790000,-21.763337580000,"Rua Olga Burnier, 485"
412,PARQUE BURNIER.,10073583,07:51:00,9,3,0,27,2025-01-30T00:00:00.000Z,-43.330207820000,-21.763072230000,"Rua Adelaide Campos de Resende, 1070"
412,PARQUE BURNIER.,10073584,07:51:00,8,4,0,24,2025-01-30T00:00:00.000Z,-43.329363350000,-21.763255450000,"Rua Adelaide Campos de Resende, 984"
412,PARQUE BURNIER.,10072386,07:51:00,7,5,0,20,2025-01-30T00:00:00.000Z,-43.328850270000,-21.762325320000,"Rua José Teodoro dos Santos, 292"
412,PARQUE BURNIER.,10072384,07:51:00,6,1,0,15,2025-01-30T00:00:00.000Z,-43.327999480000,-21.763301540000,"Rua José Teodoro dos Santos, 126"
412,PARQUE BURNIER.,10072309,07:51:00,5,3,0,14,2025-01-30T00:00:00.000Z,-43.327273730000,-21.763967940000,"Rua José Teodoro dos Santos, 28"
412,PARQUE BURNIER.,10073589,07:51:00,4,8,0,11,2025-01-30T00:00:00.000Z,-43.326568960000,-21.763629600000,"Rua Adelaide Campos de Resende, 706"
412,PARQUE BURNIER.,10072362,07:51:00,3,2,0,3,2025-01-30T00:00:00.000Z,-43.327527760000,-21.762798310000,"Rua Natalino José de Paula, 310"
412,PARQUE BURNIER.,10072363,07:51:00,2,1,0,1,2025-01-30T00:00:00.000Z,-43.327885630000,-21.762179390000,"Rua Natalino José de Paula, 288"
412,PARQUE BURNIER.,10072358,07:51:00,1,0,0,0,2025-01-30T00:00:00.000Z,-43.328687310000,-21.761675740000,"Rua Natalino José de Paula, 112 - Ponto Final do Parque Burnier"
412,PARQUE BURNIER.,10072358,08:12:00,18,5,0,11,2025-01-30T00:00:00.000Z,-43.328687310000,-21.761675740000,"Rua Natalino José de Paula, 112 - Ponto Final do Parque Burnier"
412,PARQUE BURNIER.,10072356,08:12:00,17,0,0,6,2025-01-30T00:00:00.000Z,-43.327793950000,-21.762107030000,"Rua Natalino José de Paula, 271"
412,PARQUE BURNIER.,10072375,08:12:00,16,0,0,6,2025-01-30T00:00:00.000Z,-43.327420830000,-21.762727850000,"Rua Natalino José de Paula, 319"
412,PARQUE BURNIER.,10071503,08:12:00,15,0,0,6,2025-01-30T00:00:00.000Z,-43.326207040000,-21.762717810000,"Rua Natalino José de Paula, 421"
412,PARQUE BURNIER.,10072359,08:12:00,14,0,0,6,2025-01-30T00:00:00.000Z,-43.326282500000,-21.763143540000,"Rua Adelaide Campos de Resende, 651"
412,PARQUE BURNIER.,10072328,08:12:00,13,0,0,6,2025-01-30T00:00:00.000Z,-43.326450350000,-21.763683320000,"Rua Adelaide Campos de Resende, 669"
412,PARQUE BURNIER.,10072377,08:12:00,12,0,1,6,2025-01-30T00:00:00.000Z,-43.327321890000,-21.764062650000,"Rua José Teodoro dos Santos, 25"
412,PARQUE BURNIER.,10072316,08:12:00,11,0,1,7,2025-01-30T00:00:00.000Z,-43.328204750000,-21.763332370000,"Rua José Teodoro dos Santos, 145"
412,PARQUE BURNIER.,10072313,08:12:00,10,0,1,8,2025-01-30T00:00:00.000Z,-43.328846690000,-21.762504770000,"Rua José Teodoro dos Santos, 275"
412,PARQUE BURNIER.,10072296,08:12:00,9,0,0,9,2025-01-30T00:00:00.000Z,-43.329374790000,-21.763440430000,"Rua Adelaide Campos de Resende, 975"
412,PARQUE BURNIER.,10072301,08:12:00,8,0,0,9,2025-01-30T00:00:00.000Z,-43.330138330000,-21.763252970000,"Rua Adelaide Campos de Resende, 1061"
412,PARQUE BURNIER.,10073561,08:12:00,7,0,0,9,2025-01-30T00:00:00.000Z,-43.331552510000,-21.763418910000,"Rua Olga Burnier, 480"
412,PARQUE BURNIER.,10073557,08:12:00,6,0,0,9,2025-01-30T00:00:00.000Z,-43.332479840000,-21.762640710000,"Rua Olga Burnier, 356"
412,PARQUE BURNIER.,10073560,08:12:00,5,0,0,9,2025-01-30T00:00:00.000Z,-43.333589670000,-21.761652280000,"Rua Olga Burnier, 230"
412,PARQUE BURNIER.,10073558,08:12:00,4,0,0,9,2025-01-30T00:00:00.000Z,-43.334645750000,-21.760669710000,"Rua Olga Burnier, 70"
412,PARQUE BURNIER.,10073552,08:12:00,3,0,1,9,2025-01-30T00:00:00.000Z,-43.335479020000,-21.760313550000,"Rua São Geraldo, 84"
412,PARQUE BURNIER.,10072305,08:12:00,2,1,1,10,2025-01-30T00:00:00.000Z,-43.337478970000,-21.760922950000,"Rua Djalma de Carvalho, 37"
412,PARQUE BURNIER.,10071108,08:12:00,1,10,0,10,2025-01-30T00:00:00.000Z,-43.349331860000,-21.758144610000,"Avenida Getúlio Vargas, 835"
412,PARQUE BURNIER.,10071108,08:38:00,17,0,6,12,2025-01-30T00:00:00.000Z,-43.349331860000,-21.758144610000,"Avenida Getúlio Vargas, 835"
412,PARQUE BURNIER.,10074194,08:38:00,16,4,5,18,2025-01-30T00:00:00.000Z,-43.342338620000,-21.760505960000,"Rua Ângelo Falci, 55"
412,PARQUE BURNIER.,10072302,08:38:00,15,0,1,19,2025-01-30T00:00:00.000Z,-43.338029500000,-21.760323850000,"Avenida Sete de Setembro, 623"
412,PARQUE BURNIER.,10072332,08:38:00,14,0,0,20,2025-01-30T00:00:00.000Z,-43.335533860000,-21.760131640000,"Rua São Geraldo, 89"
412,PARQUE BURNIER.,10072337,08:38:00,13,0,0,20,2025-01-30T00:00:00.000Z,-43.334540130000,-21.760522960000,"Rua Olga Burnier, 67"
412,PARQUE BURNIER.,10072335,08:38:00,12,0,0,20,2025-01-30T00:00:00.000Z,-43.333453420000,-21.761562350000,"Rua Olga Burnier, 233"
412,PARQUE BURNIER.,10072382,08:38:00,11,1,0,20,2025-01-30T00:00:00.000Z,-43.332369450000,-21.762522520000,"Rua Olga Burnier, 361"
412,PARQUE BURNIER.,10072380,08:38:00,10,2,0,19,2025-01-30T00:00:00.000Z,-43.331466790000,-21.763337580000,"Rua Olga Burnier, 485"
412,PARQUE BURNIER.,10073583,08:38:00,9,2,0,17,2025-01-30T00:00:00.000Z,-43.330207820000,-21.763072230000,"Rua Adelaide Campos de Resende, 1070"
412,PARQUE BURNIER.,10073584,08:38:00,8,2,0,15,2025-01-30T00:00:00.000Z,-43.329363350000,-21.763255450000,"Rua Adelaide Campos de Resende, 984"
412,PARQUE BURNIER.,10072386,08:38:00,7,0,0,13,2025-01-30T00:00:00.000Z,-43.328850270000,-21.762325320000,"Rua José Teodoro dos Santos, 292"
412,PARQUE BURNIER.,10072384,08:38:00,6,0,0,13,2025-01-30T00:00:00.000Z,-43.327999480000,-21.763301540000,"Rua José Teodoro dos Santos, 126"
412,PARQUE BURNIER.,10072309,08:38:00,5,3,0,13,2025-01-30T00:00:00.000Z,-43.327273730000,-21.763967940000,"Rua José Teodoro dos Santos, 28"
412,PARQUE BURNIER.,10073589,08:38:00,4,9,0,10,2025-01-30T00:00:00.000Z,-43.326568960000,-21.763629600000,"Rua Adelaide Campos de Resende, 706"
412,PARQUE BURNIER.,10072362,08:38:00,3,1,0,1,2025-01-30T00:00:00.000Z,-43.327527760000,-21.762798310000,"Rua Natalino José de Paula, 310"
412,PARQUE BURNIER.,10072363,08:38:00,2,0,0,0,2025-01-30T00:00:00.000Z,-43.327885630000,-21.762179390000,"Rua Natalino José de Paula, 288"
412,PARQUE BURNIER.,10072358,08:38:00,1,0,0,0,2025-01-30T00:00:00.000Z,-43.328687310000,-21.761675740000,"Rua Natalino José de Paula, 112 - Ponto Final do Parque Burnier"
412,PARQUE BURNIER.,10072358,08:59:00,18,4,1,4,2025-01-30T00:00:00.000Z,-43.328687310000,-21.761675740000,"Rua Natalino José de Paula, 112 - Ponto Final do Parque Burnier"
412,PARQUE BURNIER.,10072356,08:59:00,17,1,0,1,2025-01-30T00:00:00.000Z,-43.327793950000,-21.762107030000,"Rua Natalino José de Paula, 271"
412,PARQUE BURNIER.,10072375,08:59:00,16,0,1,0,2025-01-30T00:00:00.000Z,-43.327420830000,-21.762727850000,"Rua Natalino José de Paula, 319"
412,PARQUE BURNIER.,10071503,08:59:00,15,1,0,1,2025-01-30T00:00:00.000Z,-43.326207040000,-21.762717810000,"Rua Natalino José de Paula, 421"
412,PARQUE BURNIER.,10072359,08:59:00,14,0,0,0,2025-01-30T00:00:00.000Z,-43.326282500000,-21.763143540000,"Rua Adelaide Campos de Resende, 651"
412,PARQUE BURNIER.,10072328,08:59:00,13,0,6,0,2025-01-30T00:00:00.000Z,-43.326450350000,-21.763683320000,"Rua Adelaide Campos de Resende, 669"
412,PARQUE BURNIER.,10072377,08:59:00,12,0,1,6,2025-01-30T00:00:00.000Z,-43.327321890000,-21.764062650000,"Rua José Teodoro dos Santos, 25"
412,PARQUE BURNIER.,10072316,08:59:00,11,0,2,7,2025-01-30T00:00:00.000Z,-43.328204750000,-21.763332370000,"Rua José Teodoro dos Santos, 145"
412,PARQUE BURNIER.,10072313,08:59:00,10,0,1,9,2025-01-30T00:00:00.000Z,-43.328846690000,-21.762504770000,"Rua José Teodoro dos Santos, 275"
412,PARQUE BURNIER.,10072296,08:59:00,9,0,3,10,2025-01-30T00:00:00.000Z,-43.329374790000,-21.763440430000,"Rua Adelaide Campos de Resende, 975"
412,PARQUE BURNIER.,10072301,08:59:00,8,0,1,13,2025-01-30T00:00:00.000Z,-43.330138330000,-21.763252970000,"Rua Adelaide Campos de Resende, 1061"
412,PARQUE BURNIER.,10073561,08:59:00,7,0,0,14,2025-01-30T00:00:00.000Z,-43.331552510000,-21.763418910000,"Rua Olga Burnier, 480"
412,PARQUE BURNIER.,10073557,08:59:00,6,0,0,14,2025-01-30T00:00:00.000Z,-43.332479840000,-21.762640710000,"Rua Olga Burnier, 356"
412,PARQUE BURNIER.,10073560,08:59:00,5,0,1,14,2025-01-30T00:00:00.000Z,-43.333589670000,-21.761652280000,"Rua Olga Burnier, 230"
412,PARQUE BURNIER.,10073558,08:59:00,4,0,1,15,2025-01-30T00:00:00.000Z,-43.334645750000,-21.760669710000,"Rua Olga Burnier, 70"
412,PARQUE BURNIER.,10073552,08:59:00,3,0,0,16,2025-01-30T00:00:00.000Z,-43.335479020000,-21.760313550000,"Rua São Geraldo, 84"
412,PARQUE BURNIER.,10072305,08:59:00,2,1,0,16,2025-01-30T00:00:00.000Z,-43.337478970000,-21.760922950000,"Rua Djalma de Carvalho, 37"
412,PARQUE BURNIER.,10071108,08:59:00,1,15,0,15,2025-01-30T00:00:00.000Z,-43.349331860000,-21.758144610000,"Avenida Getúlio Vargas, 835"
412,PARQUE BURNIER.,10071108,09:25:00,17,0,3,21,2025-01-30T00:00:00.000Z,-43.349331860000,-21.758144610000,"Avenida Getúlio Vargas, 835"
412,PARQUE BURNIER.,10074194,09:25:00,16,8,5,24,2025-01-30T00:00:00.000Z,-43.342338620000,-21.760505960000,"Rua Ângelo Falci, 55"
412,PARQUE BURNIER.,10072302,09:25:00,15,2,0,21,2025-01-30T00:00:00.000Z,-43.338029500000,-21.760323850000,"Avenida Sete de Setembro, 623"
412,PARQUE BURNIER.,10072332,09:25:00,14,2,0,19,2025-01-30T00:00:00.000Z,-43.335533860000,-21.760131640000,"Rua São Geraldo, 89"
412,PARQUE BURNIER.,10072337,09:25:00,13,0,0,17,2025-01-30T00:00:00.000Z,-43.334540130000,-21.760522960000,"Rua Olga Burnier, 67"
412,PARQUE BURNIER.,10072335,09:25:00,12,1,0,17,2025-01-30T00:00:00.000Z,-43.333453420000,-21.761562350000,"Rua Olga Burnier, 233"
412,PARQUE BURNIER.,10072382,09:25:00,11,2,0,16,2025-01-30T00:00:00.000Z,-43.332369450000,-21.762522520000,"Rua Olga Burnier, 361"
412,PARQUE BURNIER.,10072380,09:25:00,10,3,0,14,2025-01-30T00:00:00.000Z,-43.331466790000,-21.763337580000,"Rua Olga Burnier, 485"
412,PARQUE BURNIER.,10073583,09:25:00,9,0,0,11,2025-01-30T00:00:00.000Z,-43.330207820000,-21.763072230000,"Rua Adelaide Campos de Resende, 1070"
412,PARQUE BURNIER.,10073584,09:25:00,8,2,0,11,2025-01-30T00:00:00.000Z,-43.329363350000,-21.763255450000,"Rua Adelaide Campos de Resende, 984"
412,PARQUE BURNIER.,10072386,09:25:00,7,2,0,9,2025-01-30T00:00:00.000Z,-43.328850270000,-21.762325320000,"Rua José Teodoro dos Santos, 292"
412,PARQUE BURNIER.,10072384,09:25:00,6,1,0,7,2025-01-30T00:00:00.000Z,-43.327999480000,-21.763301540000,"Rua José Teodoro dos Santos, 126"
412,PARQUE BURNIER.,10072309,09:25:00,5,1,1,6,2025-01-30T00:00:00.000Z,-43.327273730000,-21.763967940000,"Rua José Teodoro dos Santos, 28"
412,PARQUE BURNIER.,10073589,09:25:00,4,5,0,6,2025-01-30T00:00:00.000Z,-43.326568960000,-21.763629600000,"Rua Adelaide Campos de Resende, 706"
412,PARQUE BURNIER.,10072362,09:25:00,3,0,0,1,2025-01-30T00:00:00.000Z,-43.327527760000,-21.762798310000,"Rua Natalino José de Paula, 310"
412,PARQUE BURNIER.,10072363,09:25:00,2,1,0,1,2025-01-30T00:00:00.000Z,-43.327885630000,-21.762179390000,"Rua Natalino José de Paula, 288"
412,PARQUE BURNIER.,10072358,09:25:00,1,0,0,0,2025-01-30T00:00:00.000Z,-43.328687310000,-21.761675740000,"Rua Natalino José de Paula, 112 - Ponto Final do Parque Burnier"
412,PARQUE BURNIER.,10072358,09:45:00,18,4,0,4,2025-01-30T00:00:00.000Z,-43.328687310000,-21.761675740000,"Rua Natalino José de Paula, 112 - Ponto Final do Parque Burnier"
412,PARQUE BURNIER.,10072356,09:45:00,17,0,0,0,2025-01-30T00:00:00.000Z,-43.327793950000,-21.762107030000,"Rua Natalino José de Paula, 271"
412,PARQUE BURNIER.,10072375,09:45:00,16,0,0,0,2025-01-30T00:00:00.000Z,-43.327420830000,-21.762727850000,"Rua Natalino José de Paula, 319"
412,PARQUE BURNIER.,10071503,09:45:00,15,0,1,0,2025-01-30T00:00:00.000Z,-43.326207040000,-21.762717810000,"Rua Natalino José de Paula, 421"
412,PARQUE BURNIER.,10072359,09:45:00,14,1,0,1,2025-01-30T00:00:00.000Z,-43.326282500000,-21.763143540000,"Rua Adelaide Campos de Resende, 651"
412,PARQUE BURNIER.,10072328,09:45:00,13,0,1,0,2025-01-30T00:00:00.000Z,-43.326450350000,-21.763683320000,"Rua Adelaide Campos de Resende, 669"
412,PARQUE BURNIER.,10072377,09:45:00,12,0,0,1,2025-01-30T00:00:00.000Z,-43.327321890000,-21.764062650000,"Rua José Teodoro dos Santos, 25"
412,PARQUE BURNIER.,10072316,09:45:00,11,0,0,1,2025-01-30T00:00:00.000Z,-43.328204750000,-21.763332370000,"Rua José Teodoro dos Santos, 145"
412,PARQUE BURNIER.,10072313,09:45:00,10,0,0,1,2025-01-30T00:00:00.000Z,-43.328846690000,-21.762504770000,"Rua José Teodoro dos Santos, 275"
412,PARQUE BURNIER.,10072296,09:45:00,9,0,0,1,2025-01-30T00:00:00.000Z,-43.329374790000,-21.763440430000,"Rua Adelaide Campos de Resende, 975"
412,PARQUE BURNIER.,10072301,09:45:00,8,0,0,1,2025-01-30T00:00:00.000Z,-43.330138330000,-21.763252970000,"Rua Adelaide Campos de Resende, 1061"
412,PARQUE BURNIER.,10073561,09:45:00,7,0,0,1,2025-01-30T00:00:00.000Z,-43.331552510000,-21.763418910000,"Rua Olga Burnier, 480"
412,PARQUE BURNIER.,10073557,09:45:00,6,0,0,1,2025-01-30T00:00:00.000Z,-43.332479840000,-21.762640710000,"Rua Olga Burnier, 356"
412,PARQUE BURNIER.,10073560,09:45:00,5,0,0,1,2025-01-30T00:00:00.000Z,-43.333589670000,-21.761652280000,"Rua Olga Burnier, 230"
412,PARQUE BURNIER.,10073558,09:45:00,4,0,0,1,2025-01-30T00:00:00.000Z,-43.334645750000,-21.760669710000,"Rua Olga Burnier, 70"
412,PARQUE BURNIER.,10073552,09:45:00,3,0,0,1,2025-01-30T00:00:00.000Z,-43.335479020000,-21.760313550000,"Rua São Geraldo, 84"
412,PARQUE BURNIER.,10072305,09:45:00,2,0,0,1,2025-01-30T00:00:00.000Z,-43.337478970000,-21.760922950000,"Rua Djalma de Carvalho, 37"
412,PARQUE BURNIER.,10071108,09:45:00,1,1,0,1,2025-01-30T00:00:00.000Z,-43.349331860000,-21.758144610000,"Avenida Getúlio Vargas, 835"
412,PARQUE BURNIER.,10071108,10:20:00,17,0,12,1,2025-01-30T00:00:00.000Z,-43.349331860000,-21.758144610000,"Avenida Getúlio Vargas, 835"
412,PARQUE BURNIER.,10074194,10:20:00,16,10,4,13,2025-01-30T00:00:00.000Z,-43.342338620000,-21.760505960000,"Rua Ângelo Falci, 55"
412,PARQUE BURNIER.,10072302,10:20:00,15,1,1,7,2025-01-30T00:00:00.000Z,-43.338029500000,-21.760323850000,"Avenida Sete de Setembro, 623"
412,PARQUE BURNIER.,10072332,10:20:00,14,0,0,7,2025-01-30T00:00:00.000Z,-43.335533860000,-21.760131640000,"Rua São Geraldo, 89"
412,PARQUE BURNIER.,10072337,10:20:00,13,0,0,7,2025-01-30T00:00:00.000Z,-43.334540130000,-21.760522960000,"Rua Olga Burnier, 67"
412,PARQUE BURNIER.,10072335,10:20:00,12,0,0,7,2025-01-30T00:00:00.000Z,-43.333453420000,-21.761562350000,"Rua Olga Burnier, 233"
412,PARQUE BURNIER.,10072382,10:20:00,11,0,0,7,2025-01-30T00:00:00.000Z,-43.332369450000,-21.762522520000,"Rua Olga Burnier, 361"
412,PARQUE BURNIER.,10072380,10:20:00,10,0,1,7,2025-01-30T00:00:00.000Z,-43.331466790000,-21.763337580000,"Rua Olga Burnier, 485"
412,PARQUE BURNIER.,10073583,10:20:00,9,0,0,8,2025-01-30T00:00:00.000Z,-43.330207820000,-21.763072230000,"Rua Adelaide Campos de Resende, 1070"
412,PARQUE BURNIER.,10073584,10:20:00,8,1,0,8,2025-01-30T00:00:00.000Z,-43.329363350000,-21.763255450000,"Rua Adelaide Campos de Resende, 984"
412,PARQUE BURNIER.,10072386,10:20:00,7,3,3,7,2025-01-30T00:00:00.000Z,-43.328850270000,-21.762325320000,"Rua José Teodoro dos Santos, 292"
412,PARQUE BURNIER.,10072384,10:20:00,6,1,0,7,2025-01-30T00:00:00.000Z,-43.327999480000,-21.763301540000,"Rua José Teodoro dos Santos, 126"
412,PARQUE BURNIER.,10072309,10:20:00,5,1,0,6,2025-01-30T00:00:00.000Z,-43.327273730000,-21.763967940000,"Rua José Teodoro dos Santos, 28"
412,PARQUE BURNIER.,10073589,10:20:00,4,2,0,5,2025-01-30T00:00:00.000Z,-43.326568960000,-21.763629600000,"Rua Adelaide Campos de Resende, 706"
412,PARQUE BURNIER.,10072362,10:20:00,3,2,0,3,2025-01-30T00:00:00.000Z,-43.327527760000,-21.762798310000,"Rua Natalino José de Paula, 310"
412,PARQUE BURNIER.,10072363,10:20:00,2,1,0,1,2025-01-30T00:00:00.000Z,-43.327885630000,-21.762179390000,"Rua Natalino José de Paula, 288"
412,PARQUE BURNIER.,10072358,10:20:00,1,0,0,0,2025-01-30T00:00:00.000Z,-43.328687310000,-21.761675740000,"Rua Natalino José de Paula, 112 - Ponto Final do Parque Burnier"
412,PARQUE BURNIER.,10072358,10:40:00,18,3,0,3,2025-01-30T00:00:00.000Z,-43.328687310000,-21.761675740000,"Rua Natalino José de Paula, 112 - Ponto Final do Parque Burnier"
412,PARQUE BURNIER.,10072356,10:40:00,17,0,0,0,2025-01-30T00:00:00.000Z,-43.327793950000,-21.762107030000,"Rua Natalino José de Paula, 271"
412,PARQUE BURNIER.,10072375,10:40:00,16,0,0,0,2025-01-30T00:00:00.000Z,-43.327420830000,-21.762727850000,"Rua Natalino José de Paula, 319"
412,PARQUE BURNIER.,10071503,10:40:00,15,0,0,0,2025-01-30T00:00:00.000Z,-43.326207040000,-21.762717810000,"Rua Natalino José de Paula, 421"
412,PARQUE BURNIER.,10072359,10:40:00,14,0,0,0,2025-01-30T00:00:00.000Z,-43.326282500000,-21.763143540000,"Rua Adelaide Campos de Resende, 651"
412,PARQUE BURNIER.,10072328,10:40:00,13,0,0,0,2025-01-30T00:00:00.000Z,-43.326450350000,-21.763683320000,"Rua Adelaide Campos de Resende, 669"
412,PARQUE BURNIER.,10072377,10:40:00,12,0,1,0,2025-01-30T00:00:00.000Z,-43.327321890000,-21.764062650000,"Rua José Teodoro dos Santos, 25"
412,PARQUE BURNIER.,10072316,10:40:00,11,0,0,1,2025-01-30T00:00:00.000Z,-43.328204750000,-21.763332370000,"Rua José Teodoro dos Santos, 145"
412,PARQUE BURNIER.,10072313,10:40:00,10,0,1,1,2025-01-30T00:00:00.000Z,-43.328846690000,-21.762504770000,"Rua José Teodoro dos Santos, 275"
412,PARQUE BURNIER.,10072296,10:40:00,9,0,2,2,2025-01-30T00:00:00.000Z,-43.329374790000,-21.763440430000,"Rua Adelaide Campos de Resende, 975"
412,PARQUE BURNIER.,10072301,10:40:00,8,0,0,4,2025-01-30T00:00:00.000Z,-43.330138330000,-21.763252970000,"Rua Adelaide Campos de Resende, 1061"
412,PARQUE BURNIER.,10073561,10:40:00,7,0,1,4,2025-01-30T00:00:00.000Z,-43.331552510000,-21.763418910000,"Rua Olga Burnier, 480"
412,PARQUE BURNIER.,10073557,10:40:00,6,0,0,5,2025-01-30T00:00:00.000Z,-43.332479840000,-21.762640710000,"Rua Olga Burnier, 356"
412,PARQUE BURNIER.,10073560,10:40:00,5,0,0,5,2025-01-30T00:00:00.000Z,-43.333589670000,-21.761652280000,"Rua Olga Burnier, 230"
412,PARQUE BURNIER.,10073558,10:40:00,4,1,0,5,2025-01-30T00:00:00.000Z,-43.334645750000,-21.760669710000,"Rua Olga Burnier, 70"
412,PARQUE BURNIER.,10073552,10:40:00,3,0,0,4,2025-01-30T00:00:00.000Z,-43.335479020000,-21.760313550000,"Rua São Geraldo, 84"
412,PARQUE BURNIER.,10072305,10:40:00,2,0,1,4,2025-01-30T00:00:00.000Z,-43.337478970000,-21.760922950000,"Rua Djalma de Carvalho, 37"
412,PARQUE BURNIER.,10071108,10:40:00,1,5,0,5,2025-01-30T00:00:00.000Z,-43.349331860000,-21.758144610000,"Avenida Getúlio Vargas, 835"
412,PARQUE BURNIER.,10071108,11:15:00,17,0,18,1,2025-01-30T00:00:00.000Z,-43.349331860000,-21.758144610000,"Avenida Getúlio Vargas, 835"
412,PARQUE BURNIER.,10074194,11:15:00,16,10,4,19,2025-01-30T00:00:00.000Z,-43.342338620000,-21.760505960000,"Rua Ângelo Falci, 55"
412,PARQUE BURNIER.,10072302,11:15:00,15,2,1,13,2025-01-30T00:00:00.000Z,-43.338029500000,-21.760323850000,"Avenida Sete de Setembro, 623"
412,PARQUE BURNIER.,10072332,11:15:00,14,0,0,12,2025-01-30T00:00:00.000Z,-43.335533860000,-21.760131640000,"Rua São Geraldo, 89"
412,PARQUE BURNIER.,10072337,11:15:00,13,1,0,12,2025-01-30T00:00:00.000Z,-43.334540130000,-21.760522960000,"Rua Olga Burnier, 67"
412,PARQUE BURNIER.,10072335,11:15:00,12,0,0,11,2025-01-30T00:00:00.000Z,-43.333453420000,-21.761562350000,"Rua Olga Burnier, 233"
412,PARQUE BURNIER.,10072382,11:15:00,11,0,0,11,2025-01-30T00:00:00.000Z,-43.332369450000,-21.762522520000,"Rua Olga Burnier, 361"
412,PARQUE BURNIER.,10072380,11:15:00,10,1,0,11,2025-01-30T00:00:00.000Z,-43.331466790000,-21.763337580000,"Rua Olga Burnier, 485"
412,PARQUE BURNIER.,10073583,11:15:00,9,0,0,10,2025-01-30T00:00:00.000Z,-43.330207820000,-21.763072230000,"Rua Adelaide Campos de Resende, 1070"
412,PARQUE BURNIER.,10073584,11:15:00,8,2,1,10,2025-01-30T00:00:00.000Z,-43.329363350000,-21.763255450000,"Rua Adelaide Campos de Resende, 984"
412,PARQUE BURNIER.,10072386,11:15:00,7,4,0,9,2025-01-30T00:00:00.000Z,-43.328850270000,-21.762325320000,"Rua José Teodoro dos Santos, 292"
412,PARQUE BURNIER.,10072384,11:15:00,6,0,0,5,2025-01-30T00:00:00.000Z,-43.327999480000,-21.763301540000,"Rua José Teodoro dos Santos, 126"
412,PARQUE BURNIER.,10072309,11:15:00,5,1,1,5,2025-01-30T00:00:00.000Z,-43.327273730000,-21.763967940000,"Rua José Teodoro dos Santos, 28"
412,PARQUE BURNIER.,10073589,11:15:00,4,4,0,5,2025-01-30T00:00:00.000Z,-43.326568960000,-21.763629600000,"Rua Adelaide Campos de Resende, 706"
412,PARQUE BURNIER.,10072362,11:15:00,3,1,0,1,2025-01-30T00:00:00.000Z,-43.327527760000,-21.762798310000,"Rua Natalino José de Paula, 310"
412,PARQUE BURNIER.,10072363,11:15:00,2,0,0,0,2025-01-30T00:00:00.000Z,-43.327885630000,-21.762179390000,"Rua Natalino José de Paula, 288"
412,PARQUE BURNIER.,10072358,11:15:00,1,0,0,0,2025-01-30T00:00:00.000Z,-43.328687310000,-21.761675740000,"Rua Natalino José de Paula, 112 - Ponto Final do Parque Burnier"
412,PARQUE BURNIER.,10072358,11:35:00,18,5,0,14,2025-01-30T00:00:00.000Z,-43.328687310000,-21.761675740000,"Rua Natalino José de Paula, 112 - Ponto Final do Parque Burnier"
412,PARQUE BURNIER.,10072356,11:35:00,17,0,0,9,2025-01-30T00:00:00.000Z,-43.327793950000,-21.762107030000,"Rua Natalino José de Paula, 271"
412,PARQUE BURNIER.,10072375,11:35:00,16,0,0,9,2025-01-30T00:00:00.000Z,-43.327420830000,-21.762727850000,"Rua Natalino José de Paula, 319"
412,PARQUE BURNIER.,10071503,11:35:00,15,0,0,9,2025-01-30T00:00:00.000Z,-43.326207040000,-21.762717810000,"Rua Natalino José de Paula, 421"
412,PARQUE BURNIER.,10072359,11:35:00,14,0,0,9,2025-01-30T00:00:00.000Z,-43.326282500000,-21.763143540000,"Rua Adelaide Campos de Resende, 651"
412,PARQUE BURNIER.,10072328,11:35:00,13,0,0,9,2025-01-30T00:00:00.000Z,-43.326450350000,-21.763683320000,"Rua Adelaide Campos de Resende, 669"
412,PARQUE BURNIER.,10072377,11:35:00,12,0,1,9,2025-01-30T00:00:00.000Z,-43.327321890000,-21.764062650000,"Rua José Teodoro dos Santos, 25"
412,PARQUE BURNIER.,10072316,11:35:00,11,0,1,10,2025-01-30T00:00:00.000Z,-43.328204750000,-21.763332370000,"Rua José Teodoro dos Santos, 145"
412,PARQUE BURNIER.,10072313,11:35:00,10,0,1,11,2025-01-30T00:00:00.000Z,-43.328846690000,-21.762504770000,"Rua José Teodoro dos Santos, 275"
412,PARQUE BURNIER.,10072296,11:35:00,9,0,0,12,2025-01-30T00:00:00.000Z,-43.329374790000,-21.763440430000,"Rua Adelaide Campos de Resende, 975"
412,PARQUE BURNIER.,10072301,11:35:00,8,0,0,12,2025-01-30T00:00:00.000Z,-43.330138330000,-21.763252970000,"Rua Adelaide Campos de Resende, 1061"
412,PARQUE BURNIER.,10073561,11:35:00,7,0,0,12,2025-01-30T00:00:00.000Z,-43.331552510000,-21.763418910000,"Rua Olga Burnier, 480"
412,PARQUE BURNIER.,10073557,11:35:00,6,0,0,12,2025-01-30T00:00:00.000Z,-43.332479840000,-21.762640710000,"Rua Olga Burnier, 356"
412,PARQUE BURNIER.,10073560,11:35:00,5,0,0,12,2025-01-30T00:00:00.000Z,-43.333589670000,-21.761652280000,"Rua Olga Burnier, 230"
412,PARQUE BURNIER.,10073558,11:35:00,4,0,0,12,2025-01-30T00:00:00.000Z,-43.334645750000,-21.760669710000,"Rua Olga Burnier, 70"
412,PARQUE BURNIER.,10073552,11:35:00,3,0,0,12,2025-01-30T00:00:00.000Z,-43.335479020000,-21.760313550000,"Rua São Geraldo, 84"
412,PARQUE BURNIER.,10072305,11:35:00,2,0,1,12,2025-01-30T00:00:00.000Z,-43.337478970000,-21.760922950000,"Rua Djalma de Carvalho, 37"
412,PARQUE BURNIER.,10071108,11:35:00,1,13,0,13,2025-01-30T00:00:00.000Z,-43.349331860000,-21.758144610000,"Avenida Getúlio Vargas, 835"
412,PARQUE BURNIER.,10071108,12:10:00,17,0,16,5,2025-01-30T00:00:00.000Z,-43.349331860000,-21.758144610000,"Avenida Getúlio Vargas, 835"
412,PARQUE BURNIER.,10074194,12:10:00,16,11,3,21,2025-01-30T00:00:00.000Z,-43.342338620000,-21.760505960000,"Rua Ângelo Falci, 55"
412,PARQUE BURNIER.,10072302,12:10:00,15,0,0,13,2025-01-30T00:00:00.000Z,-43.338029500000,-21.760323850000,"Avenida Sete de Setembro, 623"
412,PARQUE BURNIER.,10072332,12:10:00,14,1,0,13,2025-01-30T00:00:00.000Z,-43.335533860000,-21.760131640000,"Rua São Geraldo, 89"
412,PARQUE BURNIER.,10072337,12:10:00,13,0,0,12,2025-01-30T00:00:00.000Z,-43.334540130000,-21.760522960000,"Rua Olga Burnier, 67"
412,PARQUE BURNIER.,10072335,12:10:00,12,1,0,12,2025-01-30T00:00:00.000Z,-43.333453420000,-21.761562350000,"Rua Olga Burnier, 233"
412,PARQUE BURNIER.,10072382,12:10:00,11,0,0,11,2025-01-30T00:00:00.000Z,-43.332369450000,-21.762522520000,"Rua Olga Burnier, 361"
412,PARQUE BURNIER.,10072380,12:10:00,10,0,0,11,2025-01-30T00:00:00.000Z,-43.331466790000,-21.763337580000,"Rua Olga Burnier, 485"
412,PARQUE BURNIER.,10073583,12:10:00,9,0,0,11,2025-01-30T00:00:00.000Z,-43.330207820000,-21.763072230000,"Rua Adelaide Campos de Resende, 1070"
412,PARQUE BURNIER.,10073584,12:10:00,8,6,1,11,2025-01-30T00:00:00.000Z,-43.329363350000,-21.763255450000,"Rua Adelaide Campos de Resende, 984"
412,PARQUE BURNIER.,10072386,12:10:00,7,1,0,6,2025-01-30T00:00:00.000Z,-43.328850270000,-21.762325320000,"Rua José Teodoro dos Santos, 292"
412,PARQUE BURNIER.,10072384,12:10:00,6,0,0,5,2025-01-30T00:00:00.000Z,-43.327999480000,-21.763301540000,"Rua José Teodoro dos Santos, 126"
412,PARQUE BURNIER.,10072309,12:10:00,5,0,2,5,2025-01-30T00:00:00.000Z,-43.327273730000,-21.763967940000,"Rua José Teodoro dos Santos, 28"
412,PARQUE BURNIER.,10073589,12:10:00,4,0,0,7,2025-01-30T00:00:00.000Z,-43.326568960000,-21.763629600000,"Rua Adelaide Campos de Resende, 706"
412,PARQUE BURNIER.,10072362,12:10:00,3,3,0,7,2025-01-30T00:00:00.000Z,-43.327527760000,-21.762798310000,"Rua Natalino José de Paula, 310"
412,PARQUE BURNIER.,10072363,12:10:00,2,4,0,4,2025-01-30T00:00:00.000Z,-43.327885630000,-21.762179390000,"Rua Natalino José de Paula, 288"
412,PARQUE BURNIER.,10072358,12:10:00,1,0,0,0,2025-01-30T00:00:00.000Z,-43.328687310000,-21.761675740000,"Rua Natalino José de Paula, 112 - Ponto Final do Parque Burnier"
412,PARQUE BURNIER.,10072358,12:30:00,18,3,0,5,2025-01-30T00:00:00.000Z,-43.328687310000,-21.761675740000,"Rua Natalino José de Paula, 112 - Ponto Final do Parque Burnier"
412,PARQUE BURNIER.,10072356,12:30:00,17,2,0,2,2025-01-30T00:00:00.000Z,-43.327793950000,-21.762107030000,"Rua Natalino José de Paula, 271"
412,PARQUE BURNIER.,10072375,12:30:00,16,0,0,0,2025-01-30T00:00:00.000Z,-43.327420830000,-21.762727850000,"Rua Natalino José de Paula, 319"
412,PARQUE BURNIER.,10071503,12:30:00,15,0,0,0,2025-01-30T00:00:00.000Z,-43.326207040000,-21.762717810000,"Rua Natalino José de Paula, 421"
412,PARQUE BURNIER.,10072359,12:30:00,14,0,0,0,2025-01-30T00:00:00.000Z,-43.326282500000,-21.763143540000,"Rua Adelaide Campos de Resende, 651"
412,PARQUE BURNIER.,10072328,12:30:00,13,0,12,0,2025-01-30T00:00:00.000Z,-43.326450350000,-21.763683320000,"Rua Adelaide Campos de Resende, 669"
412,PARQUE BURNIER.,10072377,12:30:00,12,1,2,12,2025-01-30T00:00:00.000Z,-43.327321890000,-21.764062650000,"Rua José Teodoro dos Santos, 25"
412,PARQUE BURNIER.,10072316,12:30:00,11,0,1,13,2025-01-30T00:00:00.000Z,-43.328204750000,-21.763332370000,"Rua José Teodoro dos Santos, 145"
412,PARQUE BURNIER.,10072313,12:30:00,10,0,5,14,2025-01-30T00:00:00.000Z,-43.328846690000,-21.762504770000,"Rua José Teodoro dos Santos, 275"
412,PARQUE BURNIER.,10072296,12:30:00,9,1,2,19,2025-01-30T00:00:00.000Z,-43.329374790000,-21.763440430000,"Rua Adelaide Campos de Resende, 975"
412,PARQUE BURNIER.,10072301,12:30:00,8,0,0,20,2025-01-30T00:00:00.000Z,-43.330138330000,-21.763252970000,"Rua Adelaide Campos de Resende, 1061"
412,PARQUE BURNIER.,10073561,12:30:00,7,0,0,20,2025-01-30T00:00:00.000Z,-43.331552510000,-21.763418910000,"Rua Olga Burnier, 480"
412,PARQUE BURNIER.,10073557,12:30:00,6,0,0,20,2025-01-30T00:00:00.000Z,-43.332479840000,-21.762640710000,"Rua Olga Burnier, 356"
412,PARQUE BURNIER.,10073560,12:30:00,5,0,1,20,2025-01-30T00:00:00.000Z,-43.333589670000,-21.761652280000,"Rua Olga Burnier, 230"
412,PARQUE BURNIER.,10073558,12:30:00,4,1,0,21,2025-01-30T00:00:00.000Z,-43.334645750000,-21.760669710000,"Rua Olga Burnier, 70"
412,PARQUE BURNIER.,10073552,12:30:00,3,0,0,20,2025-01-30T00:00:00.000Z,-43.335479020000,-21.760313550000,"Rua São Geraldo, 84"
412,PARQUE BURNIER.,10072305,12:30:00,2,0,0,20,2025-01-30T00:00:00.000Z,-43.337478970000,-21.760922950000,"Rua Djalma de Carvalho, 37"
412,PARQUE BURNIER.,10071108,12:30:00,1,20,0,20,2025-01-30T00:00:00.000Z,-43.349331860000,-21.758144610000,"Avenida Getúlio Vargas, 835"
412,PARQUE BURNIER.,10071108,13:05:00,17,0,4,16,2025-01-30T00:00:00.000Z,-43.349331860000,-21.758144610000,"Avenida Getúlio Vargas, 835"
412,PARQUE BURNIER.,10074194,13:05:00,16,7,3,20,2025-01-30T00:00:00.000Z,-43.342338620000,-21.760505960000,"Rua Ângelo Falci, 55"
412,PARQUE BURNIER.,10072302,13:05:00,15,0,1,16,2025-01-30T00:00:00.000Z,-43.338029500000,-21.760323850000,"Avenida Sete de Setembro, 623"
412,PARQUE BURNIER.,10072332,13:05:00,14,0,0,17,2025-01-30T00:00:00.000Z,-43.335533860000,-21.760131640000,"Rua São Geraldo, 89"
412,PARQUE BURNIER.,10072337,13:05:00,13,1,0,17,2025-01-30T00:00:00.000Z,-43.334540130000,-21.760522960000,"Rua Olga Burnier, 67"
412,PARQUE BURNIER.,10072335,13:05:00,12,0,0,16,2025-01-30T00:00:00.000Z,-43.333453420000,-21.761562350000,"Rua Olga Burnier, 233"
412,PARQUE BURNIER.,10072382,13:05:00,11,3,0,16,2025-01-30T00:00:00.000Z,-43.332369450000,-21.762522520000,"Rua Olga Burnier, 361"
412,PARQUE BURNIER.,10072380,13:05:00,10,0,0,13,2025-01-30T00:00:00.000Z,-43.331466790000,-21.763337580000,"Rua Olga Burnier, 485"
412,PARQUE BURNIER.,10073583,13:05:00,9,0,0,13,2025-01-30T00:00:00.000Z,-43.330207820000,-21.763072230000,"Rua Adelaide Campos de Resende, 1070"
412,PARQUE BURNIER.,10073584,13:05:00,8,0,0,13,2025-01-30T00:00:00.000Z,-43.329363350000,-21.763255450000,"Rua Adelaide Campos de Resende, 984"
412,PARQUE BURNIER.,10072386,13:05:00,7,3,0,13,2025-01-30T00:00:00.000Z,-43.328850270000,-21.762325320000,"Rua José Teodoro dos Santos, 292"
412,PARQUE BURNIER.,10072384,13:05:00,6,0,0,10,2025-01-30T00:00:00.000Z,-43.327999480000,-21.763301540000,"Rua José Teodoro dos Santos, 126"
412,PARQUE BURNIER.,10072309,13:05:00,5,1,0,10,2025-01-30T00:00:00.000Z,-43.327273730000,-21.763967940000,"Rua José Teodoro dos Santos, 28"
412,PARQUE BURNIER.,10073589,13:05:00,4,5,0,9,2025-01-30T00:00:00.000Z,-43.326568960000,-21.763629600000,"Rua Adelaide Campos de Resende, 706"
412,PARQUE BURNIER.,10072362,13:05:00,3,2,0,4,2025-01-30T00:00:00.000Z,-43.327527760000,-21.762798310000,"Rua Natalino José de Paula, 310"
412,PARQUE BURNIER.,10072363,13:05:00,2,2,0,2,2025-01-30T00:00:00.000Z,-43.327885630000,-21.762179390000,"Rua Natalino José de Paula, 288"
412,PARQUE BURNIER.,10072358,13:05:00,1,0,0,0,2025-01-30T00:00:00.000Z,-43.328687310000,-21.761675740000,"Rua Natalino José de Paula, 112 - Ponto Final do Parque Burnier"
412,PARQUE BURNIER.,10072358,13:25:00,18,1,0,14,2025-01-30T00:00:00.000Z,-43.328687310000,-21.761675740000,"Rua Natalino José de Paula, 112 - Ponto Final do Parque Burnier"
412,PARQUE BURNIER.,10072356,13:25:00,17,0,0,13,2025-01-30T00:00:00.000Z,-43.327793950000,-21.762107030000,"Rua Natalino José de Paula, 271"
412,PARQUE BURNIER.,10072375,13:25:00,16,0,0,13,2025-01-30T00:00:00.000Z,-43.327420830000,-21.762727850000,"Rua Natalino José de Paula, 319"
412,PARQUE BURNIER.,10071503,13:25:00,15,0,2,13,2025-01-30T00:00:00.000Z,-43.326207040000,-21.762717810000,"Rua Natalino José de Paula, 421"
412,PARQUE BURNIER.,10072359,13:25:00,14,0,0,15,2025-01-30T00:00:00.000Z,-43.326282500000,-21.763143540000,"Rua Adelaide Campos de Resende, 651"
412,PARQUE BURNIER.,10072328,13:25:00,13,0,0,15,2025-01-30T00:00:00.000Z,-43.326450350000,-21.763683320000,"Rua Adelaide Campos de Resende, 669"
412,PARQUE BURNIER.,10072377,13:25:00,12,0,1,15,2025-01-30T00:00:00.000Z,-43.327321890000,-21.764062650000,"Rua José Teodoro dos Santos, 25"
412,PARQUE BURNIER.,10072316,13:25:00,11,0,1,16,2025-01-30T00:00:00.000Z,-43.328204750000,-21.763332370000,"Rua José Teodoro dos Santos, 145"
412,PARQUE BURNIER.,10072313,13:25:00,10,0,1,17,2025-01-30T00:00:00.000Z,-43.328846690000,-21.762504770000,"Rua José Teodoro dos Santos, 275"
412,PARQUE BURNIER.,10072296,13:25:00,9,0,0,18,2025-01-30T00:00:00.000Z,-43.329374790000,-21.763440430000,"Rua Adelaide Campos de Resende, 975"
412,PARQUE BURNIER.,10072301,13:25:00,8,0,0,18,2025-01-30T00:00:00.000Z,-43.330138330000,-21.763252970000,"Rua Adelaide Campos de Resende, 1061"
412,PARQUE BURNIER.,10073561,13:25:00,7,0,0,18,2025-01-30T00:00:00.000Z,-43.331552510000,-21.763418910000,"Rua Olga Burnier, 480"
412,PARQUE BURNIER.,10073557,13:25:00,6,0,0,18,2025-01-30T00:00:00.000Z,-43.332479840000,-21.762640710000,"Rua Olga Burnier, 356"
412,PARQUE BURNIER.,10073560,13:25:00,5,0,0,18,2025-01-30T00:00:00.000Z,-43.333589670000,-21.761652280000,"Rua Olga Burnier, 230"
412,PARQUE BURNIER.,10073558,13:25:00,4,0,0,18,2025-01-30T00:00:00.000Z,-43.334645750000,-21.760669710000,"Rua Olga Burnier, 70"
412,PARQUE BURNIER.,10073552,13:25:00,3,0,0,18,2025-01-30T00:00:00.000Z,-43.335479020000,-21.760313550000,"Rua São Geraldo, 84"
412,PARQUE BURNIER.,10072305,13:25:00,2,2,1,18,2025-01-30T00:00:00.000Z,-43.337478970000,-21.760922950000,"Rua Djalma de Carvalho, 37"
412,PARQUE BURNIER.,10071108,13:25:00,1,17,0,17,2025-01-30T00:00:00.000Z,-43.349331860000,-21.758144610000,"Avenida Getúlio Vargas, 835"
412,PARQUE BURNIER.,10072301,14:20:00,8,0,1,8,2025-01-30T00:00:00.000Z,-43.330138330000,-21.763252970000,"Rua Adelaide Campos de Resende, 1061"
412,PARQUE BURNIER.,10073561,14:20:00,7,0,0,9,2025-01-30T00:00:00.000Z,-43.331552510000,-21.763418910000,"Rua Olga Burnier, 480"
412,PARQUE BURNIER.,10073557,14:20:00,6,0,1,9,2025-01-30T00:00:00.000Z,-43.332479840000,-21.762640710000,"Rua Olga Burnier, 356"
412,PARQUE BURNIER.,10073560,14:20:00,5,0,0,10,2025-01-30T00:00:00.000Z,-43.333589670000,-21.761652280000,"Rua Olga Burnier, 230"
412,PARQUE BURNIER.,10073558,14:20:00,4,1,0,10,2025-01-30T00:00:00.000Z,-43.334645750000,-21.760669710000,"Rua Olga Burnier, 70"
412,PARQUE BURNIER.,10073552,14:20:00,3,0,1,9,2025-01-30T00:00:00.000Z,-43.335479020000,-21.760313550000,"Rua São Geraldo, 84"
412,PARQUE BURNIER.,10072305,14:20:00,2,1,0,10,2025-01-30T00:00:00.000Z,-43.337478970000,-21.760922950000,"Rua Djalma de Carvalho, 37"
412,PARQUE BURNIER.,10071108,14:20:00,1,9,0,9,2025-01-30T00:00:00.000Z,-43.349331860000,-21.758144610000,"Avenida Getúlio Vargas, 835"
412,PARQUE BURNIER.,10072358,14:20:00,18,1,0,7,2025-01-30T00:00:00.000Z,-43.328687310000,-21.761675740000,"Rua Natalino José de Paula, 112 - Ponto Final do Parque Burnier"
412,PARQUE BURNIER.,10072356,14:20:00,17,0,1,6,2025-01-30T00:00:00.000Z,-43.327793950000,-21.762107030000,"Rua Natalino José de Paula, 271"
412,PARQUE BURNIER.,10072375,14:20:00,16,0,0,7,2025-01-30T00:00:00.000Z,-43.327420830000,-21.762727850000,"Rua Natalino José de Paula, 319"
412,PARQUE BURNIER.,10071503,14:20:00,15,0,0,7,2025-01-30T00:00:00.000Z,-43.326207040000,-21.762717810000,"Rua Natalino José de Paula, 421"
412,PARQUE BURNIER.,10072359,14:20:00,14,0,0,7,2025-01-30T00:00:00.000Z,-43.326282500000,-21.763143540000,"Rua Adelaide Campos de Resende, 651"
412,PARQUE BURNIER.,10072328,14:20:00,13,0,0,7,2025-01-30T00:00:00.000Z,-43.326450350000,-21.763683320000,"Rua Adelaide Campos de Resende, 669"
412,PARQUE BURNIER.,10072377,14:20:00,12,0,0,7,2025-01-30T00:00:00.000Z,-43.327321890000,-21.764062650000,"Rua José Teodoro dos Santos, 25"
412,PARQUE BURNIER.,10072316,14:20:00,11,0,0,7,2025-01-30T00:00:00.000Z,-43.328204750000,-21.763332370000,"Rua José Teodoro dos Santos, 145"
412,PARQUE BURNIER.,10072313,14:20:00,10,0,1,7,2025-01-30T00:00:00.000Z,-43.328846690000,-21.762504770000,"Rua José Teodoro dos Santos, 275"
412,PARQUE BURNIER.,10072296,14:20:00,9,0,0,8,2025-01-30T00:00:00.000Z,-43.329374790000,-21.763440430000,"Rua Adelaide Campos de Resende, 975"
412,PARQUE BURNIER.,10071108,14:55:00,17,0,11,0,2025-01-30T00:00:00.000Z,-43.349331860000,-21.758144610000,"Avenida Getúlio Vargas, 835"
412,PARQUE BURNIER.,10074194,14:55:00,16,11,1,11,2025-01-30T00:00:00.000Z,-43.342338620000,-21.760505960000,"Rua Ângelo Falci, 55"
412,PARQUE BURNIER.,10072302,14:55:00,15,0,0,1,2025-01-30T00:00:00.000Z,-43.338029500000,-21.760323850000,"Avenida Sete de Setembro, 623"
412,PARQUE BURNIER.,10072332,14:55:00,14,0,0,1,2025-01-30T00:00:00.000Z,-43.335533860000,-21.760131640000,"Rua São Geraldo, 89"
412,PARQUE BURNIER.,10072337,14:55:00,13,0,0,1,2025-01-30T00:00:00.000Z,-43.334540130000,-21.760522960000,"Rua Olga Burnier, 67"
412,PARQUE BURNIER.,10072335,14:55:00,12,0,0,1,2025-01-30T00:00:00.000Z,-43.333453420000,-21.761562350000,"Rua Olga Burnier, 233"
412,PARQUE BURNIER.,10072382,14:55:00,11,1,0,1,2025-01-30T00:00:00.000Z,-43.332369450000,-21.762522520000,"Rua Olga Burnier, 361"
412,PARQUE BURNIER.,10072380,14:55:00,10,0,0,0,2025-01-30T00:00:00.000Z,-43.331466790000,-21.763337580000,"Rua Olga Burnier, 485"
412,PARQUE BURNIER.,10073583,14:55:00,9,0,0,0,2025-01-30T00:00:00.000Z,-43.330207820000,-21.763072230000,"Rua Adelaide Campos de Resende, 1070"
412,PARQUE BURNIER.,10073584,14:55:00,8,0,0,0,2025-01-30T00:00:00.000Z,-43.329363350000,-21.763255450000,"Rua Adelaide Campos de Resende, 984"
412,PARQUE BURNIER.,10072386,14:55:00,7,0,0,0,2025-01-30T00:00:00.000Z,-43.328850270000,-21.762325320000,"Rua José Teodoro dos Santos, 292"
412,PARQUE BURNIER.,10072384,14:55:00,6,0,0,0,2025-01-30T00:00:00.000Z,-43.327999480000,-21.763301540000,"Rua José Teodoro dos Santos, 126"
412,PARQUE BURNIER.,10072309,14:55:00,5,0,1,0,2025-01-30T00:00:00.000Z,-43.327273730000,-21.763967940000,"Rua José Teodoro dos Santos, 28"
412,PARQUE BURNIER.,10073589,14:55:00,4,0,0,1,2025-01-30T00:00:00.000Z,-43.326568960000,-21.763629600000,"Rua Adelaide Campos de Resende, 706"
412,PARQUE BURNIER.,10072362,14:55:00,3,1,0,1,2025-01-30T00:00:00.000Z,-43.327527760000,-21.762798310000,"Rua Natalino José de Paula, 310"
412,PARQUE BURNIER.,10072363,14:55:00,2,0,0,0,2025-01-30T00:00:00.000Z,-43.327885630000,-21.762179390000,"Rua Natalino José de Paula, 288"
412,PARQUE BURNIER.,10072358,14:55:00,1,0,0,0,2025-01-30T00:00:00.000Z,-43.328687310000,-21.761675740000,"Rua Natalino José de Paula, 112 - Ponto Final do Parque Burnier"
412,PARQUE BURNIER.,10072358,15:15:00,18,5,0,5,2025-01-30T00:00:00.000Z,-43.328687310000,-21.761675740000,"Rua Natalino José de Paula, 112 - Ponto Final do Parque Burnier"
412,PARQUE BURNIER.,10072356,15:15:00,17,0,0,0,2025-01-30T00:00:00.000Z,-43.327793950000,-21.762107030000,"Rua Natalino José de Paula, 271"
412,PARQUE BURNIER.,10072375,15:15:00,16,0,0,0,2025-01-30T00:00:00.000Z,-43.327420830000,-21.762727850000,"Rua Natalino José de Paula, 319"
412,PARQUE BURNIER.,10071503,15:15:00,15,0,0,0,2025-01-30T00:00:00.000Z,-43.326207040000,-21.762717810000,"Rua Natalino José de Paula, 421"
412,PARQUE BURNIER.,10072359,15:15:00,14,0,0,0,2025-01-30T00:00:00.000Z,-43.326282500000,-21.763143540000,"Rua Adelaide Campos de Resende, 651"
412,PARQUE BURNIER.,10072328,15:15:00,13,0,9,0,2025-01-30T00:00:00.000Z,-43.326450350000,-21.763683320000,"Rua Adelaide Campos de Resende, 669"
412,PARQUE BURNIER.,10072377,15:15:00,12,0,1,9,2025-01-30T00:00:00.000Z,-43.327321890000,-21.764062650000,"Rua José Teodoro dos Santos, 25"
412,PARQUE BURNIER.,10072316,15:15:00,11,0,2,10,2025-01-30T00:00:00.000Z,-43.328204750000,-21.763332370000,"Rua José Teodoro dos Santos, 145"
412,PARQUE BURNIER.,10072313,15:15:00,10,0,1,12,2025-01-30T00:00:00.000Z,-43.328846690000,-21.762504770000,"Rua José Teodoro dos Santos, 275"
412,PARQUE BURNIER.,10072296,15:15:00,9,0,2,13,2025-01-30T00:00:00.000Z,-43.329374790000,-21.763440430000,"Rua Adelaide Campos de Resende, 975"
412,PARQUE BURNIER.,10072301,15:15:00,8,0,0,15,2025-01-30T00:00:00.000Z,-43.330138330000,-21.763252970000,"Rua Adelaide Campos de Resende, 1061"
412,PARQUE BURNIER.,10073561,15:15:00,7,0,0,15,2025-01-30T00:00:00.000Z,-43.331552510000,-21.763418910000,"Rua Olga Burnier, 480"
412,PARQUE BURNIER.,10073557,15:15:00,6,0,0,15,2025-01-30T00:00:00.000Z,-43.332479840000,-21.762640710000,"Rua Olga Burnier, 356"
412,PARQUE BURNIER.,10073560,15:15:00,5,0,1,15,2025-01-30T00:00:00.000Z,-43.333589670000,-21.761652280000,"Rua Olga Burnier, 230"
412,PARQUE BURNIER.,10073558,15:15:00,4,0,1,16,2025-01-30T00:00:00.000Z,-43.334645750000,-21.760669710000,"Rua Olga Burnier, 70"
412,PARQUE BURNIER.,10073552,15:15:00,3,0,0,17,2025-01-30T00:00:00.000Z,-43.335479020000,-21.760313550000,"Rua São Geraldo, 84"
412,PARQUE BURNIER.,10072305,15:15:00,2,3,0,17,2025-01-30T00:00:00.000Z,-43.337478970000,-21.760922950000,"Rua Djalma de Carvalho, 37"
412,PARQUE BURNIER.,10071108,15:15:00,1,14,0,14,2025-01-30T00:00:00.000Z,-43.349331860000,-21.758144610000,"Avenida Getúlio Vargas, 835"
412,PARQUE BURNIER.,10071108,15:50:00,17,0,17,3,2025-01-30T00:00:00.000Z,-43.349331860000,-21.758144610000,"Avenida Getúlio Vargas, 835"
412,PARQUE BURNIER.,10074194,15:50:00,16,13,5,20,2025-01-30T00:00:00.000Z,-43.342338620000,-21.760505960000,"Rua Ângelo Falci, 55"
412,PARQUE BURNIER.,10072302,15:50:00,15,2,0,12,2025-01-30T00:00:00.000Z,-43.338029500000,-21.760323850000,"Avenida Sete de Setembro, 623"
412,PARQUE BURNIER.,10072332,15:50:00,14,0,0,10,2025-01-30T00:00:00.000Z,-43.335533860000,-21.760131640000,"Rua São Geraldo, 89"
412,PARQUE BURNIER.,10072337,15:50:00,13,0,1,10,2025-01-30T00:00:00.000Z,-43.334540130000,-21.760522960000,"Rua Olga Burnier, 67"
412,PARQUE BURNIER.,10072335,15:50:00,12,1,0,11,2025-01-30T00:00:00.000Z,-43.333453420000,-21.761562350000,"Rua Olga Burnier, 233"
412,PARQUE BURNIER.,10072382,15:50:00,11,0,0,10,2025-01-30T00:00:00.000Z,-43.332369450000,-21.762522520000,"Rua Olga Burnier, 361"
412,PARQUE BURNIER.,10072380,15:50:00,10,0,0,10,2025-01-30T00:00:00.000Z,-43.331466790000,-21.763337580000,"Rua Olga Burnier, 485"
412,PARQUE BURNIER.,10073583,15:50:00,9,0,1,10,2025-01-30T00:00:00.000Z,-43.330207820000,-21.763072230000,"Rua Adelaide Campos de Resende, 1070"
412,PARQUE BURNIER.,10073584,15:50:00,8,0,1,11,2025-01-30T00:00:00.000Z,-43.329363350000,-21.763255450000,"Rua Adelaide Campos de Resende, 984"
412,PARQUE BURNIER.,10072386,15:50:00,7,4,0,12,2025-01-30T00:00:00.000Z,-43.328850270000,-21.762325320000,"Rua José Teodoro dos Santos, 292"
412,PARQUE BURNIER.,10072384,15:50:00,6,0,0,8,2025-01-30T00:00:00.000Z,-43.327999480000,-21.763301540000,"Rua José Teodoro dos Santos, 126"
412,PARQUE BURNIER.,10072309,15:50:00,5,1,0,8,2025-01-30T00:00:00.000Z,-43.327273730000,-21.763967940000,"Rua José Teodoro dos Santos, 28"
412,PARQUE BURNIER.,10073589,15:50:00,4,4,0,7,2025-01-30T00:00:00.000Z,-43.326568960000,-21.763629600000,"Rua Adelaide Campos de Resende, 706"
412,PARQUE BURNIER.,10072362,15:50:00,3,2,0,3,2025-01-30T00:00:00.000Z,-43.327527760000,-21.762798310000,"Rua Natalino José de Paula, 310"
412,PARQUE BURNIER.,10072363,15:50:00,2,1,0,1,2025-01-30T00:00:00.000Z,-43.327885630000,-21.762179390000,"Rua Natalino José de Paula, 288"
412,PARQUE BURNIER.,10072358,15:50:00,1,0,0,0,2025-01-30T00:00:00.000Z,-43.328687310000,-21.761675740000,"Rua Natalino José de Paula, 112 - Ponto Final do Parque Burnier"
412,PARQUE BURNIER.,10072358,16:10:00,18,0,0,8,2025-01-30T00:00:00.000Z,-43.328687310000,-21.761675740000,"Rua Natalino José de Paula, 112 - Ponto Final do Parque Burnier"
412,PARQUE BURNIER.,10072356,16:10:00,17,0,0,8,2025-01-30T00:00:00.000Z,-43.327793950000,-21.762107030000,"Rua Natalino José de Paula, 271"
412,PARQUE BURNIER.,10072375,16:10:00,16,0,1,8,2025-01-30T00:00:00.000Z,-43.327420830000,-21.762727850000,"Rua Natalino José de Paula, 319"
412,PARQUE BURNIER.,10071503,16:10:00,15,1,2,9,2025-01-30T00:00:00.000Z,-43.326207040000,-21.762717810000,"Rua Natalino José de Paula, 421"
412,PARQUE BURNIER.,10072359,16:10:00,14,0,0,10,2025-01-30T00:00:00.000Z,-43.326282500000,-21.763143540000,"Rua Adelaide Campos de Resende, 651"
412,PARQUE BURNIER.,10072328,16:10:00,13,0,0,10,2025-01-30T00:00:00.000Z,-43.326450350000,-21.763683320000,"Rua Adelaide Campos de Resende, 669"
412,PARQUE BURNIER.,10072377,16:10:00,12,0,0,10,2025-01-30T00:00:00.000Z,-43.327321890000,-21.764062650000,"Rua José Teodoro dos Santos, 25"
412,PARQUE BURNIER.,10072316,16:10:00,11,0,0,10,2025-01-30T00:00:00.000Z,-43.328204750000,-21.763332370000,"Rua José Teodoro dos Santos, 145"
412,PARQUE BURNIER.,10072313,16:10:00,10,1,0,10,2025-01-30T00:00:00.000Z,-43.328846690000,-21.762504770000,"Rua José Teodoro dos Santos, 275"
412,PARQUE BURNIER.,10072296,16:10:00,9,0,0,9,2025-01-30T00:00:00.000Z,-43.329374790000,-21.763440430000,"Rua Adelaide Campos de Resende, 975"
412,PARQUE BURNIER.,10072301,16:10:00,8,0,0,9,2025-01-30T00:00:00.000Z,-43.330138330000,-21.763252970000,"Rua Adelaide Campos de Resende, 1061"
412,PARQUE BURNIER.,10073561,16:10:00,7,0,0,9,2025-01-30T00:00:00.000Z,-43.331552510000,-21.763418910000,"Rua Olga Burnier, 480"
412,PARQUE BURNIER.,10073557,16:10:00,6,0,1,9,2025-01-30T00:00:00.000Z,-43.332479840000,-21.762640710000,"Rua Olga Burnier, 356"
412,PARQUE BURNIER.,10073560,16:10:00,5,0,0,10,2025-01-30T00:00:00.000Z,-43.333589670000,-21.761652280000,"Rua Olga Burnier, 230"
412,PARQUE BURNIER.,10073558,16:10:00,4,0,0,10,2025-01-30T00:00:00.000Z,-43.334645750000,-21.760669710000,"Rua Olga Burnier, 70"
412,PARQUE BURNIER.,10073552,16:10:00,3,0,0,10,2025-01-30T00:00:00.000Z,-43.335479020000,-21.760313550000,"Rua São Geraldo, 84"
412,PARQUE BURNIER.,10072305,16:10:00,2,2,0,10,2025-01-30T00:00:00.000Z,-43.337478970000,-21.760922950000,"Rua Djalma de Carvalho, 37"
412,PARQUE BURNIER.,10071108,16:10:00,1,8,0,8,2025-01-30T00:00:00.000Z,-43.349331860000,-21.758144610000,"Avenida Getúlio Vargas, 835"
412,PARQUE BURNIER.,10071108,16:45:00,17,0,18,9,2025-01-30T00:00:00.000Z,-43.349331860000,-21.758144610000,"Avenida Getúlio Vargas, 835"
412,PARQUE BURNIER.,10074194,16:45:00,16,18,3,27,2025-01-30T00:00:00.000Z,-43.342338620000,-21.760505960000,"Rua Ângelo Falci, 55"
412,PARQUE BURNIER.,10072302,16:45:00,15,2,3,12,2025-01-30T00:00:00.000Z,-43.338029500000,-21.760323850000,"Avenida Sete de Setembro, 623"
412,PARQUE BURNIER.,10072332,16:45:00,14,0,0,13,2025-01-30T00:00:00.000Z,-43.335533860000,-21.760131640000,"Rua São Geraldo, 89"
412,PARQUE BURNIER.,10072337,16:45:00,13,1,0,13,2025-01-30T00:00:00.000Z,-43.334540130000,-21.760522960000,"Rua Olga Burnier, 67"
412,PARQUE BURNIER.,10072335,16:45:00,12,0,0,12,2025-01-30T00:00:00.000Z,-43.333453420000,-21.761562350000,"Rua Olga Burnier, 233"
412,PARQUE BURNIER.,10072382,16:45:00,11,0,0,12,2025-01-30T00:00:00.000Z,-43.332369450000,-21.762522520000,"Rua Olga Burnier, 361"
412,PARQUE BURNIER.,10072380,16:45:00,10,0,0,12,2025-01-30T00:00:00.000Z,-43.331466790000,-21.763337580000,"Rua Olga Burnier, 485"
412,PARQUE BURNIER.,10073583,16:45:00,9,1,0,12,2025-01-30T00:00:00.000Z,-43.330207820000,-21.763072230000,"Rua Adelaide Campos de Resende, 1070"
412,PARQUE BURNIER.,10073584,16:45:00,8,2,0,11,2025-01-30T00:00:00.000Z,-43.329363350000,-21.763255450000,"Rua Adelaide Campos de Resende, 984"
412,PARQUE BURNIER.,10072386,16:45:00,7,3,0,9,2025-01-30T00:00:00.000Z,-43.328850270000,-21.762325320000,"Rua José Teodoro dos Santos, 292"
412,PARQUE BURNIER.,10072384,16:45:00,6,3,0,6,2025-01-30T00:00:00.000Z,-43.327999480000,-21.763301540000,"Rua José Teodoro dos Santos, 126"
412,PARQUE BURNIER.,10072309,16:45:00,5,1,1,3,2025-01-30T00:00:00.000Z,-43.327273730000,-21.763967940000,"Rua José Teodoro dos Santos, 28"
412,PARQUE BURNIER.,10073589,16:45:00,4,3,0,3,2025-01-30T00:00:00.000Z,-43.326568960000,-21.763629600000,"Rua Adelaide Campos de Resende, 706"
412,PARQUE BURNIER.,10072362,16:45:00,3,0,0,0,2025-01-30T00:00:00.000Z,-43.327527760000,-21.762798310000,"Rua Natalino José de Paula, 310"
412,PARQUE BURNIER.,10072363,16:45:00,2,0,0,0,2025-01-30T00:00:00.000Z,-43.327885630000,-21.762179390000,"Rua Natalino José de Paula, 288"
412,PARQUE BURNIER.,10072358,16:45:00,1,0,0,0,2025-01-30T00:00:00.000Z,-43.328687310000,-21.761675740000,"Rua Natalino José de Paula, 112 - Ponto Final do Parque Burnier"
412,PARQUE BURNIER.,10072358,17:05:00,18,4,0,6,2025-01-30T00:00:00.000Z,-43.328687310000,-21.761675740000,"Rua Natalino José de Paula, 112 - Ponto Final do Parque Burnier"
412,PARQUE BURNIER.,10072356,17:05:00,17,2,0,2,2025-01-30T00:00:00.000Z,-43.327793950000,-21.762107030000,"Rua Natalino José de Paula, 271"
412,PARQUE BURNIER.,10072375,17:05:00,16,0,1,0,2025-01-30T00:00:00.000Z,-43.327420830000,-21.762727850000,"Rua Natalino José de Paula, 319"
412,PARQUE BURNIER.,10071503,17:05:00,15,1,0,1,2025-01-30T00:00:00.000Z,-43.326207040000,-21.762717810000,"Rua Natalino José de Paula, 421"
412,PARQUE BURNIER.,10072359,17:05:00,14,0,0,0,2025-01-30T00:00:00.000Z,-43.326282500000,-21.763143540000,"Rua Adelaide Campos de Resende, 651"
412,PARQUE BURNIER.,10072328,17:05:00,13,0,12,0,2025-01-30T00:00:00.000Z,-43.326450350000,-21.763683320000,"Rua Adelaide Campos de Resende, 669"
412,PARQUE BURNIER.,10072377,17:05:00,12,1,2,12,2025-01-30T00:00:00.000Z,-43.327321890000,-21.764062650000,"Rua José Teodoro dos Santos, 25"
412,PARQUE BURNIER.,10072316,17:05:00,11,0,1,13,2025-01-30T00:00:00.000Z,-43.328204750000,-21.763332370000,"Rua José Teodoro dos Santos, 145"
412,PARQUE BURNIER.,10072313,17:05:00,10,0,5,14,2025-01-30T00:00:00.000Z,-43.328846690000,-21.762504770000,"Rua José Teodoro dos Santos, 275"
412,PARQUE BURNIER.,10072296,17:05:00,9,1,2,19,2025-01-30T00:00:00.000Z,-43.329374790000,-21.763440430000,"Rua Adelaide Campos de Resende, 975"
412,PARQUE BURNIER.,10072301,17:05:00,8,0,0,20,2025-01-30T00:00:00.000Z,-43.330138330000,-21.763252970000,"Rua Adelaide Campos de Resende, 1061"
412,PARQUE BURNIER.,10073561,17:05:00,7,0,0,20,2025-01-30T00:00:00.000Z,-43.331552510000,-21.763418910000,"Rua Olga Burnier, 480"
412,PARQUE BURNIER.,10073557,17:05:00,6,0,0,20,2025-01-30T00:00:00.000Z,-43.332479840000,-21.762640710000,"Rua Olga Burnier, 356"
412,PARQUE BURNIER.,10073560,17:05:00,5,0,1,20,2025-01-30T00:00:00.000Z,-43.333589670000,-21.761652280000,"Rua Olga Burnier, 230"
412,PARQUE BURNIER.,10073558,17:05:00,4,0,0,21,2025-01-30T00:00:00.000Z,-43.334645750000,-21.760669710000,"Rua Olga Burnier, 70"
412,PARQUE BURNIER.,10073552,17:05:00,3,0,0,21,2025-01-30T00:00:00.000Z,-43.335479020000,-21.760313550000,"Rua São Geraldo, 84"
412,PARQUE BURNIER.,10072305,17:05:00,2,1,0,21,2025-01-30T00:00:00.000Z,-43.337478970000,-21.760922950000,"Rua Djalma de Carvalho, 37"
412,PARQUE BURNIER.,10071108,17:05:00,1,20,0,20,2025-01-30T00:00:00.000Z,-43.349331860000,-21.758144610000,"Avenida Getúlio Vargas, 835"
412,PARQUE BURNIER.,10071108,17:40:00,17,0,15,0,2025-01-30T00:00:00.000Z,-43.349331860000,-21.758144610000,"Avenida Getúlio Vargas, 835"
412,PARQUE BURNIER.,10074194,17:40:00,16,14,1,15,2025-01-30T00:00:00.000Z,-43.342338620000,-21.760505960000,"Rua Ângelo Falci, 55"
412,PARQUE BURNIER.,10072302,17:40:00,15,1,2,2,2025-01-30T00:00:00.000Z,-43.338029500000,-21.760323850000,"Avenida Sete de Setembro, 623"
412,PARQUE BURNIER.,10072332,17:40:00,14,0,0,3,2025-01-30T00:00:00.000Z,-43.335533860000,-21.760131640000,"Rua São Geraldo, 89"
412,PARQUE BURNIER.,10072337,17:40:00,13,0,0,3,2025-01-30T00:00:00.000Z,-43.334540130000,-21.760522960000,"Rua Olga Burnier, 67"
412,PARQUE BURNIER.,10072335,17:40:00,12,0,0,3,2025-01-30T00:00:00.000Z,-43.333453420000,-21.761562350000,"Rua Olga Burnier, 233"
412,PARQUE BURNIER.,10072382,17:40:00,11,0,0,3,2025-01-30T00:00:00.000Z,-43.332369450000,-21.762522520000,"Rua Olga Burnier, 361"
412,PARQUE BURNIER.,10072380,17:40:00,10,0,0,3,2025-01-30T00:00:00.000Z,-43.331466790000,-21.763337580000,"Rua Olga Burnier, 485"
412,PARQUE BURNIER.,10073583,17:40:00,9,0,0,3,2025-01-30T00:00:00.000Z,-43.330207820000,-21.763072230000,"Rua Adelaide Campos de Resende, 1070"
412,PARQUE BURNIER.,10073584,17:40:00,8,0,0,3,2025-01-30T00:00:00.000Z,-43.329363350000,-21.763255450000,"Rua Adelaide Campos de Resende, 984"
412,PARQUE BURNIER.,10072386,17:40:00,7,1,0,3,2025-01-30T00:00:00.000Z,-43.328850270000,-21.762325320000,"Rua José Teodoro dos Santos, 292"
412,PARQUE BURNIER.,10072384,17:40:00,6,1,0,2,2025-01-30T00:00:00.000Z,-43.327999480000,-21.763301540000,"Rua José Teodoro dos Santos, 126"
412,PARQUE BURNIER.,10072309,17:40:00,5,1,0,1,2025-01-30T00:00:00.000Z,-43.327273730000,-21.763967940000,"Rua José Teodoro dos Santos, 28"
412,PARQUE BURNIER.,10073589,17:40:00,4,0,0,0,2025-01-30T00:00:00.000Z,-43.326568960000,-21.763629600000,"Rua Adelaide Campos de Resende, 706"
412,PARQUE BURNIER.,10072362,17:40:00,3,0,0,0,2025-01-30T00:00:00.000Z,-43.327527760000,-21.762798310000,"Rua Natalino José de Paula, 310"
412,PARQUE BURNIER.,10072363,17:40:00,2,0,0,0,2025-01-30T00:00:00.000Z,-43.327885630000,-21.762179390000,"Rua Natalino José de Paula, 288"
412,PARQUE BURNIER.,10072358,17:40:00,1,0,0,0,2025-01-30T00:00:00.000Z,-43.328687310000,-21.761675740000,"Rua Natalino José de Paula, 112 - Ponto Final do Parque Burnier"
412,PARQUE BURNIER.,10072358,18:00:00,18,1,0,8,2025-01-30T00:00:00.000Z,-43.328687310000,-21.761675740000,"Rua Natalino José de Paula, 112 - Ponto Final do Parque Burnier"
412,PARQUE BURNIER.,10072356,18:00:00,17,0,1,7,2025-01-30T00:00:00.000Z,-43.327793950000,-21.762107030000,"Rua Natalino José de Paula, 271"
412,PARQUE BURNIER.,10072375,18:00:00,16,0,1,8,2025-01-30T00:00:00.000Z,-43.327420830000,-21.762727850000,"Rua Natalino José de Paula, 319"
412,PARQUE BURNIER.,10071503,18:00:00,15,1,1,9,2025-01-30T00:00:00.000Z,-43.326207040000,-21.762717810000,"Rua Natalino José de Paula, 421"
412,PARQUE BURNIER.,10072359,18:00:00,14,0,0,9,2025-01-30T00:00:00.000Z,-43.326282500000,-21.763143540000,"Rua Adelaide Campos de Resende, 651"
412,PARQUE BURNIER.,10072328,18:00:00,13,0,0,9,2025-01-30T00:00:00.000Z,-43.326450350000,-21.763683320000,"Rua Adelaide Campos de Resende, 669"
412,PARQUE BURNIER.,10072377,18:00:00,12,0,0,9,2025-01-30T00:00:00.000Z,-43.327321890000,-21.764062650000,"Rua José Teodoro dos Santos, 25"
412,PARQUE BURNIER.,10072316,18:00:00,11,0,0,9,2025-01-30T00:00:00.000Z,-43.328204750000,-21.763332370000,"Rua José Teodoro dos Santos, 145"
412,PARQUE BURNIER.,10072313,18:00:00,10,0,0,9,2025-01-30T00:00:00.000Z,-43.328846690000,-21.762504770000,"Rua José Teodoro dos Santos, 275"
412,PARQUE BURNIER.,10072296,18:00:00,9,0,1,9,2025-01-30T00:00:00.000Z,-43.329374790000,-21.763440430000,"Rua Adelaide Campos de Resende, 975"
412,PARQUE BURNIER.,10072301,18:00:00,8,0,0,10,2025-01-30T00:00:00.000Z,-43.330138330000,-21.763252970000,"Rua Adelaide Campos de Resende, 1061"
412,PARQUE BURNIER.,10073561,18:00:00,7,0,0,10,2025-01-30T00:00:00.000Z,-43.331552510000,-21.763418910000,"Rua Olga Burnier, 480"
412,PARQUE BURNIER.,10073557,18:00:00,6,0,1,10,2025-01-30T00:00:00.000Z,-43.332479840000,-21.762640710000,"Rua Olga Burnier, 356"
412,PARQUE BURNIER.,10073560,18:00:00,5,2,0,11,2025-01-30T00:00:00.000Z,-43.333589670000,-21.761652280000,"Rua Olga Burnier, 230"
412,PARQUE BURNIER.,10073558,18:00:00,4,0,0,9,2025-01-30T00:00:00.000Z,-43.334645750000,-21.760669710000,"Rua Olga Burnier, 70"
412,PARQUE BURNIER.,10073552,18:00:00,3,0,0,9,2025-01-30T00:00:00.000Z,-43.335479020000,-21.760313550000,"Rua São Geraldo, 84"
412,PARQUE BURNIER.,10072305,18:00:00,2,0,0,9,2025-01-30T00:00:00.000Z,-43.337478970000,-21.760922950000,"Rua Djalma de Carvalho, 37"
412,PARQUE BURNIER.,10071108,18:00:00,1,9,0,9,2025-01-30T00:00:00.000Z,-43.349331860000,-21.758144610000,"Avenida Getúlio Vargas, 835"
412,PARQUE BURNIER.,10071108,18:35:00,17,0,15,12,2025-01-30T00:00:00.000Z,-43.349331860000,-21.758144610000,"Avenida Getúlio Vargas, 835"
412,PARQUE BURNIER.,10074194,18:35:00,16,18,3,27,2025-01-30T00:00:00.000Z,-43.342338620000,-21.760505960000,"Rua Ângelo Falci, 55"
412,PARQUE BURNIER.,10072302,18:35:00,15,7,0,12,2025-01-30T00:00:00.000Z,-43.338029500000,-21.760323850000,"Avenida Sete de Setembro, 623"
412,PARQUE BURNIER.,10072332,18:35:00,14,0,0,5,2025-01-30T00:00:00.000Z,-43.335533860000,-21.760131640000,"Rua São Geraldo, 89"
412,PARQUE BURNIER.,10072337,18:35:00,13,0,1,5,2025-01-30T00:00:00.000Z,-43.334540130000,-21.760522960000,"Rua Olga Burnier, 67"
412,PARQUE BURNIER.,10072335,18:35:00,12,0,0,6,2025-01-30T00:00:00.000Z,-43.333453420000,-21.761562350000,"Rua Olga Burnier, 233"
412,PARQUE BURNIER.,10072382,18:35:00,11,0,0,6,2025-01-30T00:00:00.000Z,-43.332369450000,-21.762522520000,"Rua Olga Burnier, 361"
412,PARQUE BURNIER.,10072380,18:35:00,10,0,0,6,2025-01-30T00:00:00.000Z,-43.331466790000,-21.763337580000,"Rua Olga Burnier, 485"
412,PARQUE BURNIER.,10073583,18:35:00,9,0,0,6,2025-01-30T00:00:00.000Z,-43.330207820000,-21.763072230000,"Rua Adelaide Campos de Resende, 1070"
412,PARQUE BURNIER.,10073584,18:35:00,8,0,1,6,2025-01-30T00:00:00.000Z,-43.329363350000,-21.763255450000,"Rua Adelaide Campos de Resende, 984"
412,PARQUE BURNIER.,10072386,18:35:00,7,1,0,7,2025-01-30T00:00:00.000Z,-43.328850270000,-21.762325320000,"Rua José Teodoro dos Santos, 292"
412,PARQUE BURNIER.,10072384,18:35:00,6,0,0,6,2025-01-30T00:00:00.000Z,-43.327999480000,-21.763301540000,"Rua José Teodoro dos Santos, 126"
412,PARQUE BURNIER.,10072309,18:35:00,5,0,0,6,2025-01-30T00:00:00.000Z,-43.327273730000,-21.763967940000,"Rua José Teodoro dos Santos, 28"
412,PARQUE BURNIER.,10073589,18:35:00,4,0,0,6,2025-01-30T00:00:00.000Z,-43.326568960000,-21.763629600000,"Rua Adelaide Campos de Resende, 706"
412,PARQUE BURNIER.,10072362,18:35:00,3,1,0,6,2025-01-30T00:00:00.000Z,-43.327527760000,-21.762798310000,"Rua Natalino José de Paula, 310"
412,PARQUE BURNIER.,10072363,18:35:00,2,5,0,5,2025-01-30T00:00:00.000Z,-43.327885630000,-21.762179390000,"Rua Natalino José de Paula, 288"
412,PARQUE BURNIER.,10072358,18:35:00,1,0,0,0,2025-01-30T00:00:00.000Z,-43.328687310000,-21.761675740000,"Rua Natalino José de Paula, 112 - Ponto Final do Parque Burnier"
412,PARQUE BURNIER.,10072358,18:55:00,18,0,0,4,2025-01-30T00:00:00.000Z,-43.328687310000,-21.761675740000,"Rua Natalino José de Paula, 112 - Ponto Final do Parque Burnier"
412,PARQUE BURNIER.,10072356,18:55:00,17,1,1,4,2025-01-30T00:00:00.000Z,-43.327793950000,-21.762107030000,"Rua Natalino José de Paula, 271"
412,PARQUE BURNIER.,10072375,18:55:00,16,0,2,4,2025-01-30T00:00:00.000Z,-43.327420830000,-21.762727850000,"Rua Natalino José de Paula, 319"
412,PARQUE BURNIER.,10071503,18:55:00,15,0,4,6,2025-01-30T00:00:00.000Z,-43.326207040000,-21.762717810000,"Rua Natalino José de Paula, 421"
412,PARQUE BURNIER.,10072359,18:55:00,14,0,2,10,2025-01-30T00:00:00.000Z,-43.326282500000,-21.763143540000,"Rua Adelaide Campos de Resende, 651"
412,PARQUE BURNIER.,10072328,18:55:00,13,0,2,12,2025-01-30T00:00:00.000Z,-43.326450350000,-21.763683320000,"Rua Adelaide Campos de Resende, 669"
412,PARQUE BURNIER.,10072377,18:55:00,12,0,1,14,2025-01-30T00:00:00.000Z,-43.327321890000,-21.764062650000,"Rua José Teodoro dos Santos, 25"
412,PARQUE BURNIER.,10072316,18:55:00,11,1,1,15,2025-01-30T00:00:00.000Z,-43.328204750000,-21.763332370000,"Rua José Teodoro dos Santos, 145"
412,PARQUE BURNIER.,10072313,18:55:00,10,3,3,15,2025-01-30T00:00:00.000Z,-43.328846690000,-21.762504770000,"Rua José Teodoro dos Santos, 275"
412,PARQUE BURNIER.,10072296,18:55:00,9,0,0,15,2025-01-30T00:00:00.000Z,-43.329374790000,-21.763440430000,"Rua Adelaide Campos de Resende, 975"
412,PARQUE BURNIER.,10072301,18:55:00,8,0,0,15,2025-01-30T00:00:00.000Z,-43.330138330000,-21.763252970000,"Rua Adelaide Campos de Resende, 1061"
412,PARQUE BURNIER.,10073561,18:55:00,7,0,0,15,2025-01-30T00:00:00.000Z,-43.331552510000,-21.763418910000,"Rua Olga Burnier, 480"
412,PARQUE BURNIER.,10073557,18:55:00,6,0,0,15,2025-01-30T00:00:00.000Z,-43.332479840000,-21.762640710000,"Rua Olga Burnier, 356"
412,PARQUE BURNIER.,10073560,18:55:00,5,0,0,15,2025-01-30T00:00:00.000Z,-43.333589670000,-21.761652280000,"Rua Olga Burnier, 230"
412,PARQUE BURNIER.,10073558,18:55:00,4,0,0,15,2025-01-30T00:00:00.000Z,-43.334645750000,-21.760669710000,"Rua Olga Burnier, 70"
412,PARQUE BURNIER.,10073552,18:55:00,3,0,0,15,2025-01-30T00:00:00.000Z,-43.335479020000,-21.760313550000,"Rua São Geraldo, 84"
412,PARQUE BURNIER.,10072305,18:55:00,2,1,1,15,2025-01-30T00:00:00.000Z,-43.337478970000,-21.760922950000,"Rua Djalma de Carvalho, 37"
412,PARQUE BURNIER.,10071108,18:55:00,1,15,0,15,2025-01-30T00:00:00.000Z,-43.349331860000,-21.758144610000,"Avenida Getúlio Vargas, 835"
412,PARQUE BURNIER.,10072358,19:50:00,18,0,0,12,2025-01-30T00:00:00.000Z,-43.328687310000,-21.761675740000,"Rua Natalino José de Paula, 112 - Ponto Final do Parque Burnier"
412,PARQUE BURNIER.,10072356,19:50:00,17,0,0,12,2025-01-30T00:00:00.000Z,-43.327793950000,-21.762107030000,"Rua Natalino José de Paula, 271"
412,PARQUE BURNIER.,10072375,19:50:00,16,0,1,12,2025-01-30T00:00:00.000Z,-43.327420830000,-21.762727850000,"Rua Natalino José de Paula, 319"
412,PARQUE BURNIER.,10071503,19:50:00,15,0,0,13,2025-01-30T00:00:00.000Z,-43.326207040000,-21.762717810000,"Rua Natalino José de Paula, 421"
412,PARQUE BURNIER.,10072359,19:50:00,14,0,0,13,2025-01-30T00:00:00.000Z,-43.326282500000,-21.763143540000,"Rua Adelaide Campos de Resende, 651"
412,PARQUE BURNIER.,10072328,19:50:00,13,0,0,13,2025-01-30T00:00:00.000Z,-43.326450350000,-21.763683320000,"Rua Adelaide Campos de Resende, 669"
412,PARQUE BURNIER.,10072377,19:50:00,12,0,0,13,2025-01-30T00:00:00.000Z,-43.327321890000,-21.764062650000,"Rua José Teodoro dos Santos, 25"
412,PARQUE BURNIER.,10072316,19:50:00,11,0,0,13,2025-01-30T00:00:00.000Z,-43.328204750000,-21.763332370000,"Rua José Teodoro dos Santos, 145"
412,PARQUE BURNIER.,10072313,19:50:00,10,0,0,13,2025-01-30T00:00:00.000Z,-43.328846690000,-21.762504770000,"Rua José Teodoro dos Santos, 275"
412,PARQUE BURNIER.,10072296,19:50:00,9,0,0,13,2025-01-30T00:00:00.000Z,-43.329374790000,-21.763440430000,"Rua Adelaide Campos de Resende, 975"
412,PARQUE BURNIER.,10072301,19:50:00,8,0,0,13,2025-01-30T00:00:00.000Z,-43.330138330000,-21.763252970000,"Rua Adelaide Campos de Resende, 1061"
412,PARQUE BURNIER.,10073561,19:50:00,7,0,0,13,2025-01-30T00:00:00.000Z,-43.331552510000,-21.763418910000,"Rua Olga Burnier, 480"
412,PARQUE BURNIER.,10073557,19:50:00,6,0,1,13,2025-01-30T00:00:00.000Z,-43.332479840000,-21.762640710000,"Rua Olga Burnier, 356"
412,PARQUE BURNIER.,10073560,19:50:00,5,0,0,14,2025-01-30T00:00:00.000Z,-43.333589670000,-21.761652280000,"Rua Olga Burnier, 230"
412,PARQUE BURNIER.,10073558,19:50:00,4,0,0,14,2025-01-30T00:00:00.000Z,-43.334645750000,-21.760669710000,"Rua Olga Burnier, 70"
412,PARQUE BURNIER.,10073552,19:50:00,3,0,0,14,2025-01-30T00:00:00.000Z,-43.335479020000,-21.760313550000,"Rua São Geraldo, 84"
412,PARQUE BURNIER.,10072305,19:50:00,2,0,0,14,2025-01-30T00:00:00.000Z,-43.337478970000,-21.760922950000,"Rua Djalma de Carvalho, 37"
412,PARQUE BURNIER.,10071108,19:50:00,1,14,0,14,2025-01-30T00:00:00.000Z,-43.349331860000,-21.758144610000,"Avenida Getúlio Vargas, 835"
412,PARQUE BURNIER.,10071108,20:25:00,17,0,7,0,2025-01-30T00:00:00.000Z,-43.349331860000,-21.758144610000,"Avenida Getúlio Vargas, 835"
412,PARQUE BURNIER.,10074194,20:25:00,16,7,0,7,2025-01-30T00:00:00.000Z,-43.342338620000,-21.760505960000,"Rua Ângelo Falci, 55"
412,PARQUE BURNIER.,10072302,20:25:00,15,0,2,0,2025-01-30T00:00:00.000Z,-43.338029500000,-21.760323850000,"Avenida Sete de Setembro, 623"
412,PARQUE BURNIER.,10072332,20:25:00,14,0,0,2,2025-01-30T00:00:00.000Z,-43.335533860000,-21.760131640000,"Rua São Geraldo, 89"
412,PARQUE BURNIER.,10072337,20:25:00,13,0,0,2,2025-01-30T00:00:00.000Z,-43.334540130000,-21.760522960000,"Rua Olga Burnier, 67"
412,PARQUE BURNIER.,10072335,20:25:00,12,0,0,2,2025-01-30T00:00:00.000Z,-43.333453420000,-21.761562350000,"Rua Olga Burnier, 233"
412,PARQUE BURNIER.,10072382,20:25:00,11,0,0,2,2025-01-30T00:00:00.000Z,-43.332369450000,-21.762522520000,"Rua Olga Burnier, 361"
412,PARQUE BURNIER.,10072380,20:25:00,10,0,0,2,2025-01-30T00:00:00.000Z,-43.331466790000,-21.763337580000,"Rua Olga Burnier, 485"
412,PARQUE BURNIER.,10073583,20:25:00,9,1,0,2,2025-01-30T00:00:00.000Z,-43.330207820000,-21.763072230000,"Rua Adelaide Campos de Resende, 1070"
412,PARQUE BURNIER.,10073584,20:25:00,8,0,0,1,2025-01-30T00:00:00.000Z,-43.329363350000,-21.763255450000,"Rua Adelaide Campos de Resende, 984"
412,PARQUE BURNIER.,10072386,20:25:00,7,1,1,1,2025-01-30T00:00:00.000Z,-43.328850270000,-21.762325320000,"Rua José Teodoro dos Santos, 292"
412,PARQUE BURNIER.,10072384,20:25:00,6,0,0,1,2025-01-30T00:00:00.000Z,-43.327999480000,-21.763301540000,"Rua José Teodoro dos Santos, 126"
412,PARQUE BURNIER.,10072309,20:25:00,5,0,0,1,2025-01-30T00:00:00.000Z,-43.327273730000,-21.763967940000,"Rua José Teodoro dos Santos, 28"
412,PARQUE BURNIER.,10073589,20:25:00,4,0,0,1,2025-01-30T00:00:00.000Z,-43.326568960000,-21.763629600000,"Rua Adelaide Campos de Resende, 706"
412,PARQUE BURNIER.,10072362,20:25:00,3,0,0,1,2025-01-30T00:00:00.000Z,-43.327527760000,-21.762798310000,"Rua Natalino José de Paula, 310"
412,PARQUE BURNIER.,10072363,20:25:00,2,1,0,1,2025-01-30T00:00:00.000Z,-43.327885630000,-21.762179390000,"Rua Natalino José de Paula, 288"
412,PARQUE BURNIER.,10072358,20:25:00,1,0,0,0,2025-01-30T00:00:00.000Z,-43.328687310000,-21.761675740000,"Rua Natalino José de Paula, 112 - Ponto Final do Parque Burnier"
412,PARQUE BURNIER.,10072358,20:45:00,18,1,0,10,2025-01-30T00:00:00.000Z,-43.328687310000,-21.761675740000,"Rua Natalino José de Paula, 112 - Ponto Final do Parque Burnier"
412,PARQUE BURNIER.,10072356,20:45:00,17,0,0,9,2025-01-30T00:00:00.000Z,-43.327793950000,-21.762107030000,"Rua Natalino José de Paula, 271"
412,PARQUE BURNIER.,10072375,20:45:00,16,0,0,9,2025-01-30T00:00:00.000Z,-43.327420830000,-21.762727850000,"Rua Natalino José de Paula, 319"
412,PARQUE BURNIER.,10071503,20:45:00,15,0,2,9,2025-01-30T00:00:00.000Z,-43.326207040000,-21.762717810000,"Rua Natalino José de Paula, 421"
412,PARQUE BURNIER.,10072359,20:45:00,14,0,0,11,2025-01-30T00:00:00.000Z,-43.326282500000,-21.763143540000,"Rua Adelaide Campos de Resende, 651"
412,PARQUE BURNIER.,10072328,20:45:00,13,0,0,11,2025-01-30T00:00:00.000Z,-43.326450350000,-21.763683320000,"Rua Adelaide Campos de Resende, 669"
412,PARQUE BURNIER.,10072377,20:45:00,12,2,1,11,2025-01-30T00:00:00.000Z,-43.327321890000,-21.764062650000,"Rua José Teodoro dos Santos, 25"
412,PARQUE BURNIER.,10072316,20:45:00,11,0,1,10,2025-01-30T00:00:00.000Z,-43.328204750000,-21.763332370000,"Rua José Teodoro dos Santos, 145"
412,PARQUE BURNIER.,10072313,20:45:00,10,0,1,11,2025-01-30T00:00:00.000Z,-43.328846690000,-21.762504770000,"Rua José Teodoro dos Santos, 275"
412,PARQUE BURNIER.,10072296,20:45:00,9,0,0,12,2025-01-30T00:00:00.000Z,-43.329374790000,-21.763440430000,"Rua Adelaide Campos de Resende, 975"
412,PARQUE BURNIER.,10072301,20:45:00,8,0,0,12,2025-01-30T00:00:00.000Z,-43.330138330000,-21.763252970000,"Rua Adelaide Campos de Resende, 1061"
412,PARQUE BURNIER.,10073561,20:45:00,7,0,0,12,2025-01-30T00:00:00.000Z,-43.331552510000,-21.763418910000,"Rua Olga Burnier, 480"
412,PARQUE BURNIER.,10073557,20:45:00,6,0,0,12,2025-01-30T00:00:00.000Z,-43.332479840000,-21.762640710000,"Rua Olga Burnier, 356"
412,PARQUE BURNIER.,10073560,20:45:00,5,0,0,12,2025-01-30T00:00:00.000Z,-43.333589670000,-21.761652280000,"Rua Olga Burnier, 230"
412,PARQUE BURNIER.,10073558,20:45:00,4,0,0,12,2025-01-30T00:00:00.000Z,-43.334645750000,-21.760669710000,"Rua Olga Burnier, 70"
412,PARQUE BURNIER.,10073552,20:45:00,3,0,0,12,2025-01-30T00:00:00.000Z,-43.335479020000,-21.760313550000,"Rua São Geraldo, 84"
412,PARQUE BURNIER.,10072305,20:45:00,2,0,1,12,2025-01-30T00:00:00.000Z,-43.337478970000,-21.760922950000,"Rua Djalma de Carvalho, 37"
412,PARQUE BURNIER.,10071108,20:45:00,1,13,0,13,2025-01-30T00:00:00.000Z,-43.349331860000,-21.758144610000,"Avenida Getúlio Vargas, 835"
412,PARQUE BURNIER.,10072358,21:40:00,18,0,0,12,2025-01-30T00:00:00.000Z,-43.328687310000,-21.761675740000,"Rua Natalino José de Paula, 112 - Ponto Final do Parque Burnier"
412,PARQUE BURNIER.,10072356,21:40:00,17,0,0,12,2025-01-30T00:00:00.000Z,-43.327793950000,-21.762107030000,"Rua Natalino José de Paula, 271"
412,PARQUE BURNIER.,10072375,21:40:00,16,0,1,12,2025-01-30T00:00:00.000Z,-43.327420830000,-21.762727850000,"Rua Natalino José de Paula, 319"
412,PARQUE BURNIER.,10071503,21:40:00,15,0,0,13,2025-01-30T00:00:00.000Z,-43.326207040000,-21.762717810000,"Rua Natalino José de Paula, 421"
412,PARQUE BURNIER.,10072359,21:40:00,14,0,0,13,2025-01-30T00:00:00.000Z,-43.326282500000,-21.763143540000,"Rua Adelaide Campos de Resende, 651"
412,PARQUE BURNIER.,10072328,21:40:00,13,0,0,13,2025-01-30T00:00:00.000Z,-43.326450350000,-21.763683320000,"Rua Adelaide Campos de Resende, 669"
412,PARQUE BURNIER.,10072377,21:40:00,12,0,0,13,2025-01-30T00:00:00.000Z,-43.327321890000,-21.764062650000,"Rua José Teodoro dos Santos, 25"
412,PARQUE BURNIER.,10072316,21:40:00,11,0,0,13,2025-01-30T00:00:00.000Z,-43.328204750000,-21.763332370000,"Rua José Teodoro dos Santos, 145"
412,PARQUE BURNIER.,10072313,21:40:00,10,0,0,13,2025-01-30T00:00:00.000Z,-43.328846690000,-21.762504770000,"Rua José Teodoro dos Santos, 275"
412,PARQUE BURNIER.,10072296,21:40:00,9,0,0,13,2025-01-30T00:00:00.000Z,-43.329374790000,-21.763440430000,"Rua Adelaide Campos de Resende, 975"
412,PARQUE BURNIER.,10072301,21:40:00,8,0,0,13,2025-01-30T00:00:00.000Z,-43.330138330000,-21.763252970000,"Rua Adelaide Campos de Resende, 1061"
412,PARQUE BURNIER.,10073561,21:40:00,7,0,0,13,2025-01-30T00:00:00.000Z,-43.331552510000,-21.763418910000,"Rua Olga Burnier, 480"
412,PARQUE BURNIER.,10073557,21:40:00,6,0,1,13,2025-01-30T00:00:00.000Z,-43.332479840000,-21.762640710000,"Rua Olga Burnier, 356"
412,PARQUE BURNIER.,10073560,21:40:00,5,0,0,14,2025-01-30T00:00:00.000Z,-43.333589670000,-21.761652280000,"Rua Olga Burnier, 230"
412,PARQUE BURNIER.,10073558,21:40:00,4,0,0,14,2025-01-30T00:00:00.000Z,-43.334645750000,-21.760669710000,"Rua Olga Burnier, 70"
412,PARQUE BURNIER.,10073552,21:40:00,3,0,0,14,2025-01-30T00:00:00.000Z,-43.335479020000,-21.760313550000,"Rua São Geraldo, 84"
412,PARQUE BURNIER.,10072305,21:40:00,2,0,0,14,2025-01-30T00:00:00.000Z,-43.337478970000,-21.760922950000,"Rua Djalma de Carvalho, 37"
412,PARQUE BURNIER.,10071108,21:40:00,1,14,0,14,2025-01-30T00:00:00.000Z,-43.349331860000,-21.758144610000,"Avenida Getúlio Vargas, 835"
412,PARQUE BURNIER.,10071108,22:10:00,17,0,1,5,2025-01-30T00:00:00.000Z,-43.349331860000,-21.758144610000,"Avenida Getúlio Vargas, 835"
412,PARQUE BURNIER.,10074194,22:10:00,16,5,0,6,2025-01-30T00:00:00.000Z,-43.342338620000,-21.760505960000,"Rua Ângelo Falci, 55"
412,PARQUE BURNIER.,10072302,22:10:00,15,0,0,1,2025-01-30T00:00:00.000Z,-43.338029500000,-21.760323850000,"Avenida Sete de Setembro, 623"
412,PARQUE BURNIER.,10072332,22:10:00,14,0,0,1,2025-01-30T00:00:00.000Z,-43.335533860000,-21.760131640000,"Rua São Geraldo, 89"
412,PARQUE BURNIER.,10072337,22:10:00,13,0,0,1,2025-01-30T00:00:00.000Z,-43.334540130000,-21.760522960000,"Rua Olga Burnier, 67"
412,PARQUE BURNIER.,10072335,22:10:00,12,0,0,1,2025-01-30T00:00:00.000Z,-43.333453420000,-21.761562350000,"Rua Olga Burnier, 233"
412,PARQUE BURNIER.,10072382,22:10:00,11,0,0,1,2025-01-30T00:00:00.000Z,-43.332369450000,-21.762522520000,"Rua Olga Burnier, 361"
412,PARQUE BURNIER.,10072380,22:10:00,10,0,0,1,2025-01-30T00:00:00.000Z,-43.331466790000,-21.763337580000,"Rua Olga Burnier, 485"
412,PARQUE BURNIER.,10073583,22:10:00,9,0,0,1,2025-01-30T00:00:00.000Z,-43.330207820000,-21.763072230000,"Rua Adelaide Campos de Resende, 1070"
412,PARQUE BURNIER.,10073584,22:10:00,8,0,0,1,2025-01-30T00:00:00.000Z,-43.329363350000,-21.763255450000,"Rua Adelaide Campos de Resende, 984"
412,PARQUE BURNIER.,10072386,22:10:00,7,0,0,1,2025-01-30T00:00:00.000Z,-43.328850270000,-21.762325320000,"Rua José Teodoro dos Santos, 292"
412,PARQUE BURNIER.,10072384,22:10:00,6,0,0,1,2025-01-30T00:00:00.000Z,-43.327999480000,-21.763301540000,"Rua José Teodoro dos Santos, 126"
412,PARQUE BURNIER.,10072309,22:10:00,5,0,0,1,2025-01-30T00:00:00.000Z,-43.327273730000,-21.763967940000,"Rua José Teodoro dos Santos, 28"
412,PARQUE BURNIER.,10073589,22:10:00,4,1,0,1,2025-01-30T00:00:00.000Z,-43.326568960000,-21.763629600000,"Rua Adelaide Campos de Resende, 706"
412,PARQUE BURNIER.,10072362,22:10:00,3,0,0,0,2025-01-30T00:00:00.000Z,-43.327527760000,-21.762798310000,"Rua Natalino José de Paula, 310"
412,PARQUE BURNIER.,10072363,22:10:00,2,0,0,0,2025-01-30T00:00:00.000Z,-43.327885630000,-21.762179390000,"Rua Natalino José de Paula, 288"
412,PARQUE BURNIER.,10072358,22:10:00,1,0,0,0,2025-01-30T00:00:00.000Z,-43.328687310000,-21.761675740000,"Rua Natalino José de Paula, 112 - Ponto Final do Parque Burnier"
412,PARQUE BURNIER.,10072358,22:30:00,18,0,0,7,2025-01-30T00:00:00.000Z,-43.328687310000,-21.761675740000,"Rua Natalino José de Paula, 112 - Ponto Final do Parque Burnier"
412,PARQUE BURNIER.,10072356,22:30:00,17,0,1,7,2025-01-30T00:00:00.000Z,-43.327793950000,-21.762107030000,"Rua Natalino José de Paula, 271"
412,PARQUE BURNIER.,10072375,22:30:00,16,0,0,8,2025-01-30T00:00:00.000Z,-43.327420830000,-21.762727850000,"Rua Natalino José de Paula, 319"
412,PARQUE BURNIER.,10071503,22:30:00,15,0,0,8,2025-01-30T00:00:00.000Z,-43.326207040000,-21.762717810000,"Rua Natalino José de Paula, 421"
412,PARQUE BURNIER.,10072359,22:30:00,14,0,0,8,2025-01-30T00:00:00.000Z,-43.326282500000,-21.763143540000,"Rua Adelaide Campos de Resende, 651"
412,PARQUE BURNIER.,10072328,22:30:00,13,0,0,8,2025-01-30T00:00:00.000Z,-43.326450350000,-21.763683320000,"Rua Adelaide Campos de Resende, 669"
412,PARQUE BURNIER.,10072377,22:30:00,12,0,0,8,2025-01-30T00:00:00.000Z,-43.327321890000,-21.764062650000,"Rua José Teodoro dos Santos, 25"
412,PARQUE BURNIER.,10072316,22:30:00,11,0,0,8,2025-01-30T00:00:00.000Z,-43.328204750000,-21.763332370000,"Rua José Teodoro dos Santos, 145"
412,PARQUE BURNIER.,10072313,22:30:00,10,0,1,8,2025-01-30T00:00:00.000Z,-43.328846690000,-21.762504770000,"Rua José Teodoro dos Santos, 275"
412,PARQUE BURNIER.,10072296,22:30:00,9,0,0,9,2025-01-30T00:00:00.000Z,-43.329374790000,-21.763440430000,"Rua Adelaide Campos de Resende, 975"
412,PARQUE BURNIER.,10072301,22:30:00,8,0,1,9,2025-01-30T00:00:00.000Z,-43.330138330000,-21.763252970000,"Rua Adelaide Campos de Resende, 1061"
412,PARQUE BURNIER.,10073561,22:30:00,7,0,0,10,2025-01-30T00:00:00.000Z,-43.331552510000,-21.763418910000,"Rua Olga Burnier, 480"
412,PARQUE BURNIER.,10073557,22:30:00,6,0,0,10,2025-01-30T00:00:00.000Z,-43.332479840000,-21.762640710000,"Rua Olga Burnier, 356"
412,PARQUE BURNIER.,10073560,22:30:00,5,0,0,10,2025-01-30T00:00:00.000Z,-43.333589670000,-21.761652280000,"Rua Olga Burnier, 230"
412,PARQUE BURNIER.,10073558,22:30:00,4,0,0,10,2025-01-30T00:00:00.000Z,-43.334645750000,-21.760669710000,"Rua Olga Burnier, 70"
412,PARQUE BURNIER.,10073552,22:30:00,3,0,0,10,2025-01-30T00:00:00.000Z,-43.335479020000,-21.760313550000,"Rua São Geraldo, 84"
412,PARQUE BURNIER.,10072305,22:30:00,2,0,0,10,2025-01-30T00:00:00.000Z,-43.337478970000,-21.760922950000,"Rua Djalma de Carvalho, 37"
412,PARQUE BURNIER.,10071108,22:30:00,1,10,0,10,2025-01-30T00:00:00.000Z,-43.349331860000,-21.758144610000,"Avenida Getúlio Vargas, 835"
412,PARQUE BURNIER.,10072302,05:30:00,15,2,2,5,2025-01-31T00:00:00.000Z,-43.338029500000,-21.760323850000,"Avenida Sete de Setembro, 623"
412,PARQUE BURNIER.,10072386,05:30:00,7,0,0,4,2025-01-31T00:00:00.000Z,-43.328850270000,-21.762325320000,"Rua José Teodoro dos Santos, 292"
412,PARQUE BURNIER.,10072332,05:30:00,14,0,1,5,2025-01-31T00:00:00.000Z,-43.335533860000,-21.760131640000,"Rua São Geraldo, 89"
412,PARQUE BURNIER.,10072337,05:30:00,13,0,0,6,2025-01-31T00:00:00.000Z,-43.334540130000,-21.760522960000,"Rua Olga Burnier, 67"
412,PARQUE BURNIER.,10072384,05:30:00,6,0,0,4,2025-01-31T00:00:00.000Z,-43.327999480000,-21.763301540000,"Rua José Teodoro dos Santos, 126"
412,PARQUE BURNIER.,10072362,05:30:00,3,1,0,1,2025-01-31T00:00:00.000Z,-43.327527760000,-21.762798310000,"Rua Natalino José de Paula, 310"
412,PARQUE BURNIER.,10072335,05:30:00,12,0,0,6,2025-01-31T00:00:00.000Z,-43.333453420000,-21.761562350000,"Rua Olga Burnier, 233"
412,PARQUE BURNIER.,10072382,05:30:00,11,0,0,6,2025-01-31T00:00:00.000Z,-43.332369450000,-21.762522520000,"Rua Olga Burnier, 361"
412,PARQUE BURNIER.,10072309,05:30:00,5,0,0,4,2025-01-31T00:00:00.000Z,-43.327273730000,-21.763967940000,"Rua José Teodoro dos Santos, 28"
412,PARQUE BURNIER.,10072380,05:30:00,10,1,0,6,2025-01-31T00:00:00.000Z,-43.331466790000,-21.763337580000,"Rua Olga Burnier, 485"
412,PARQUE BURNIER.,10073589,05:30:00,4,3,0,4,2025-01-31T00:00:00.000Z,-43.326568960000,-21.763629600000,"Rua Adelaide Campos de Resende, 706"
412,PARQUE BURNIER.,10072363,05:30:00,2,0,0,0,2025-01-31T00:00:00.000Z,-43.327885630000,-21.762179390000,"Rua Natalino José de Paula, 288"
412,PARQUE BURNIER.,10073583,05:30:00,9,0,0,5,2025-01-31T00:00:00.000Z,-43.330207820000,-21.763072230000,"Rua Adelaide Campos de Resende, 1070"
412,PARQUE BURNIER.,10071108,05:30:00,17,0,1,0,2025-01-31T00:00:00.000Z,-43.349331860000,-21.758144610000,"Avenida Getúlio Vargas, 835"
412,PARQUE BURNIER.,10073584,05:30:00,8,1,0,5,2025-01-31T00:00:00.000Z,-43.329363350000,-21.763255450000,"Rua Adelaide Campos de Resende, 984"
412,PARQUE BURNIER.,10072358,05:30:00,1,0,0,0,2025-01-31T00:00:00.000Z,-43.328687310000,-21.761675740000,"Rua Natalino José de Paula, 112 - Ponto Final do Parque Burnier"
412,PARQUE BURNIER.,10074194,05:30:00,16,1,5,1,2025-01-31T00:00:00.000Z,-43.342338620000,-21.760505960000,"Rua Ângelo Falci, 55"
412,PARQUE BURNIER.,10072359,05:51:00,14,0,0,0,2025-01-31T00:00:00.000Z,-43.326282500000,-21.763143540000,"Rua Adelaide Campos de Resende, 651"
412,PARQUE BURNIER.,10072328,05:51:00,13,0,0,0,2025-01-31T00:00:00.000Z,-43.326450350000,-21.763683320000,"Rua Adelaide Campos de Resende, 669"
412,PARQUE BURNIER.,10072377,05:51:00,12,0,0,0,2025-01-31T00:00:00.000Z,-43.327321890000,-21.764062650000,"Rua José Teodoro dos Santos, 25"
412,PARQUE BURNIER.,10072316,05:51:00,11,0,0,0,2025-01-31T00:00:00.000Z,-43.328204750000,-21.763332370000,"Rua José Teodoro dos Santos, 145"
412,PARQUE BURNIER.,10072313,05:51:00,10,0,0,0,2025-01-31T00:00:00.000Z,-43.328846690000,-21.762504770000,"Rua José Teodoro dos Santos, 275"
412,PARQUE BURNIER.,10072296,05:51:00,9,0,5,0,2025-01-31T00:00:00.000Z,-43.329374790000,-21.763440430000,"Rua Adelaide Campos de Resende, 975"
412,PARQUE BURNIER.,10073561,05:51:00,7,0,0,5,2025-01-31T00:00:00.000Z,-43.331552510000,-21.763418910000,"Rua Olga Burnier, 480"
412,PARQUE BURNIER.,10072301,05:51:00,8,0,0,5,2025-01-31T00:00:00.000Z,-43.330138330000,-21.763252970000,"Rua Adelaide Campos de Resende, 1061"
412,PARQUE BURNIER.,10073557,05:51:00,6,0,0,5,2025-01-31T00:00:00.000Z,-43.332479840000,-21.762640710000,"Rua Olga Burnier, 356"
412,PARQUE BURNIER.,10073560,05:51:00,5,0,0,5,2025-01-31T00:00:00.000Z,-43.333589670000,-21.761652280000,"Rua Olga Burnier, 230"
412,PARQUE BURNIER.,10073558,05:51:00,4,0,3,5,2025-01-31T00:00:00.000Z,-43.334645750000,-21.760669710000,"Rua Olga Burnier, 70"
412,PARQUE BURNIER.,10073552,05:51:00,3,0,0,8,2025-01-31T00:00:00.000Z,-43.335479020000,-21.760313550000,"Rua São Geraldo, 84"
412,PARQUE BURNIER.,10072305,05:51:00,2,0,0,8,2025-01-31T00:00:00.000Z,-43.337478970000,-21.760922950000,"Rua Djalma de Carvalho, 37"
412,PARQUE BURNIER.,10071108,05:51:00,1,8,0,8,2025-01-31T00:00:00.000Z,-43.349331860000,-21.758144610000,"Avenida Getúlio Vargas, 835"
412,PARQUE BURNIER.,10071503,05:51:00,15,0,0,0,2025-01-31T00:00:00.000Z,-43.326207040000,-21.762717810000,"Rua Natalino José de Paula, 421"
412,PARQUE BURNIER.,10072358,05:51:00,18,11,0,11,2025-01-31T00:00:00.000Z,-43.328687310000,-21.761675740000,"Rua Natalino José de Paula, 112 - Ponto Final do Parque Burnier"
412,PARQUE BURNIER.,10072356,05:51:00,17,0,0,0,2025-01-31T00:00:00.000Z,-43.327793950000,-21.762107030000,"Rua Natalino José de Paula, 271"
412,PARQUE BURNIER.,10072375,05:51:00,16,0,0,0,2025-01-31T00:00:00.000Z,-43.327420830000,-21.762727850000,"Rua Natalino José de Paula, 319"
412,PARQUE BURNIER.,10072332,06:17:00,14,0,0,20,2025-01-31T00:00:00.000Z,-43.335533860000,-21.760131640000,"Rua São Geraldo, 89"
412,PARQUE BURNIER.,10072337,06:17:00,13,0,0,20,2025-01-31T00:00:00.000Z,-43.334540130000,-21.760522960000,"Rua Olga Burnier, 67"
412,PARQUE BURNIER.,10071108,06:17:00,17,0,2,14,2025-01-31T00:00:00.000Z,-43.349331860000,-21.758144610000,"Avenida Getúlio Vargas, 835"
412,PARQUE BURNIER.,10072358,06:17:00,1,0,0,0,2025-01-31T00:00:00.000Z,-43.328687310000,-21.761675740000,"Rua Natalino José de Paula, 112 - Ponto Final do Parque Burnier"
412,PARQUE BURNIER.,10074194,06:17:00,16,0,1,16,2025-01-31T00:00:00.000Z,-43.342338620000,-21.760505960000,"Rua Ângelo Falci, 55"
412,PARQUE BURNIER.,10072302,06:17:00,15,0,3,17,2025-01-31T00:00:00.000Z,-43.338029500000,-21.760323850000,"Avenida Sete de Setembro, 623"
412,PARQUE BURNIER.,10072335,06:17:00,12,0,1,20,2025-01-31T00:00:00.000Z,-43.333453420000,-21.761562350000,"Rua Olga Burnier, 233"
412,PARQUE BURNIER.,10072382,06:17:00,11,0,0,21,2025-01-31T00:00:00.000Z,-43.332369450000,-21.762522520000,"Rua Olga Burnier, 361"
412,PARQUE BURNIER.,10072380,06:17:00,10,1,0,21,2025-01-31T00:00:00.000Z,-43.331466790000,-21.763337580000,"Rua Olga Burnier, 485"
412,PARQUE BURNIER.,10073583,06:17:00,9,1,0,20,2025-01-31T00:00:00.000Z,-43.330207820000,-21.763072230000,"Rua Adelaide Campos de Resende, 1070"
412,PARQUE BURNIER.,10073584,06:17:00,8,1,0,19,2025-01-31T00:00:00.000Z,-43.329363350000,-21.763255450000,"Rua Adelaide Campos de Resende, 984"
412,PARQUE BURNIER.,10072386,06:17:00,7,1,0,18,2025-01-31T00:00:00.000Z,-43.328850270000,-21.762325320000,"Rua José Teodoro dos Santos, 292"
412,PARQUE BURNIER.,10072309,06:17:00,5,2,1,15,2025-01-31T00:00:00.000Z,-43.327273730000,-21.763967940000,"Rua José Teodoro dos Santos, 28"
412,PARQUE BURNIER.,10072384,06:17:00,6,3,1,17,2025-01-31T00:00:00.000Z,-43.327999480000,-21.763301540000,"Rua José Teodoro dos Santos, 126"
412,PARQUE BURNIER.,10073589,06:17:00,4,8,0,14,2025-01-31T00:00:00.000Z,-43.326568960000,-21.763629600000,"Rua Adelaide Campos de Resende, 706"
412,PARQUE BURNIER.,10072362,06:17:00,3,0,0,6,2025-01-31T00:00:00.000Z,-43.327527760000,-21.762798310000,"Rua Natalino José de Paula, 310"
412,PARQUE BURNIER.,10072363,06:17:00,2,6,0,6,2025-01-31T00:00:00.000Z,-43.327885630000,-21.762179390000,"Rua Natalino José de Paula, 288"
412,PARQUE BURNIER.,10072316,06:38:00,11,1,0,1,2025-01-31T00:00:00.000Z,-43.328204750000,-21.763332370000,"Rua José Teodoro dos Santos, 145"
412,PARQUE BURNIER.,10072313,06:38:00,10,0,0,0,2025-01-31T00:00:00.000Z,-43.328846690000,-21.762504770000,"Rua José Teodoro dos Santos, 275"
412,PARQUE BURNIER.,10072296,06:38:00,9,0,0,0,2025-01-31T00:00:00.000Z,-43.329374790000,-21.763440430000,"Rua Adelaide Campos de Resende, 975"
412,PARQUE BURNIER.,10072301,06:38:00,8,0,0,0,2025-01-31T00:00:00.000Z,-43.330138330000,-21.763252970000,"Rua Adelaide Campos de Resende, 1061"
412,PARQUE BURNIER.,10073561,06:38:00,7,0,0,0,2025-01-31T00:00:00.000Z,-43.331552510000,-21.763418910000,"Rua Olga Burnier, 480"
412,PARQUE BURNIER.,10073557,06:38:00,6,0,0,0,2025-01-31T00:00:00.000Z,-43.332479840000,-21.762640710000,"Rua Olga Burnier, 356"
412,PARQUE BURNIER.,10073558,06:38:00,4,0,0,0,2025-01-31T00:00:00.000Z,-43.334645750000,-21.760669710000,"Rua Olga Burnier, 70"
412,PARQUE BURNIER.,10073560,06:38:00,5,0,0,0,2025-01-31T00:00:00.000Z,-43.333589670000,-21.761652280000,"Rua Olga Burnier, 230"
412,PARQUE BURNIER.,10073552,06:38:00,3,0,1,0,2025-01-31T00:00:00.000Z,-43.335479020000,-21.760313550000,"Rua São Geraldo, 84"
412,PARQUE BURNIER.,10072305,06:38:00,2,0,1,1,2025-01-31T00:00:00.000Z,-43.337478970000,-21.760922950000,"Rua Djalma de Carvalho, 37"
412,PARQUE BURNIER.,10072377,06:38:00,12,1,0,2,2025-01-31T00:00:00.000Z,-43.327321890000,-21.764062650000,"Rua José Teodoro dos Santos, 25"
412,PARQUE BURNIER.,10071108,06:38:00,1,2,0,2,2025-01-31T00:00:00.000Z,-43.349331860000,-21.758144610000,"Avenida Getúlio Vargas, 835"
412,PARQUE BURNIER.,10072358,06:38:00,18,11,0,11,2025-01-31T00:00:00.000Z,-43.328687310000,-21.761675740000,"Rua Natalino José de Paula, 112 - Ponto Final do Parque Burnier"
412,PARQUE BURNIER.,10072375,06:38:00,16,0,0,0,2025-01-31T00:00:00.000Z,-43.327420830000,-21.762727850000,"Rua Natalino José de Paula, 319"
412,PARQUE BURNIER.,10072356,06:38:00,17,0,0,0,2025-01-31T00:00:00.000Z,-43.327793950000,-21.762107030000,"Rua Natalino José de Paula, 271"
412,PARQUE BURNIER.,10072359,06:38:00,14,0,0,0,2025-01-31T00:00:00.000Z,-43.326282500000,-21.763143540000,"Rua Adelaide Campos de Resende, 651"
412,PARQUE BURNIER.,10072328,06:38:00,13,0,2,0,2025-01-31T00:00:00.000Z,-43.326450350000,-21.763683320000,"Rua Adelaide Campos de Resende, 669"
412,PARQUE BURNIER.,10071503,06:38:00,15,0,0,0,2025-01-31T00:00:00.000Z,-43.326207040000,-21.762717810000,"Rua Natalino José de Paula, 421"
412,PARQUE BURNIER.,10072380,07:04:00,10,0,0,27,2025-01-31T00:00:00.000Z,-43.331466790000,-21.763337580000,"Rua Olga Burnier, 485"
412,PARQUE BURNIER.,10072363,07:04:00,2,6,0,6,2025-01-31T00:00:00.000Z,-43.327885630000,-21.762179390000,"Rua Natalino José de Paula, 288"
412,PARQUE BURNIER.,10072358,07:04:00,1,0,0,0,2025-01-31T00:00:00.000Z,-43.328687310000,-21.761675740000,"Rua Natalino José de Paula, 112 - Ponto Final do Parque Burnier"
412,PARQUE BURNIER.,10071108,07:04:00,17,0,10,20,2025-01-31T00:00:00.000Z,-43.349331860000,-21.758144610000,"Avenida Getúlio Vargas, 835"
412,PARQUE BURNIER.,10074194,07:04:00,16,0,2,30,2025-01-31T00:00:00.000Z,-43.342338620000,-21.760505960000,"Rua Ângelo Falci, 55"
412,PARQUE BURNIER.,10072302,07:04:00,15,3,2,32,2025-01-31T00:00:00.000Z,-43.338029500000,-21.760323850000,"Avenida Sete de Setembro, 623"
412,PARQUE BURNIER.,10072332,07:04:00,14,0,0,31,2025-01-31T00:00:00.000Z,-43.335533860000,-21.760131640000,"Rua São Geraldo, 89"
412,PARQUE BURNIER.,10072337,07:04:00,13,0,0,31,2025-01-31T00:00:00.000Z,-43.334540130000,-21.760522960000,"Rua Olga Burnier, 67"
412,PARQUE BURNIER.,10072382,07:04:00,11,3,0,30,2025-01-31T00:00:00.000Z,-43.332369450000,-21.762522520000,"Rua Olga Burnier, 361"
412,PARQUE BURNIER.,10072335,07:04:00,12,1,0,31,2025-01-31T00:00:00.000Z,-43.333453420000,-21.761562350000,"Rua Olga Burnier, 233"
412,PARQUE BURNIER.,10073583,07:04:00,9,0,0,27,2025-01-31T00:00:00.000Z,-43.330207820000,-21.763072230000,"Rua Adelaide Campos de Resende, 1070"
412,PARQUE BURNIER.,10073584,07:04:00,8,0,0,27,2025-01-31T00:00:00.000Z,-43.329363350000,-21.763255450000,"Rua Adelaide Campos de Resende, 984"
412,PARQUE BURNIER.,10072386,07:04:00,7,4,0,27,2025-01-31T00:00:00.000Z,-43.328850270000,-21.762325320000,"Rua José Teodoro dos Santos, 292"
412,PARQUE BURNIER.,10072384,07:04:00,6,0,0,23,2025-01-31T00:00:00.000Z,-43.327999480000,-21.763301540000,"Rua José Teodoro dos Santos, 126"
412,PARQUE BURNIER.,10073589,07:04:00,4,12,0,23,2025-01-31T00:00:00.000Z,-43.326568960000,-21.763629600000,"Rua Adelaide Campos de Resende, 706"
412,PARQUE BURNIER.,10072309,07:04:00,5,0,0,23,2025-01-31T00:00:00.000Z,-43.327273730000,-21.763967940000,"Rua José Teodoro dos Santos, 28"
412,PARQUE BURNIER.,10072362,07:04:00,3,5,0,11,2025-01-31T00:00:00.000Z,-43.327527760000,-21.762798310000,"Rua Natalino José de Paula, 310"
412,PARQUE BURNIER.,10071108,07:25:00,1,4,0,4,2025-01-31T00:00:00.000Z,-43.349331860000,-21.758144610000,"Avenida Getúlio Vargas, 835"
412,PARQUE BURNIER.,10072296,07:25:00,9,2,0,3,2025-01-31T00:00:00.000Z,-43.329374790000,-21.763440430000,"Rua Adelaide Campos de Resende, 975"
412,PARQUE BURNIER.,10072358,07:25:00,18,6,0,6,2025-01-31T00:00:00.000Z,-43.328687310000,-21.761675740000,"Rua Natalino José de Paula, 112 - Ponto Final do Parque Burnier"
412,PARQUE BURNIER.,10072356,07:25:00,17,0,0,0,2025-01-31T00:00:00.000Z,-43.327793950000,-21.762107030000,"Rua Natalino José de Paula, 271"
412,PARQUE BURNIER.,10072313,07:25:00,10,0,0,3,2025-01-31T00:00:00.000Z,-43.328846690000,-21.762504770000,"Rua José Teodoro dos Santos, 275"
412,PARQUE BURNIER.,10072375,07:25:00,16,0,0,0,2025-01-31T00:00:00.000Z,-43.327420830000,-21.762727850000,"Rua Natalino José de Paula, 319"
412,PARQUE BURNIER.,10071503,07:25:00,15,0,0,0,2025-01-31T00:00:00.000Z,-43.326207040000,-21.762717810000,"Rua Natalino José de Paula, 421"
412,PARQUE BURNIER.,10072359,07:25:00,14,0,1,0,2025-01-31T00:00:00.000Z,-43.326282500000,-21.763143540000,"Rua Adelaide Campos de Resende, 651"
412,PARQUE BURNIER.,10072328,07:25:00,13,0,2,1,2025-01-31T00:00:00.000Z,-43.326450350000,-21.763683320000,"Rua Adelaide Campos de Resende, 669"
412,PARQUE BURNIER.,10072316,07:25:00,11,0,0,3,2025-01-31T00:00:00.000Z,-43.328204750000,-21.763332370000,"Rua José Teodoro dos Santos, 145"
412,PARQUE BURNIER.,10072377,07:25:00,12,0,0,3,2025-01-31T00:00:00.000Z,-43.327321890000,-21.764062650000,"Rua José Teodoro dos Santos, 25"
412,PARQUE BURNIER.,10072301,07:25:00,8,0,0,1,2025-01-31T00:00:00.000Z,-43.330138330000,-21.763252970000,"Rua Adelaide Campos de Resende, 1061"
412,PARQUE BURNIER.,10073561,07:25:00,7,0,0,1,2025-01-31T00:00:00.000Z,-43.331552510000,-21.763418910000,"Rua Olga Burnier, 480"
412,PARQUE BURNIER.,10073557,07:25:00,6,0,0,1,2025-01-31T00:00:00.000Z,-43.332479840000,-21.762640710000,"Rua Olga Burnier, 356"
412,PARQUE BURNIER.,10073560,07:25:00,5,0,0,1,2025-01-31T00:00:00.000Z,-43.333589670000,-21.761652280000,"Rua Olga Burnier, 230"
412,PARQUE BURNIER.,10073558,07:25:00,4,0,0,1,2025-01-31T00:00:00.000Z,-43.334645750000,-21.760669710000,"Rua Olga Burnier, 70"
412,PARQUE BURNIER.,10073552,07:25:00,3,0,2,1,2025-01-31T00:00:00.000Z,-43.335479020000,-21.760313550000,"Rua São Geraldo, 84"
412,PARQUE BURNIER.,10072305,07:25:00,2,0,1,3,2025-01-31T00:00:00.000Z,-43.337478970000,-21.760922950000,"Rua Djalma de Carvalho, 37"
412,PARQUE BURNIER.,10072363,07:51:00,2,1,0,1,2025-01-31T00:00:00.000Z,-43.327885630000,-21.762179390000,"Rua Natalino José de Paula, 288"
412,PARQUE BURNIER.,10072358,07:51:00,1,0,0,0,2025-01-31T00:00:00.000Z,-43.328687310000,-21.761675740000,"Rua Natalino José de Paula, 112 - Ponto Final do Parque Burnier"
412,PARQUE BURNIER.,10072386,07:51:00,7,5,0,23,2025-01-31T00:00:00.000Z,-43.328850270000,-21.762325320000,"Rua José Teodoro dos Santos, 292"
412,PARQUE BURNIER.,10071108,07:51:00,17,0,20,0,2025-01-31T00:00:00.000Z,-43.349331860000,-21.758144610000,"Avenida Getúlio Vargas, 835"
412,PARQUE BURNIER.,10074194,07:51:00,16,2,11,20,2025-01-31T00:00:00.000Z,-43.342338620000,-21.760505960000,"Rua Ângelo Falci, 55"
412,PARQUE BURNIER.,10072302,07:51:00,15,2,2,29,2025-01-31T00:00:00.000Z,-43.338029500000,-21.760323850000,"Avenida Sete de Setembro, 623"
412,PARQUE BURNIER.,10072332,07:51:00,14,1,0,29,2025-01-31T00:00:00.000Z,-43.335533860000,-21.760131640000,"Rua São Geraldo, 89"
412,PARQUE BURNIER.,10072337,07:51:00,13,1,0,28,2025-01-31T00:00:00.000Z,-43.334540130000,-21.760522960000,"Rua Olga Burnier, 67"
412,PARQUE BURNIER.,10072335,07:51:00,12,0,0,27,2025-01-31T00:00:00.000Z,-43.333453420000,-21.761562350000,"Rua Olga Burnier, 233"
412,PARQUE BURNIER.,10072382,07:51:00,11,0,0,27,2025-01-31T00:00:00.000Z,-43.332369450000,-21.762522520000,"Rua Olga Burnier, 361"
412,PARQUE BURNIER.,10072380,07:51:00,10,3,0,27,2025-01-31T00:00:00.000Z,-43.331466790000,-21.763337580000,"Rua Olga Burnier, 485"
412,PARQUE BURNIER.,10073584,07:51:00,8,1,0,24,2025-01-31T00:00:00.000Z,-43.329363350000,-21.763255450000,"Rua Adelaide Campos de Resende, 984"
412,PARQUE BURNIER.,10073583,07:51:00,9,0,0,24,2025-01-31T00:00:00.000Z,-43.330207820000,-21.763072230000,"Rua Adelaide Campos de Resende, 1070"
412,PARQUE BURNIER.,10072384,07:51:00,6,1,0,18,2025-01-31T00:00:00.000Z,-43.327999480000,-21.763301540000,"Rua José Teodoro dos Santos, 126"
412,PARQUE BURNIER.,10072309,07:51:00,5,2,0,17,2025-01-31T00:00:00.000Z,-43.327273730000,-21.763967940000,"Rua José Teodoro dos Santos, 28"
412,PARQUE BURNIER.,10073589,07:51:00,4,8,0,15,2025-01-31T00:00:00.000Z,-43.326568960000,-21.763629600000,"Rua Adelaide Campos de Resende, 706"
412,PARQUE BURNIER.,10072362,07:51:00,3,6,0,7,2025-01-31T00:00:00.000Z,-43.327527760000,-21.762798310000,"Rua Natalino José de Paula, 310"
412,PARQUE BURNIER.,10073560,08:12:00,5,1,0,13,2025-01-31T00:00:00.000Z,-43.333589670000,-21.761652280000,"Rua Olga Burnier, 230"
412,PARQUE BURNIER.,10073558,08:12:00,4,0,0,12,2025-01-31T00:00:00.000Z,-43.334645750000,-21.760669710000,"Rua Olga Burnier, 70"
412,PARQUE BURNIER.,10073552,08:12:00,3,0,0,12,2025-01-31T00:00:00.000Z,-43.335479020000,-21.760313550000,"Rua São Geraldo, 84"
412,PARQUE BURNIER.,10072305,08:12:00,2,3,0,12,2025-01-31T00:00:00.000Z,-43.337478970000,-21.760922950000,"Rua Djalma de Carvalho, 37"
412,PARQUE BURNIER.,10072359,08:12:00,14,0,0,0,2025-01-31T00:00:00.000Z,-43.326282500000,-21.763143540000,"Rua Adelaide Campos de Resende, 651"
412,PARQUE BURNIER.,10072301,08:12:00,8,0,0,12,2025-01-31T00:00:00.000Z,-43.330138330000,-21.763252970000,"Rua Adelaide Campos de Resende, 1061"
412,PARQUE BURNIER.,10072358,08:12:00,18,9,0,9,2025-01-31T00:00:00.000Z,-43.328687310000,-21.761675740000,"Rua Natalino José de Paula, 112 - Ponto Final do Parque Burnier"
412,PARQUE BURNIER.,10073561,08:12:00,7,0,1,12,2025-01-31T00:00:00.000Z,-43.331552510000,-21.763418910000,"Rua Olga Burnier, 480"
412,PARQUE BURNIER.,10072356,08:12:00,17,0,0,0,2025-01-31T00:00:00.000Z,-43.327793950000,-21.762107030000,"Rua Natalino José de Paula, 271"
412,PARQUE BURNIER.,10072375,08:12:00,16,0,0,0,2025-01-31T00:00:00.000Z,-43.327420830000,-21.762727850000,"Rua Natalino José de Paula, 319"
412,PARQUE BURNIER.,10073557,08:12:00,6,0,0,13,2025-01-31T00:00:00.000Z,-43.332479840000,-21.762640710000,"Rua Olga Burnier, 356"
412,PARQUE BURNIER.,10071503,08:12:00,15,0,0,0,2025-01-31T00:00:00.000Z,-43.326207040000,-21.762717810000,"Rua Natalino José de Paula, 421"
412,PARQUE BURNIER.,10072328,08:12:00,13,0,5,0,2025-01-31T00:00:00.000Z,-43.326450350000,-21.763683320000,"Rua Adelaide Campos de Resende, 669"
412,PARQUE BURNIER.,10072377,08:12:00,12,0,2,5,2025-01-31T00:00:00.000Z,-43.327321890000,-21.764062650000,"Rua José Teodoro dos Santos, 25"
412,PARQUE BURNIER.,10072316,08:12:00,11,0,3,7,2025-01-31T00:00:00.000Z,-43.328204750000,-21.763332370000,"Rua José Teodoro dos Santos, 145"
412,PARQUE BURNIER.,10072313,08:12:00,10,0,1,10,2025-01-31T00:00:00.000Z,-43.328846690000,-21.762504770000,"Rua José Teodoro dos Santos, 275"
412,PARQUE BURNIER.,10072296,08:12:00,9,0,1,11,2025-01-31T00:00:00.000Z,-43.329374790000,-21.763440430000,"Rua Adelaide Campos de Resende, 975"
412,PARQUE BURNIER.,10071108,08:12:00,1,9,0,9,2025-01-31T00:00:00.000Z,-43.349331860000,-21.758144610000,"Avenida Getúlio Vargas, 835"
412,PARQUE BURNIER.,10074194,08:38:00,16,2,6,30,2025-01-31T00:00:00.000Z,-43.342338620000,-21.760505960000,"Rua Ângelo Falci, 55"
412,PARQUE BURNIER.,10072335,08:38:00,12,2,0,27,2025-01-31T00:00:00.000Z,-43.333453420000,-21.761562350000,"Rua Olga Burnier, 233"
412,PARQUE BURNIER.,10071108,08:38:00,17,0,28,2,2025-01-31T00:00:00.000Z,-43.349331860000,-21.758144610000,"Avenida Getúlio Vargas, 835"
412,PARQUE BURNIER.,10073589,08:38:00,4,2,0,7,2025-01-31T00:00:00.000Z,-43.326568960000,-21.763629600000,"Rua Adelaide Campos de Resende, 706"
412,PARQUE BURNIER.,10072302,08:38:00,15,2,0,34,2025-01-31T00:00:00.000Z,-43.338029500000,-21.760323850000,"Avenida Sete de Setembro, 623"
412,PARQUE BURNIER.,10072332,08:38:00,14,5,0,32,2025-01-31T00:00:00.000Z,-43.335533860000,-21.760131640000,"Rua São Geraldo, 89"
412,PARQUE BURNIER.,10072362,08:38:00,3,3,0,5,2025-01-31T00:00:00.000Z,-43.327527760000,-21.762798310000,"Rua Natalino José de Paula, 310"
412,PARQUE BURNIER.,10072337,08:38:00,13,0,0,27,2025-01-31T00:00:00.000Z,-43.334540130000,-21.760522960000,"Rua Olga Burnier, 67"
412,PARQUE BURNIER.,10072382,08:38:00,11,2,0,25,2025-01-31T00:00:00.000Z,-43.332369450000,-21.762522520000,"Rua Olga Burnier, 361"
412,PARQUE BURNIER.,10072380,08:38:00,10,0,0,23,2025-01-31T00:00:00.000Z,-43.331466790000,-21.763337580000,"Rua Olga Burnier, 485"
412,PARQUE BURNIER.,10073583,08:38:00,9,5,1,23,2025-01-31T00:00:00.000Z,-43.330207820000,-21.763072230000,"Rua Adelaide Campos de Resende, 1070"
412,PARQUE BURNIER.,10073584,08:38:00,8,5,0,19,2025-01-31T00:00:00.000Z,-43.329363350000,-21.763255450000,"Rua Adelaide Campos de Resende, 984"
412,PARQUE BURNIER.,10072386,08:38:00,7,6,1,14,2025-01-31T00:00:00.000Z,-43.328850270000,-21.762325320000,"Rua José Teodoro dos Santos, 292"
412,PARQUE BURNIER.,10072309,08:38:00,5,1,0,8,2025-01-31T00:00:00.000Z,-43.327273730000,-21.763967940000,"Rua José Teodoro dos Santos, 28"
412,PARQUE BURNIER.,10072363,08:38:00,2,2,0,2,2025-01-31T00:00:00.000Z,-43.327885630000,-21.762179390000,"Rua Natalino José de Paula, 288"
412,PARQUE BURNIER.,10072384,08:38:00,6,2,1,9,2025-01-31T00:00:00.000Z,-43.327999480000,-21.763301540000,"Rua José Teodoro dos Santos, 126"
412,PARQUE BURNIER.,10072358,08:38:00,1,0,0,0,2025-01-31T00:00:00.000Z,-43.328687310000,-21.761675740000,"Rua Natalino José de Paula, 112 - Ponto Final do Parque Burnier"
412,PARQUE BURNIER.,10071108,08:59:00,1,19,0,19,2025-01-31T00:00:00.000Z,-43.349331860000,-21.758144610000,"Avenida Getúlio Vargas, 835"
412,PARQUE BURNIER.,10073552,08:59:00,3,0,1,16,2025-01-31T00:00:00.000Z,-43.335479020000,-21.760313550000,"Rua São Geraldo, 84"
412,PARQUE BURNIER.,10072305,08:59:00,2,2,4,17,2025-01-31T00:00:00.000Z,-43.337478970000,-21.760922950000,"Rua Djalma de Carvalho, 37"
412,PARQUE BURNIER.,10072358,08:59:00,18,3,0,11,2025-01-31T00:00:00.000Z,-43.328687310000,-21.761675740000,"Rua Natalino José de Paula, 112 - Ponto Final do Parque Burnier"
412,PARQUE BURNIER.,10072356,08:59:00,17,0,1,8,2025-01-31T00:00:00.000Z,-43.327793950000,-21.762107030000,"Rua Natalino José de Paula, 271"
412,PARQUE BURNIER.,10072375,08:59:00,16,0,5,9,2025-01-31T00:00:00.000Z,-43.327420830000,-21.762727850000,"Rua Natalino José de Paula, 319"
412,PARQUE BURNIER.,10071503,08:59:00,15,1,0,14,2025-01-31T00:00:00.000Z,-43.326207040000,-21.762717810000,"Rua Natalino José de Paula, 421"
412,PARQUE BURNIER.,10072359,08:59:00,14,0,0,13,2025-01-31T00:00:00.000Z,-43.326282500000,-21.763143540000,"Rua Adelaide Campos de Resende, 651"
412,PARQUE BURNIER.,10072328,08:59:00,13,0,0,13,2025-01-31T00:00:00.000Z,-43.326450350000,-21.763683320000,"Rua Adelaide Campos de Resende, 669"
412,PARQUE BURNIER.,10072316,08:59:00,11,0,0,15,2025-01-31T00:00:00.000Z,-43.328204750000,-21.763332370000,"Rua José Teodoro dos Santos, 145"
412,PARQUE BURNIER.,10072377,08:59:00,12,0,2,13,2025-01-31T00:00:00.000Z,-43.327321890000,-21.764062650000,"Rua José Teodoro dos Santos, 25"
412,PARQUE BURNIER.,10072313,08:59:00,10,0,0,15,2025-01-31T00:00:00.000Z,-43.328846690000,-21.762504770000,"Rua José Teodoro dos Santos, 275"
412,PARQUE BURNIER.,10072296,08:59:00,9,0,0,15,2025-01-31T00:00:00.000Z,-43.329374790000,-21.763440430000,"Rua Adelaide Campos de Resende, 975"
412,PARQUE BURNIER.,10072301,08:59:00,8,0,1,15,2025-01-31T00:00:00.000Z,-43.330138330000,-21.763252970000,"Rua Adelaide Campos de Resende, 1061"
412,PARQUE BURNIER.,10073561,08:59:00,7,0,0,16,2025-01-31T00:00:00.000Z,-43.331552510000,-21.763418910000,"Rua Olga Burnier, 480"
412,PARQUE BURNIER.,10073560,08:59:00,5,0,0,16,2025-01-31T00:00:00.000Z,-43.333589670000,-21.761652280000,"Rua Olga Burnier, 230"
412,PARQUE BURNIER.,10073558,08:59:00,4,0,0,16,2025-01-31T00:00:00.000Z,-43.334645750000,-21.760669710000,"Rua Olga Burnier, 70"
412,PARQUE BURNIER.,10073557,08:59:00,6,0,0,16,2025-01-31T00:00:00.000Z,-43.332479840000,-21.762640710000,"Rua Olga Burnier, 356"
412,PARQUE BURNIER.,10072358,09:25:00,1,0,0,0,2025-01-31T00:00:00.000Z,-43.328687310000,-21.761675740000,"Rua Natalino José de Paula, 112 - Ponto Final do Parque Burnier"
412,PARQUE BURNIER.,10071108,09:25:00,17,0,17,12,2025-01-31T00:00:00.000Z,-43.349331860000,-21.758144610000,"Avenida Getúlio Vargas, 835"
412,PARQUE BURNIER.,10074194,09:25:00,16,7,4,29,2025-01-31T00:00:00.000Z,-43.342338620000,-21.760505960000,"Rua Ângelo Falci, 55"
412,PARQUE BURNIER.,10072302,09:25:00,15,0,0,26,2025-01-31T00:00:00.000Z,-43.338029500000,-21.760323850000,"Avenida Sete de Setembro, 623"
412,PARQUE BURNIER.,10072332,09:25:00,14,0,0,26,2025-01-31T00:00:00.000Z,-43.335533860000,-21.760131640000,"Rua São Geraldo, 89"
412,PARQUE BURNIER.,10072337,09:25:00,13,0,0,26,2025-01-31T00:00:00.000Z,-43.334540130000,-21.760522960000,"Rua Olga Burnier, 67"
412,PARQUE BURNIER.,10072335,09:25:00,12,0,0,26,2025-01-31T00:00:00.000Z,-43.333453420000,-21.761562350000,"Rua Olga Burnier, 233"
412,PARQUE BURNIER.,10072382,09:25:00,11,2,0,26,2025-01-31T00:00:00.000Z,-43.332369450000,-21.762522520000,"Rua Olga Burnier, 361"
412,PARQUE BURNIER.,10073583,09:25:00,9,0,0,23,2025-01-31T00:00:00.000Z,-43.330207820000,-21.763072230000,"Rua Adelaide Campos de Resende, 1070"
412,PARQUE BURNIER.,10072380,09:25:00,10,1,0,24,2025-01-31T00:00:00.000Z,-43.331466790000,-21.763337580000,"Rua Olga Burnier, 485"
412,PARQUE BURNIER.,10073584,09:25:00,8,7,0,23,2025-01-31T00:00:00.000Z,-43.329363350000,-21.763255450000,"Rua Adelaide Campos de Resende, 984"
412,PARQUE BURNIER.,10072386,09:25:00,7,3,0,16,2025-01-31T00:00:00.000Z,-43.328850270000,-21.762325320000,"Rua José Teodoro dos Santos, 292"
412,PARQUE BURNIER.,10072384,09:25:00,6,1,0,13,2025-01-31T00:00:00.000Z,-43.327999480000,-21.763301540000,"Rua José Teodoro dos Santos, 126"
412,PARQUE BURNIER.,10072309,09:25:00,5,1,0,12,2025-01-31T00:00:00.000Z,-43.327273730000,-21.763967940000,"Rua José Teodoro dos Santos, 28"
412,PARQUE BURNIER.,10073589,09:25:00,4,7,0,11,2025-01-31T00:00:00.000Z,-43.326568960000,-21.763629600000,"Rua Adelaide Campos de Resende, 706"
412,PARQUE BURNIER.,10072362,09:25:00,3,4,0,4,2025-01-31T00:00:00.000Z,-43.327527760000,-21.762798310000,"Rua Natalino José de Paula, 310"
412,PARQUE BURNIER.,10072363,09:25:00,2,0,0,0,2025-01-31T00:00:00.000Z,-43.327885630000,-21.762179390000,"Rua Natalino José de Paula, 288"
412,PARQUE BURNIER.,10073552,09:45:00,3,0,0,1,2025-01-31T00:00:00.000Z,-43.335479020000,-21.760313550000,"Rua São Geraldo, 84"
412,PARQUE BURNIER.,10072305,09:45:00,2,1,2,1,2025-01-31T00:00:00.000Z,-43.337478970000,-21.760922950000,"Rua Djalma de Carvalho, 37"
412,PARQUE BURNIER.,10072375,09:45:00,16,0,0,0,2025-01-31T00:00:00.000Z,-43.327420830000,-21.762727850000,"Rua Natalino José de Paula, 319"
412,PARQUE BURNIER.,10071108,09:45:00,1,2,0,2,2025-01-31T00:00:00.000Z,-43.349331860000,-21.758144610000,"Avenida Getúlio Vargas, 835"
412,PARQUE BURNIER.,10072358,09:45:00,18,3,0,4,2025-01-31T00:00:00.000Z,-43.328687310000,-21.761675740000,"Rua Natalino José de Paula, 112 - Ponto Final do Parque Burnier"
412,PARQUE BURNIER.,10072356,09:45:00,17,1,0,1,2025-01-31T00:00:00.000Z,-43.327793950000,-21.762107030000,"Rua Natalino José de Paula, 271"
412,PARQUE BURNIER.,10071503,09:45:00,15,0,0,0,2025-01-31T00:00:00.000Z,-43.326207040000,-21.762717810000,"Rua Natalino José de Paula, 421"
412,PARQUE BURNIER.,10072359,09:45:00,14,0,0,0,2025-01-31T00:00:00.000Z,-43.326282500000,-21.763143540000,"Rua Adelaide Campos de Resende, 651"
412,PARQUE BURNIER.,10072328,09:45:00,13,0,0,0,2025-01-31T00:00:00.000Z,-43.326450350000,-21.763683320000,"Rua Adelaide Campos de Resende, 669"
412,PARQUE BURNIER.,10072377,09:45:00,12,0,0,0,2025-01-31T00:00:00.000Z,-43.327321890000,-21.764062650000,"Rua José Teodoro dos Santos, 25"
412,PARQUE BURNIER.,10072316,09:45:00,11,0,0,0,2025-01-31T00:00:00.000Z,-43.328204750000,-21.763332370000,"Rua José Teodoro dos Santos, 145"
412,PARQUE BURNIER.,10072313,09:45:00,10,0,0,0,2025-01-31T00:00:00.000Z,-43.328846690000,-21.762504770000,"Rua José Teodoro dos Santos, 275"
412,PARQUE BURNIER.,10072301,09:45:00,8,0,0,1,2025-01-31T00:00:00.000Z,-43.330138330000,-21.763252970000,"Rua Adelaide Campos de Resende, 1061"
412,PARQUE BURNIER.,10072296,09:45:00,9,0,1,0,2025-01-31T00:00:00.000Z,-43.329374790000,-21.763440430000,"Rua Adelaide Campos de Resende, 975"
412,PARQUE BURNIER.,10073561,09:45:00,7,1,1,1,2025-01-31T00:00:00.000Z,-43.331552510000,-21.763418910000,"Rua Olga Burnier, 480"
412,PARQUE BURNIER.,10073557,09:45:00,6,0,0,1,2025-01-31T00:00:00.000Z,-43.332479840000,-21.762640710000,"Rua Olga Burnier, 356"
412,PARQUE BURNIER.,10073560,09:45:00,5,0,0,1,2025-01-31T00:00:00.000Z,-43.333589670000,-21.761652280000,"Rua Olga Burnier, 230"
412,PARQUE BURNIER.,10073558,09:45:00,4,0,0,1,2025-01-31T00:00:00.000Z,-43.334645750000,-21.760669710000,"Rua Olga Burnier, 70"
412,PARQUE BURNIER.,10072302,10:20:00,15,0,0,10,2025-01-31T00:00:00.000Z,-43.338029500000,-21.760323850000,"Avenida Sete de Setembro, 623"
412,PARQUE BURNIER.,10072332,10:20:00,14,0,0,10,2025-01-31T00:00:00.000Z,-43.335533860000,-21.760131640000,"Rua São Geraldo, 89"
412,PARQUE BURNIER.,10074194,10:20:00,16,8,3,15,2025-01-31T00:00:00.000Z,-43.342338620000,-21.760505960000,"Rua Ângelo Falci, 55"
412,PARQUE BURNIER.,10072363,10:20:00,2,2,0,2,2025-01-31T00:00:00.000Z,-43.327885630000,-21.762179390000,"Rua Natalino José de Paula, 288"
412,PARQUE BURNIER.,10072358,10:20:00,1,0,0,0,2025-01-31T00:00:00.000Z,-43.328687310000,-21.761675740000,"Rua Natalino José de Paula, 112 - Ponto Final do Parque Burnier"
412,PARQUE BURNIER.,10071108,10:20:00,17,0,15,0,2025-01-31T00:00:00.000Z,-43.349331860000,-21.758144610000,"Avenida Getúlio Vargas, 835"
412,PARQUE BURNIER.,10072337,10:20:00,13,0,0,10,2025-01-31T00:00:00.000Z,-43.334540130000,-21.760522960000,"Rua Olga Burnier, 67"
412,PARQUE BURNIER.,10072335,10:20:00,12,0,0,10,2025-01-31T00:00:00.000Z,-43.333453420000,-21.761562350000,"Rua Olga Burnier, 233"
412,PARQUE BURNIER.,10072382,10:20:00,11,0,0,10,2025-01-31T00:00:00.000Z,-43.332369450000,-21.762522520000,"Rua Olga Burnier, 361"
412,PARQUE BURNIER.,10072380,10:20:00,10,0,0,10,2025-01-31T00:00:00.000Z,-43.331466790000,-21.763337580000,"Rua Olga Burnier, 485"
412,PARQUE BURNIER.,10073583,10:20:00,9,0,1,10,2025-01-31T00:00:00.000Z,-43.330207820000,-21.763072230000,"Rua Adelaide Campos de Resende, 1070"
412,PARQUE BURNIER.,10073584,10:20:00,8,3,0,11,2025-01-31T00:00:00.000Z,-43.329363350000,-21.763255450000,"Rua Adelaide Campos de Resende, 984"
412,PARQUE BURNIER.,10072384,10:20:00,6,0,0,8,2025-01-31T00:00:00.000Z,-43.327999480000,-21.763301540000,"Rua José Teodoro dos Santos, 126"
412,PARQUE BURNIER.,10072386,10:20:00,7,0,0,8,2025-01-31T00:00:00.000Z,-43.328850270000,-21.762325320000,"Rua José Teodoro dos Santos, 292"
412,PARQUE BURNIER.,10072309,10:20:00,5,1,1,8,2025-01-31T00:00:00.000Z,-43.327273730000,-21.763967940000,"Rua José Teodoro dos Santos, 28"
412,PARQUE BURNIER.,10073589,10:20:00,4,5,0,8,2025-01-31T00:00:00.000Z,-43.326568960000,-21.763629600000,"Rua Adelaide Campos de Resende, 706"
412,PARQUE BURNIER.,10072362,10:20:00,3,2,1,3,2025-01-31T00:00:00.000Z,-43.327527760000,-21.762798310000,"Rua Natalino José de Paula, 310"
412,PARQUE BURNIER.,10072305,10:40:00,2,1,2,4,2025-01-31T00:00:00.000Z,-43.337478970000,-21.760922950000,"Rua Djalma de Carvalho, 37"
412,PARQUE BURNIER.,10071108,10:40:00,1,5,0,5,2025-01-31T00:00:00.000Z,-43.349331860000,-21.758144610000,"Avenida Getúlio Vargas, 835"
412,PARQUE BURNIER.,10072356,10:40:00,17,0,0,2,2025-01-31T00:00:00.000Z,-43.327793950000,-21.762107030000,"Rua Natalino José de Paula, 271"
412,PARQUE BURNIER.,10072359,10:40:00,14,0,0,4,2025-01-31T00:00:00.000Z,-43.326282500000,-21.763143540000,"Rua Adelaide Campos de Resende, 651"
412,PARQUE BURNIER.,10072358,10:40:00,18,2,0,4,2025-01-31T00:00:00.000Z,-43.328687310000,-21.761675740000,"Rua Natalino José de Paula, 112 - Ponto Final do Parque Burnier"
412,PARQUE BURNIER.,10072328,10:40:00,13,0,0,4,2025-01-31T00:00:00.000Z,-43.326450350000,-21.763683320000,"Rua Adelaide Campos de Resende, 669"
412,PARQUE BURNIER.,10072375,10:40:00,16,0,0,2,2025-01-31T00:00:00.000Z,-43.327420830000,-21.762727850000,"Rua Natalino José de Paula, 319"
412,PARQUE BURNIER.,10073552,10:40:00,3,0,0,4,2025-01-31T00:00:00.000Z,-43.335479020000,-21.760313550000,"Rua São Geraldo, 84"
412,PARQUE BURNIER.,10071503,10:40:00,15,0,2,2,2025-01-31T00:00:00.000Z,-43.326207040000,-21.762717810000,"Rua Natalino José de Paula, 421"
412,PARQUE BURNIER.,10072377,10:40:00,12,0,0,4,2025-01-31T00:00:00.000Z,-43.327321890000,-21.764062650000,"Rua José Teodoro dos Santos, 25"
412,PARQUE BURNIER.,10072316,10:40:00,11,0,0,4,2025-01-31T00:00:00.000Z,-43.328204750000,-21.763332370000,"Rua José Teodoro dos Santos, 145"
412,PARQUE BURNIER.,10072313,10:40:00,10,0,0,4,2025-01-31T00:00:00.000Z,-43.328846690000,-21.762504770000,"Rua José Teodoro dos Santos, 275"
412,PARQUE BURNIER.,10072296,10:40:00,9,1,0,4,2025-01-31T00:00:00.000Z,-43.329374790000,-21.763440430000,"Rua Adelaide Campos de Resende, 975"
412,PARQUE BURNIER.,10072301,10:40:00,8,0,0,3,2025-01-31T00:00:00.000Z,-43.330138330000,-21.763252970000,"Rua Adelaide Campos de Resende, 1061"
412,PARQUE BURNIER.,10073561,10:40:00,7,0,1,3,2025-01-31T00:00:00.000Z,-43.331552510000,-21.763418910000,"Rua Olga Burnier, 480"
412,PARQUE BURNIER.,10073560,10:40:00,5,0,0,4,2025-01-31T00:00:00.000Z,-43.333589670000,-21.761652280000,"Rua Olga Burnier, 230"
412,PARQUE BURNIER.,10073557,10:40:00,6,0,0,4,2025-01-31T00:00:00.000Z,-43.332479840000,-21.762640710000,"Rua Olga Burnier, 356"
412,PARQUE BURNIER.,10073558,10:40:00,4,0,0,4,2025-01-31T00:00:00.000Z,-43.334645750000,-21.760669710000,"Rua Olga Burnier, 70"
412,PARQUE BURNIER.,10072380,11:15:00,10,2,0,24,2025-01-31T00:00:00.000Z,-43.331466790000,-21.763337580000,"Rua Olga Burnier, 485"
412,PARQUE BURNIER.,10073583,11:15:00,9,0,0,22,2025-01-31T00:00:00.000Z,-43.330207820000,-21.763072230000,"Rua Adelaide Campos de Resende, 1070"
412,PARQUE BURNIER.,10073584,11:15:00,8,2,0,22,2025-01-31T00:00:00.000Z,-43.329363350000,-21.763255450000,"Rua Adelaide Campos de Resende, 984"
412,PARQUE BURNIER.,10072386,11:15:00,7,6,1,20,2025-01-31T00:00:00.000Z,-43.328850270000,-21.762325320000,"Rua José Teodoro dos Santos, 292"
412,PARQUE BURNIER.,10072309,11:15:00,5,4,0,14,2025-01-31T00:00:00.000Z,-43.327273730000,-21.763967940000,"Rua José Teodoro dos Santos, 28"
412,PARQUE BURNIER.,10072384,11:15:00,6,1,0,15,2025-01-31T00:00:00.000Z,-43.327999480000,-21.763301540000,"Rua José Teodoro dos Santos, 126"
412,PARQUE BURNIER.,10073589,11:15:00,4,5,0,10,2025-01-31T00:00:00.000Z,-43.326568960000,-21.763629600000,"Rua Adelaide Campos de Resende, 706"
412,PARQUE BURNIER.,10072362,11:15:00,3,4,0,5,2025-01-31T00:00:00.000Z,-43.327527760000,-21.762798310000,"Rua Natalino José de Paula, 310"
412,PARQUE BURNIER.,10072363,11:15:00,2,1,0,1,2025-01-31T00:00:00.000Z,-43.327885630000,-21.762179390000,"Rua Natalino José de Paula, 288"
412,PARQUE BURNIER.,10072358,11:15:00,1,0,0,0,2025-01-31T00:00:00.000Z,-43.328687310000,-21.761675740000,"Rua Natalino José de Paula, 112 - Ponto Final do Parque Burnier"
412,PARQUE BURNIER.,10072337,11:15:00,13,0,0,23,2025-01-31T00:00:00.000Z,-43.334540130000,-21.760522960000,"Rua Olga Burnier, 67"
412,PARQUE BURNIER.,10072335,11:15:00,12,0,1,23,2025-01-31T00:00:00.000Z,-43.333453420000,-21.761562350000,"Rua Olga Burnier, 233"
412,PARQUE BURNIER.,10072382,11:15:00,11,0,0,24,2025-01-31T00:00:00.000Z,-43.332369450000,-21.762522520000,"Rua Olga Burnier, 361"
412,PARQUE BURNIER.,10071108,11:15:00,17,0,32,5,2025-01-31T00:00:00.000Z,-43.349331860000,-21.758144610000,"Avenida Getúlio Vargas, 835"
412,PARQUE BURNIER.,10074194,11:15:00,16,15,2,37,2025-01-31T00:00:00.000Z,-43.342338620000,-21.760505960000,"Rua Ângelo Falci, 55"
412,PARQUE BURNIER.,10072302,11:15:00,15,2,1,24,2025-01-31T00:00:00.000Z,-43.338029500000,-21.760323850000,"Avenida Sete de Setembro, 623"
412,PARQUE BURNIER.,10072332,11:15:00,14,0,0,23,2025-01-31T00:00:00.000Z,-43.335533860000,-21.760131640000,"Rua São Geraldo, 89"
412,PARQUE BURNIER.,10072305,11:35:00,2,1,0,12,2025-01-31T00:00:00.000Z,-43.337478970000,-21.760922950000,"Rua Djalma de Carvalho, 37"
412,PARQUE BURNIER.,10071108,11:35:00,1,11,0,11,2025-01-31T00:00:00.000Z,-43.349331860000,-21.758144610000,"Avenida Getúlio Vargas, 835"
412,PARQUE BURNIER.,10073552,11:35:00,3,0,1,11,2025-01-31T00:00:00.000Z,-43.335479020000,-21.760313550000,"Rua São Geraldo, 84"
412,PARQUE BURNIER.,10072358,11:35:00,18,1,1,5,2025-01-31T00:00:00.000Z,-43.328687310000,-21.761675740000,"Rua Natalino José de Paula, 112 - Ponto Final do Parque Burnier"
412,PARQUE BURNIER.,10072313,11:35:00,10,0,3,8,2025-01-31T00:00:00.000Z,-43.328846690000,-21.762504770000,"Rua José Teodoro dos Santos, 275"
412,PARQUE BURNIER.,10073558,11:35:00,4,1,0,12,2025-01-31T00:00:00.000Z,-43.334645750000,-21.760669710000,"Rua Olga Burnier, 70"
412,PARQUE BURNIER.,10072356,11:35:00,17,2,1,5,2025-01-31T00:00:00.000Z,-43.327793950000,-21.762107030000,"Rua Natalino José de Paula, 271"
412,PARQUE BURNIER.,10072375,11:35:00,16,0,0,4,2025-01-31T00:00:00.000Z,-43.327420830000,-21.762727850000,"Rua Natalino José de Paula, 319"
412,PARQUE BURNIER.,10071503,11:35:00,15,1,0,4,2025-01-31T00:00:00.000Z,-43.326207040000,-21.762717810000,"Rua Natalino José de Paula, 421"
412,PARQUE BURNIER.,10072359,11:35:00,14,0,2,3,2025-01-31T00:00:00.000Z,-43.326282500000,-21.763143540000,"Rua Adelaide Campos de Resende, 651"
412,PARQUE BURNIER.,10072328,11:35:00,13,0,2,5,2025-01-31T00:00:00.000Z,-43.326450350000,-21.763683320000,"Rua Adelaide Campos de Resende, 669"
412,PARQUE BURNIER.,10072316,11:35:00,11,0,1,7,2025-01-31T00:00:00.000Z,-43.328204750000,-21.763332370000,"Rua José Teodoro dos Santos, 145"
412,PARQUE BURNIER.,10072377,11:35:00,12,0,0,7,2025-01-31T00:00:00.000Z,-43.327321890000,-21.764062650000,"Rua José Teodoro dos Santos, 25"
412,PARQUE BURNIER.,10072296,11:35:00,9,0,2,11,2025-01-31T00:00:00.000Z,-43.329374790000,-21.763440430000,"Rua Adelaide Campos de Resende, 975"
412,PARQUE BURNIER.,10072301,11:35:00,8,1,0,13,2025-01-31T00:00:00.000Z,-43.330138330000,-21.763252970000,"Rua Adelaide Campos de Resende, 1061"
412,PARQUE BURNIER.,10073561,11:35:00,7,0,0,12,2025-01-31T00:00:00.000Z,-43.331552510000,-21.763418910000,"Rua Olga Burnier, 480"
412,PARQUE BURNIER.,10073557,11:35:00,6,0,0,12,2025-01-31T00:00:00.000Z,-43.332479840000,-21.762640710000,"Rua Olga Burnier, 356"
412,PARQUE BURNIER.,10073560,11:35:00,5,0,0,12,2025-01-31T00:00:00.000Z,-43.333589670000,-21.761652280000,"Rua Olga Burnier, 230"
412,PARQUE BURNIER.,10072301,12:30:00,8,0,0,26,2025-01-31T00:00:00.000Z,-43.330138330000,-21.763252970000,"Rua Adelaide Campos de Resende, 1061"
412,PARQUE BURNIER.,10073552,12:30:00,3,0,0,26,2025-01-31T00:00:00.000Z,-43.335479020000,-21.760313550000,"Rua São Geraldo, 84"
412,PARQUE BURNIER.,10072296,12:30:00,9,0,1,25,2025-01-31T00:00:00.000Z,-43.329374790000,-21.763440430000,"Rua Adelaide Campos de Resende, 975"
412,PARQUE BURNIER.,10072305,12:30:00,2,1,4,26,2025-01-31T00:00:00.000Z,-43.337478970000,-21.760922950000,"Rua Djalma de Carvalho, 37"
412,PARQUE BURNIER.,10072358,12:30:00,18,3,0,21,2025-01-31T00:00:00.000Z,-43.328687310000,-21.761675740000,"Rua Natalino José de Paula, 112 - Ponto Final do Parque Burnier"
412,PARQUE BURNIER.,10072356,12:30:00,17,0,0,18,2025-01-31T00:00:00.000Z,-43.327793950000,-21.762107030000,"Rua Natalino José de Paula, 271"
412,PARQUE BURNIER.,10071108,12:30:00,1,29,0,29,2025-01-31T00:00:00.000Z,-43.349331860000,-21.758144610000,"Avenida Getúlio Vargas, 835"
412,PARQUE BURNIER.,10072375,12:30:00,16,0,5,18,2025-01-31T00:00:00.000Z,-43.327420830000,-21.762727850000,"Rua Natalino José de Paula, 319"
412,PARQUE BURNIER.,10071503,12:30:00,15,0,1,23,2025-01-31T00:00:00.000Z,-43.326207040000,-21.762717810000,"Rua Natalino José de Paula, 421"
412,PARQUE BURNIER.,10072359,12:30:00,14,0,0,24,2025-01-31T00:00:00.000Z,-43.326282500000,-21.763143540000,"Rua Adelaide Campos de Resende, 651"
412,PARQUE BURNIER.,10072328,12:30:00,13,0,0,24,2025-01-31T00:00:00.000Z,-43.326450350000,-21.763683320000,"Rua Adelaide Campos de Resende, 669"
412,PARQUE BURNIER.,10072377,12:30:00,12,0,2,24,2025-01-31T00:00:00.000Z,-43.327321890000,-21.764062650000,"Rua José Teodoro dos Santos, 25"
412,PARQUE BURNIER.,10072313,12:30:00,10,1,0,26,2025-01-31T00:00:00.000Z,-43.328846690000,-21.762504770000,"Rua José Teodoro dos Santos, 275"
412,PARQUE BURNIER.,10072316,12:30:00,11,0,0,26,2025-01-31T00:00:00.000Z,-43.328204750000,-21.763332370000,"Rua José Teodoro dos Santos, 145"
412,PARQUE BURNIER.,10073561,12:30:00,7,0,0,26,2025-01-31T00:00:00.000Z,-43.331552510000,-21.763418910000,"Rua Olga Burnier, 480"
412,PARQUE BURNIER.,10073557,12:30:00,6,0,0,26,2025-01-31T00:00:00.000Z,-43.332479840000,-21.762640710000,"Rua Olga Burnier, 356"
412,PARQUE BURNIER.,10073560,12:30:00,5,0,0,26,2025-01-31T00:00:00.000Z,-43.333589670000,-21.761652280000,"Rua Olga Burnier, 230"
412,PARQUE BURNIER.,10073558,12:30:00,4,0,0,26,2025-01-31T00:00:00.000Z,-43.334645750000,-21.760669710000,"Rua Olga Burnier, 70"
412,PARQUE BURNIER.,10072384,13:05:00,6,0,0,5,2025-01-31T00:00:00.000Z,-43.327999480000,-21.763301540000,"Rua José Teodoro dos Santos, 126"
412,PARQUE BURNIER.,10073589,13:05:00,4,2,0,5,2025-01-31T00:00:00.000Z,-43.326568960000,-21.763629600000,"Rua Adelaide Campos de Resende, 706"
412,PARQUE BURNIER.,10072332,13:05:00,14,0,0,15,2025-01-31T00:00:00.000Z,-43.335533860000,-21.760131640000,"Rua São Geraldo, 89"
412,PARQUE BURNIER.,10072362,13:05:00,3,3,0,3,2025-01-31T00:00:00.000Z,-43.327527760000,-21.762798310000,"Rua Natalino José de Paula, 310"
412,PARQUE BURNIER.,10071108,13:05:00,17,0,17,9,2025-01-31T00:00:00.000Z,-43.349331860000,-21.758144610000,"Avenida Getúlio Vargas, 835"
412,PARQUE BURNIER.,10074194,13:05:00,16,12,3,26,2025-01-31T00:00:00.000Z,-43.342338620000,-21.760505960000,"Rua Ângelo Falci, 55"
412,PARQUE BURNIER.,10072363,13:05:00,2,0,0,0,2025-01-31T00:00:00.000Z,-43.327885630000,-21.762179390000,"Rua Natalino José de Paula, 288"
412,PARQUE BURNIER.,10072302,13:05:00,15,2,0,17,2025-01-31T00:00:00.000Z,-43.338029500000,-21.760323850000,"Avenida Sete de Setembro, 623"
412,PARQUE BURNIER.,10072337,13:05:00,13,0,0,15,2025-01-31T00:00:00.000Z,-43.334540130000,-21.760522960000,"Rua Olga Burnier, 67"
412,PARQUE BURNIER.,10072335,13:05:00,12,0,0,15,2025-01-31T00:00:00.000Z,-43.333453420000,-21.761562350000,"Rua Olga Burnier, 233"
412,PARQUE BURNIER.,10072382,13:05:00,11,2,0,15,2025-01-31T00:00:00.000Z,-43.332369450000,-21.762522520000,"Rua Olga Burnier, 361"
412,PARQUE BURNIER.,10072380,13:05:00,10,0,0,13,2025-01-31T00:00:00.000Z,-43.331466790000,-21.763337580000,"Rua Olga Burnier, 485"
412,PARQUE BURNIER.,10073583,13:05:00,9,3,0,13,2025-01-31T00:00:00.000Z,-43.330207820000,-21.763072230000,"Rua Adelaide Campos de Resende, 1070"
412,PARQUE BURNIER.,10072386,13:05:00,7,4,0,9,2025-01-31T00:00:00.000Z,-43.328850270000,-21.762325320000,"Rua José Teodoro dos Santos, 292"
412,PARQUE BURNIER.,10072358,13:05:00,1,0,0,0,2025-01-31T00:00:00.000Z,-43.328687310000,-21.761675740000,"Rua Natalino José de Paula, 112 - Ponto Final do Parque Burnier"
412,PARQUE BURNIER.,10073584,13:05:00,8,1,0,10,2025-01-31T00:00:00.000Z,-43.329363350000,-21.763255450000,"Rua Adelaide Campos de Resende, 984"
412,PARQUE BURNIER.,10072309,13:05:00,5,0,0,5,2025-01-31T00:00:00.000Z,-43.327273730000,-21.763967940000,"Rua José Teodoro dos Santos, 28"
412,PARQUE BURNIER.,10072358,14:00:00,1,0,0,0,2025-01-31T00:00:00.000Z,-43.328687310000,-21.761675740000,"Rua Natalino José de Paula, 112 - Ponto Final do Parque Burnier"
412,PARQUE BURNIER.,10072337,14:00:00,13,3,0,14,2025-01-31T00:00:00.000Z,-43.334540130000,-21.760522960000,"Rua Olga Burnier, 67"
412,PARQUE BURNIER.,10072386,14:00:00,7,3,0,6,2025-01-31T00:00:00.000Z,-43.328850270000,-21.762325320000,"Rua José Teodoro dos Santos, 292"
412,PARQUE BURNIER.,10071108,14:00:00,17,0,14,7,2025-01-31T00:00:00.000Z,-43.349331860000,-21.758144610000,"Avenida Getúlio Vargas, 835"
412,PARQUE BURNIER.,10072384,14:00:00,6,0,0,3,2025-01-31T00:00:00.000Z,-43.327999480000,-21.763301540000,"Rua José Teodoro dos Santos, 126"
412,PARQUE BURNIER.,10074194,14:00:00,16,7,0,21,2025-01-31T00:00:00.000Z,-43.342338620000,-21.760505960000,"Rua Ângelo Falci, 55"
412,PARQUE BURNIER.,10072302,14:00:00,15,0,0,14,2025-01-31T00:00:00.000Z,-43.338029500000,-21.760323850000,"Avenida Sete de Setembro, 623"
412,PARQUE BURNIER.,10072309,14:00:00,5,2,0,3,2025-01-31T00:00:00.000Z,-43.327273730000,-21.763967940000,"Rua José Teodoro dos Santos, 28"
412,PARQUE BURNIER.,10072332,14:00:00,14,0,0,14,2025-01-31T00:00:00.000Z,-43.335533860000,-21.760131640000,"Rua São Geraldo, 89"
412,PARQUE BURNIER.,10072335,14:00:00,12,0,0,11,2025-01-31T00:00:00.000Z,-43.333453420000,-21.761562350000,"Rua Olga Burnier, 233"
412,PARQUE BURNIER.,10072382,14:00:00,11,0,0,11,2025-01-31T00:00:00.000Z,-43.332369450000,-21.762522520000,"Rua Olga Burnier, 361"
412,PARQUE BURNIER.,10072380,14:00:00,10,0,0,11,2025-01-31T00:00:00.000Z,-43.331466790000,-21.763337580000,"Rua Olga Burnier, 485"
412,PARQUE BURNIER.,10073583,14:00:00,9,0,1,11,2025-01-31T00:00:00.000Z,-43.330207820000,-21.763072230000,"Rua Adelaide Campos de Resende, 1070"
412,PARQUE BURNIER.,10073584,14:00:00,8,6,0,12,2025-01-31T00:00:00.000Z,-43.329363350000,-21.763255450000,"Rua Adelaide Campos de Resende, 984"
412,PARQUE BURNIER.,10072363,14:00:00,2,1,0,1,2025-01-31T00:00:00.000Z,-43.327885630000,-21.762179390000,"Rua Natalino José de Paula, 288"
412,PARQUE BURNIER.,10073589,14:00:00,4,0,0,1,2025-01-31T00:00:00.000Z,-43.326568960000,-21.763629600000,"Rua Adelaide Campos de Resende, 706"
412,PARQUE BURNIER.,10072362,14:00:00,3,1,1,1,2025-01-31T00:00:00.000Z,-43.327527760000,-21.762798310000,"Rua Natalino José de Paula, 310"
412,PARQUE BURNIER.,10071108,14:20:00,1,19,0,19,2025-01-31T00:00:00.000Z,-43.349331860000,-21.758144610000,"Avenida Getúlio Vargas, 835"
412,PARQUE BURNIER.,10072305,14:20:00,2,0,0,19,2025-01-31T00:00:00.000Z,-43.337478970000,-21.760922950000,"Rua Djalma de Carvalho, 37"
412,PARQUE BURNIER.,10072358,14:20:00,18,0,0,9,2025-01-31T00:00:00.000Z,-43.328687310000,-21.761675740000,"Rua Natalino José de Paula, 112 - Ponto Final do Parque Burnier"
412,PARQUE BURNIER.,10072375,14:20:00,16,0,0,9,2025-01-31T00:00:00.000Z,-43.327420830000,-21.762727850000,"Rua Natalino José de Paula, 319"
412,PARQUE BURNIER.,10072356,14:20:00,17,0,0,9,2025-01-31T00:00:00.000Z,-43.327793950000,-21.762107030000,"Rua Natalino José de Paula, 271"
412,PARQUE BURNIER.,10072377,14:20:00,12,0,0,14,2025-01-31T00:00:00.000Z,-43.327321890000,-21.764062650000,"Rua José Teodoro dos Santos, 25"
412,PARQUE BURNIER.,10071503,14:20:00,15,0,1,9,2025-01-31T00:00:00.000Z,-43.326207040000,-21.762717810000,"Rua Natalino José de Paula, 421"
412,PARQUE BURNIER.,10072359,14:20:00,14,0,2,10,2025-01-31T00:00:00.000Z,-43.326282500000,-21.763143540000,"Rua Adelaide Campos de Resende, 651"
412,PARQUE BURNIER.,10072328,14:20:00,13,0,2,12,2025-01-31T00:00:00.000Z,-43.326450350000,-21.763683320000,"Rua Adelaide Campos de Resende, 669"
412,PARQUE BURNIER.,10073560,14:20:00,5,0,0,19,2025-01-31T00:00:00.000Z,-43.333589670000,-21.761652280000,"Rua Olga Burnier, 230"
412,PARQUE BURNIER.,10072316,14:20:00,11,0,1,14,2025-01-31T00:00:00.000Z,-43.328204750000,-21.763332370000,"Rua José Teodoro dos Santos, 145"
412,PARQUE BURNIER.,10072313,14:20:00,10,1,3,15,2025-01-31T00:00:00.000Z,-43.328846690000,-21.762504770000,"Rua José Teodoro dos Santos, 275"
412,PARQUE BURNIER.,10072296,14:20:00,9,0,2,17,2025-01-31T00:00:00.000Z,-43.329374790000,-21.763440430000,"Rua Adelaide Campos de Resende, 975"
412,PARQUE BURNIER.,10072301,14:20:00,8,0,0,19,2025-01-31T00:00:00.000Z,-43.330138330000,-21.763252970000,"Rua Adelaide Campos de Resende, 1061"
412,PARQUE BURNIER.,10073561,14:20:00,7,0,0,19,2025-01-31T00:00:00.000Z,-43.331552510000,-21.763418910000,"Rua Olga Burnier, 480"
412,PARQUE BURNIER.,10073557,14:20:00,6,0,0,19,2025-01-31T00:00:00.000Z,-43.332479840000,-21.762640710000,"Rua Olga Burnier, 356"
412,PARQUE BURNIER.,10073558,14:20:00,4,0,0,19,2025-01-31T00:00:00.000Z,-43.334645750000,-21.760669710000,"Rua Olga Burnier, 70"
412,PARQUE BURNIER.,10073552,14:20:00,3,0,0,19,2025-01-31T00:00:00.000Z,-43.335479020000,-21.760313550000,"Rua São Geraldo, 84"
412,PARQUE BURNIER.,10072358,14:55:00,1,0,0,0,2025-01-31T00:00:00.000Z,-43.328687310000,-21.761675740000,"Rua Natalino José de Paula, 112 - Ponto Final do Parque Burnier"
412,PARQUE BURNIER.,10072363,14:55:00,2,2,0,2,2025-01-31T00:00:00.000Z,-43.327885630000,-21.762179390000,"Rua Natalino José de Paula, 288"
412,PARQUE BURNIER.,10073589,14:55:00,4,2,0,7,2025-01-31T00:00:00.000Z,-43.326568960000,-21.763629600000,"Rua Adelaide Campos de Resende, 706"
412,PARQUE BURNIER.,10072362,14:55:00,3,3,0,5,2025-01-31T00:00:00.000Z,-43.327527760000,-21.762798310000,"Rua Natalino José de Paula, 310"
412,PARQUE BURNIER.,10071108,14:55:00,17,0,17,0,2025-01-31T00:00:00.000Z,-43.349331860000,-21.758144610000,"Avenida Getúlio Vargas, 835"
412,PARQUE BURNIER.,10074194,14:55:00,16,9,4,17,2025-01-31T00:00:00.000Z,-43.342338620000,-21.760505960000,"Rua Ângelo Falci, 55"
412,PARQUE BURNIER.,10072302,14:55:00,15,0,2,12,2025-01-31T00:00:00.000Z,-43.338029500000,-21.760323850000,"Avenida Sete de Setembro, 623"
412,PARQUE BURNIER.,10072332,14:55:00,14,0,0,14,2025-01-31T00:00:00.000Z,-43.335533860000,-21.760131640000,"Rua São Geraldo, 89"
412,PARQUE BURNIER.,10072337,14:55:00,13,1,0,14,2025-01-31T00:00:00.000Z,-43.334540130000,-21.760522960000,"Rua Olga Burnier, 67"
412,PARQUE BURNIER.,10072335,14:55:00,12,0,0,13,2025-01-31T00:00:00.000Z,-43.333453420000,-21.761562350000,"Rua Olga Burnier, 233"
412,PARQUE BURNIER.,10072382,14:55:00,11,0,0,13,2025-01-31T00:00:00.000Z,-43.332369450000,-21.762522520000,"Rua Olga Burnier, 361"
412,PARQUE BURNIER.,10072380,14:55:00,10,0,0,13,2025-01-31T00:00:00.000Z,-43.331466790000,-21.763337580000,"Rua Olga Burnier, 485"
412,PARQUE BURNIER.,10073583,14:55:00,9,0,0,13,2025-01-31T00:00:00.000Z,-43.330207820000,-21.763072230000,"Rua Adelaide Campos de Resende, 1070"
412,PARQUE BURNIER.,10073584,14:55:00,8,3,0,13,2025-01-31T00:00:00.000Z,-43.329363350000,-21.763255450000,"Rua Adelaide Campos de Resende, 984"
412,PARQUE BURNIER.,10072386,14:55:00,7,0,0,10,2025-01-31T00:00:00.000Z,-43.328850270000,-21.762325320000,"Rua José Teodoro dos Santos, 292"
412,PARQUE BURNIER.,10072384,14:55:00,6,0,0,10,2025-01-31T00:00:00.000Z,-43.327999480000,-21.763301540000,"Rua José Teodoro dos Santos, 126"
412,PARQUE BURNIER.,10072309,14:55:00,5,4,1,10,2025-01-31T00:00:00.000Z,-43.327273730000,-21.763967940000,"Rua José Teodoro dos Santos, 28"
412,PARQUE BURNIER.,10072358,15:15:00,18,4,0,6,2025-01-31T00:00:00.000Z,-43.328687310000,-21.761675740000,"Rua Natalino José de Paula, 112 - Ponto Final do Parque Burnier"
412,PARQUE BURNIER.,10072356,15:15:00,17,2,1,2,2025-01-31T00:00:00.000Z,-43.327793950000,-21.762107030000,"Rua Natalino José de Paula, 271"
412,PARQUE BURNIER.,10071108,15:15:00,1,15,0,15,2025-01-31T00:00:00.000Z,-43.349331860000,-21.758144610000,"Avenida Getúlio Vargas, 835"
412,PARQUE BURNIER.,10072375,15:15:00,16,1,0,1,2025-01-31T00:00:00.000Z,-43.327420830000,-21.762727850000,"Rua Natalino José de Paula, 319"
412,PARQUE BURNIER.,10071503,15:15:00,15,0,0,0,2025-01-31T00:00:00.000Z,-43.326207040000,-21.762717810000,"Rua Natalino José de Paula, 421"
412,PARQUE BURNIER.,10072359,15:15:00,14,0,0,0,2025-01-31T00:00:00.000Z,-43.326282500000,-21.763143540000,"Rua Adelaide Campos de Resende, 651"
412,PARQUE BURNIER.,10072328,15:15:00,13,0,7,0,2025-01-31T00:00:00.000Z,-43.326450350000,-21.763683320000,"Rua Adelaide Campos de Resende, 669"
412,PARQUE BURNIER.,10072377,15:15:00,12,1,2,7,2025-01-31T00:00:00.000Z,-43.327321890000,-21.764062650000,"Rua José Teodoro dos Santos, 25"
412,PARQUE BURNIER.,10072316,15:15:00,11,0,3,8,2025-01-31T00:00:00.000Z,-43.328204750000,-21.763332370000,"Rua José Teodoro dos Santos, 145"
412,PARQUE BURNIER.,10072313,15:15:00,10,0,1,11,2025-01-31T00:00:00.000Z,-43.328846690000,-21.762504770000,"Rua José Teodoro dos Santos, 275"
412,PARQUE BURNIER.,10072296,15:15:00,9,0,1,12,2025-01-31T00:00:00.000Z,-43.329374790000,-21.763440430000,"Rua Adelaide Campos de Resende, 975"
412,PARQUE BURNIER.,10072301,15:15:00,8,0,1,13,2025-01-31T00:00:00.000Z,-43.330138330000,-21.763252970000,"Rua Adelaide Campos de Resende, 1061"
412,PARQUE BURNIER.,10073561,15:15:00,7,0,1,14,2025-01-31T00:00:00.000Z,-43.331552510000,-21.763418910000,"Rua Olga Burnier, 480"
412,PARQUE BURNIER.,10073557,15:15:00,6,0,0,15,2025-01-31T00:00:00.000Z,-43.332479840000,-21.762640710000,"Rua Olga Burnier, 356"
412,PARQUE BURNIER.,10073560,15:15:00,5,0,0,15,2025-01-31T00:00:00.000Z,-43.333589670000,-21.761652280000,"Rua Olga Burnier, 230"
412,PARQUE BURNIER.,10073558,15:15:00,4,0,0,15,2025-01-31T00:00:00.000Z,-43.334645750000,-21.760669710000,"Rua Olga Burnier, 70"
412,PARQUE BURNIER.,10073552,15:15:00,3,0,0,15,2025-01-31T00:00:00.000Z,-43.335479020000,-21.760313550000,"Rua São Geraldo, 84"
412,PARQUE BURNIER.,10072305,15:15:00,2,0,0,15,2025-01-31T00:00:00.000Z,-43.337478970000,-21.760922950000,"Rua Djalma de Carvalho, 37"
412,PARQUE BURNIER.,10073589,15:50:00,4,4,0,4,2025-01-31T00:00:00.000Z,-43.326568960000,-21.763629600000,"Rua Adelaide Campos de Resende, 706"
412,PARQUE BURNIER.,10072362,15:50:00,3,0,0,0,2025-01-31T00:00:00.000Z,-43.327527760000,-21.762798310000,"Rua Natalino José de Paula, 310"
412,PARQUE BURNIER.,10072302,15:50:00,15,3,1,16,2025-01-31T00:00:00.000Z,-43.338029500000,-21.760323850000,"Avenida Sete de Setembro, 623"
412,PARQUE BURNIER.,10072363,15:50:00,2,0,0,0,2025-01-31T00:00:00.000Z,-43.327885630000,-21.762179390000,"Rua Natalino José de Paula, 288"
412,PARQUE BURNIER.,10071108,15:50:00,17,0,23,0,2025-01-31T00:00:00.000Z,-43.349331860000,-21.758144610000,"Avenida Getúlio Vargas, 835"
412,PARQUE BURNIER.,10074194,15:50:00,16,10,3,23,2025-01-31T00:00:00.000Z,-43.342338620000,-21.760505960000,"Rua Ângelo Falci, 55"
412,PARQUE BURNIER.,10072358,15:50:00,1,0,0,0,2025-01-31T00:00:00.000Z,-43.328687310000,-21.761675740000,"Rua Natalino José de Paula, 112 - Ponto Final do Parque Burnier"
412,PARQUE BURNIER.,10072332,15:50:00,14,0,0,14,2025-01-31T00:00:00.000Z,-43.335533860000,-21.760131640000,"Rua São Geraldo, 89"
412,PARQUE BURNIER.,10072337,15:50:00,13,0,0,14,2025-01-31T00:00:00.000Z,-43.334540130000,-21.760522960000,"Rua Olga Burnier, 67"
412,PARQUE BURNIER.,10072335,15:50:00,12,5,0,14,2025-01-31T00:00:00.000Z,-43.333453420000,-21.761562350000,"Rua Olga Burnier, 233"
412,PARQUE BURNIER.,10072382,15:50:00,11,1,0,9,2025-01-31T00:00:00.000Z,-43.332369450000,-21.762522520000,"Rua Olga Burnier, 361"
412,PARQUE BURNIER.,10072380,15:50:00,10,2,0,8,2025-01-31T00:00:00.000Z,-43.331466790000,-21.763337580000,"Rua Olga Burnier, 485"
412,PARQUE BURNIER.,10073583,15:50:00,9,0,0,6,2025-01-31T00:00:00.000Z,-43.330207820000,-21.763072230000,"Rua Adelaide Campos de Resende, 1070"
412,PARQUE BURNIER.,10073584,15:50:00,8,2,0,6,2025-01-31T00:00:00.000Z,-43.329363350000,-21.763255450000,"Rua Adelaide Campos de Resende, 984"
412,PARQUE BURNIER.,10072386,15:50:00,7,0,1,4,2025-01-31T00:00:00.000Z,-43.328850270000,-21.762325320000,"Rua José Teodoro dos Santos, 292"
412,PARQUE BURNIER.,10072384,15:50:00,6,0,0,5,2025-01-31T00:00:00.000Z,-43.327999480000,-21.763301540000,"Rua José Teodoro dos Santos, 126"
412,PARQUE BURNIER.,10072309,15:50:00,5,1,0,5,2025-01-31T00:00:00.000Z,-43.327273730000,-21.763967940000,"Rua José Teodoro dos Santos, 28"
412,PARQUE BURNIER.,10072305,16:10:00,2,1,2,38,2025-01-31T00:00:00.000Z,-43.337478970000,-21.760922950000,"Rua Djalma de Carvalho, 37"
412,PARQUE BURNIER.,10071108,16:10:00,1,39,0,39,2025-01-31T00:00:00.000Z,-43.349331860000,-21.758144610000,"Avenida Getúlio Vargas, 835"
412,PARQUE BURNIER.,10072375,16:10:00,16,0,4,5,2025-01-31T00:00:00.000Z,-43.327420830000,-21.762727850000,"Rua Natalino José de Paula, 319"
412,PARQUE BURNIER.,10071503,16:10:00,15,0,4,9,2025-01-31T00:00:00.000Z,-43.326207040000,-21.762717810000,"Rua Natalino José de Paula, 421"
412,PARQUE BURNIER.,10072358,16:10:00,18,3,1,8,2025-01-31T00:00:00.000Z,-43.328687310000,-21.761675740000,"Rua Natalino José de Paula, 112 - Ponto Final do Parque Burnier"
412,PARQUE BURNIER.,10072359,16:10:00,14,0,5,13,2025-01-31T00:00:00.000Z,-43.326282500000,-21.763143540000,"Rua Adelaide Campos de Resende, 651"
412,PARQUE BURNIER.,10072356,16:10:00,17,2,1,6,2025-01-31T00:00:00.000Z,-43.327793950000,-21.762107030000,"Rua Natalino José de Paula, 271"
412,PARQUE BURNIER.,10073552,16:10:00,3,0,0,38,2025-01-31T00:00:00.000Z,-43.335479020000,-21.760313550000,"Rua São Geraldo, 84"
412,PARQUE BURNIER.,10072328,16:10:00,13,0,5,18,2025-01-31T00:00:00.000Z,-43.326450350000,-21.763683320000,"Rua Adelaide Campos de Resende, 669"
412,PARQUE BURNIER.,10072377,16:10:00,12,0,4,23,2025-01-31T00:00:00.000Z,-43.327321890000,-21.764062650000,"Rua José Teodoro dos Santos, 25"
412,PARQUE BURNIER.,10072316,16:10:00,11,0,1,27,2025-01-31T00:00:00.000Z,-43.328204750000,-21.763332370000,"Rua José Teodoro dos Santos, 145"
412,PARQUE BURNIER.,10072313,16:10:00,10,1,6,28,2025-01-31T00:00:00.000Z,-43.328846690000,-21.762504770000,"Rua José Teodoro dos Santos, 275"
412,PARQUE BURNIER.,10072296,16:10:00,9,0,2,33,2025-01-31T00:00:00.000Z,-43.329374790000,-21.763440430000,"Rua Adelaide Campos de Resende, 975"
412,PARQUE BURNIER.,10072301,16:10:00,8,0,1,35,2025-01-31T00:00:00.000Z,-43.330138330000,-21.763252970000,"Rua Adelaide Campos de Resende, 1061"
412,PARQUE BURNIER.,10073561,16:10:00,7,0,2,36,2025-01-31T00:00:00.000Z,-43.331552510000,-21.763418910000,"Rua Olga Burnier, 480"
412,PARQUE BURNIER.,10073557,16:10:00,6,0,0,38,2025-01-31T00:00:00.000Z,-43.332479840000,-21.762640710000,"Rua Olga Burnier, 356"
412,PARQUE BURNIER.,10073560,16:10:00,5,0,0,38,2025-01-31T00:00:00.000Z,-43.333589670000,-21.761652280000,"Rua Olga Burnier, 230"
412,PARQUE BURNIER.,10073558,16:10:00,4,0,0,38,2025-01-31T00:00:00.000Z,-43.334645750000,-21.760669710000,"Rua Olga Burnier, 70"
412,PARQUE BURNIER.,10072362,16:45:00,3,5,0,5,2025-01-31T00:00:00.000Z,-43.327527760000,-21.762798310000,"Rua Natalino José de Paula, 310"
412,PARQUE BURNIER.,10072363,16:45:00,2,0,0,0,2025-01-31T00:00:00.000Z,-43.327885630000,-21.762179390000,"Rua Natalino José de Paula, 288"
412,PARQUE BURNIER.,10072358,16:45:00,1,0,0,0,2025-01-31T00:00:00.000Z,-43.328687310000,-21.761675740000,"Rua Natalino José de Paula, 112 - Ponto Final do Parque Burnier"
412,PARQUE BURNIER.,10074194,16:45:00,16,19,2,27,2025-01-31T00:00:00.000Z,-43.342338620000,-21.760505960000,"Rua Ângelo Falci, 55"
412,PARQUE BURNIER.,10072337,16:45:00,13,0,0,6,2025-01-31T00:00:00.000Z,-43.334540130000,-21.760522960000,"Rua Olga Burnier, 67"
412,PARQUE BURNIER.,10071108,16:45:00,17,0,27,0,2025-01-31T00:00:00.000Z,-43.349331860000,-21.758144610000,"Avenida Getúlio Vargas, 835"
412,PARQUE BURNIER.,10072335,16:45:00,12,0,0,6,2025-01-31T00:00:00.000Z,-43.333453420000,-21.761562350000,"Rua Olga Burnier, 233"
412,PARQUE BURNIER.,10072302,16:45:00,15,4,0,10,2025-01-31T00:00:00.000Z,-43.338029500000,-21.760323850000,"Avenida Sete de Setembro, 623"
412,PARQUE BURNIER.,10072332,16:45:00,14,0,0,6,2025-01-31T00:00:00.000Z,-43.335533860000,-21.760131640000,"Rua São Geraldo, 89"
412,PARQUE BURNIER.,10073589,16:45:00,4,0,0,5,2025-01-31T00:00:00.000Z,-43.326568960000,-21.763629600000,"Rua Adelaide Campos de Resende, 706"
412,PARQUE BURNIER.,10072382,16:45:00,11,0,0,6,2025-01-31T00:00:00.000Z,-43.332369450000,-21.762522520000,"Rua Olga Burnier, 361"
412,PARQUE BURNIER.,10072380,16:45:00,10,0,0,6,2025-01-31T00:00:00.000Z,-43.331466790000,-21.763337580000,"Rua Olga Burnier, 485"
412,PARQUE BURNIER.,10073583,16:45:00,9,0,0,6,2025-01-31T00:00:00.000Z,-43.330207820000,-21.763072230000,"Rua Adelaide Campos de Resende, 1070"
412,PARQUE BURNIER.,10073584,16:45:00,8,0,0,6,2025-01-31T00:00:00.000Z,-43.329363350000,-21.763255450000,"Rua Adelaide Campos de Resende, 984"
412,PARQUE BURNIER.,10072386,16:45:00,7,0,1,6,2025-01-31T00:00:00.000Z,-43.328850270000,-21.762325320000,"Rua José Teodoro dos Santos, 292"
412,PARQUE BURNIER.,10072384,16:45:00,6,0,0,7,2025-01-31T00:00:00.000Z,-43.327999480000,-21.763301540000,"Rua José Teodoro dos Santos, 126"
412,PARQUE BURNIER.,10072309,16:45:00,5,2,0,7,2025-01-31T00:00:00.000Z,-43.327273730000,-21.763967940000,"Rua José Teodoro dos Santos, 28"
412,PARQUE BURNIER.,10071108,17:05:00,1,0,0,0,2025-01-31T00:00:00.000Z,-43.349331860000,-21.758144610000,"Avenida Getúlio Vargas, 835"
412,PARQUE BURNIER.,10072305,17:05:00,2,2,0,2,2025-01-31T00:00:00.000Z,-43.337478970000,-21.760922950000,"Rua Djalma de Carvalho, 37"
412,PARQUE BURNIER.,10072328,17:05:00,13,0,1,0,2025-01-31T00:00:00.000Z,-43.326450350000,-21.763683320000,"Rua Adelaide Campos de Resende, 669"
412,PARQUE BURNIER.,10072377,17:05:00,12,0,0,1,2025-01-31T00:00:00.000Z,-43.327321890000,-21.764062650000,"Rua José Teodoro dos Santos, 25"
412,PARQUE BURNIER.,10072316,17:05:00,11,0,0,1,2025-01-31T00:00:00.000Z,-43.328204750000,-21.763332370000,"Rua José Teodoro dos Santos, 145"
412,PARQUE BURNIER.,10072358,17:05:00,18,4,0,5,2025-01-31T00:00:00.000Z,-43.328687310000,-21.761675740000,"Rua Natalino José de Paula, 112 - Ponto Final do Parque Burnier"
412,PARQUE BURNIER.,10072356,17:05:00,17,1,0,1,2025-01-31T00:00:00.000Z,-43.327793950000,-21.762107030000,"Rua Natalino José de Paula, 271"
412,PARQUE BURNIER.,10072375,17:05:00,16,0,0,0,2025-01-31T00:00:00.000Z,-43.327420830000,-21.762727850000,"Rua Natalino José de Paula, 319"
412,PARQUE BURNIER.,10071503,17:05:00,15,0,0,0,2025-01-31T00:00:00.000Z,-43.326207040000,-21.762717810000,"Rua Natalino José de Paula, 421"
412,PARQUE BURNIER.,10072359,17:05:00,14,0,0,0,2025-01-31T00:00:00.000Z,-43.326282500000,-21.763143540000,"Rua Adelaide Campos de Resende, 651"
412,PARQUE BURNIER.,10072313,17:05:00,10,0,0,1,2025-01-31T00:00:00.000Z,-43.328846690000,-21.762504770000,"Rua José Teodoro dos Santos, 275"
412,PARQUE BURNIER.,10072296,17:05:00,9,0,1,1,2025-01-31T00:00:00.000Z,-43.329374790000,-21.763440430000,"Rua Adelaide Campos de Resende, 975"
412,PARQUE BURNIER.,10072301,17:05:00,8,0,0,2,2025-01-31T00:00:00.000Z,-43.330138330000,-21.763252970000,"Rua Adelaide Campos de Resende, 1061"
412,PARQUE BURNIER.,10073561,17:05:00,7,0,1,2,2025-01-31T00:00:00.000Z,-43.331552510000,-21.763418910000,"Rua Olga Burnier, 480"
412,PARQUE BURNIER.,10073557,17:05:00,6,0,0,3,2025-01-31T00:00:00.000Z,-43.332479840000,-21.762640710000,"Rua Olga Burnier, 356"
412,PARQUE BURNIER.,10073560,17:05:00,5,0,0,3,2025-01-31T00:00:00.000Z,-43.333589670000,-21.761652280000,"Rua Olga Burnier, 230"
412,PARQUE BURNIER.,10073558,17:05:00,4,0,0,3,2025-01-31T00:00:00.000Z,-43.334645750000,-21.760669710000,"Rua Olga Burnier, 70"
412,PARQUE BURNIER.,10073552,17:05:00,3,1,0,3,2025-01-31T00:00:00.000Z,-43.335479020000,-21.760313550000,"Rua São Geraldo, 84"
412,PARQUE BURNIER.,10072363,17:40:00,2,0,0,0,2025-01-31T00:00:00.000Z,-43.327885630000,-21.762179390000,"Rua Natalino José de Paula, 288"
412,PARQUE BURNIER.,10072358,17:40:00,1,0,0,0,2025-01-31T00:00:00.000Z,-43.328687310000,-21.761675740000,"Rua Natalino José de Paula, 112 - Ponto Final do Parque Burnier"
412,PARQUE BURNIER.,10072362,17:40:00,3,0,0,0,2025-01-31T00:00:00.000Z,-43.327527760000,-21.762798310000,"Rua Natalino José de Paula, 310"
412,PARQUE BURNIER.,10071108,17:40:00,17,0,14,2,2025-01-31T00:00:00.000Z,-43.349331860000,-21.758144610000,"Avenida Getúlio Vargas, 835"
412,PARQUE BURNIER.,10073583,17:40:00,9,0,0,7,2025-01-31T00:00:00.000Z,-43.330207820000,-21.763072230000,"Rua Adelaide Campos de Resende, 1070"
412,PARQUE BURNIER.,10073589,17:40:00,4,2,0,2,2025-01-31T00:00:00.000Z,-43.326568960000,-21.763629600000,"Rua Adelaide Campos de Resende, 706"
412,PARQUE BURNIER.,10074194,17:40:00,16,11,2,16,2025-01-31T00:00:00.000Z,-43.342338620000,-21.760505960000,"Rua Ângelo Falci, 55"
412,PARQUE BURNIER.,10072302,17:40:00,15,0,0,7,2025-01-31T00:00:00.000Z,-43.338029500000,-21.760323850000,"Avenida Sete de Setembro, 623"
412,PARQUE BURNIER.,10072332,17:40:00,14,0,0,7,2025-01-31T00:00:00.000Z,-43.335533860000,-21.760131640000,"Rua São Geraldo, 89"
412,PARQUE BURNIER.,10072337,17:40:00,13,0,0,7,2025-01-31T00:00:00.000Z,-43.334540130000,-21.760522960000,"Rua Olga Burnier, 67"
412,PARQUE BURNIER.,10072335,17:40:00,12,0,0,7,2025-01-31T00:00:00.000Z,-43.333453420000,-21.761562350000,"Rua Olga Burnier, 233"
412,PARQUE BURNIER.,10072382,17:40:00,11,0,0,7,2025-01-31T00:00:00.000Z,-43.332369450000,-21.762522520000,"Rua Olga Burnier, 361"
412,PARQUE BURNIER.,10072380,17:40:00,10,0,0,7,2025-01-31T00:00:00.000Z,-43.331466790000,-21.763337580000,"Rua Olga Burnier, 485"
412,PARQUE BURNIER.,10073584,17:40:00,8,2,0,7,2025-01-31T00:00:00.000Z,-43.329363350000,-21.763255450000,"Rua Adelaide Campos de Resende, 984"
412,PARQUE BURNIER.,10072386,17:40:00,7,3,1,5,2025-01-31T00:00:00.000Z,-43.328850270000,-21.762325320000,"Rua José Teodoro dos Santos, 292"
412,PARQUE BURNIER.,10072384,17:40:00,6,1,0,3,2025-01-31T00:00:00.000Z,-43.327999480000,-21.763301540000,"Rua José Teodoro dos Santos, 126"
412,PARQUE BURNIER.,10072309,17:40:00,5,0,0,2,2025-01-31T00:00:00.000Z,-43.327273730000,-21.763967940000,"Rua José Teodoro dos Santos, 28"
412,PARQUE BURNIER.,10072301,18:00:00,8,0,0,18,2025-01-31T00:00:00.000Z,-43.330138330000,-21.763252970000,"Rua Adelaide Campos de Resende, 1061"
412,PARQUE BURNIER.,10073552,18:00:00,3,0,0,22,2025-01-31T00:00:00.000Z,-43.335479020000,-21.760313550000,"Rua São Geraldo, 84"
412,PARQUE BURNIER.,10072296,18:00:00,9,0,0,18,2025-01-31T00:00:00.000Z,-43.329374790000,-21.763440430000,"Rua Adelaide Campos de Resende, 975"
412,PARQUE BURNIER.,10072305,18:00:00,2,0,3,22,2025-01-31T00:00:00.000Z,-43.337478970000,-21.760922950000,"Rua Djalma de Carvalho, 37"
412,PARQUE BURNIER.,10072358,18:00:00,18,4,0,4,2025-01-31T00:00:00.000Z,-43.328687310000,-21.761675740000,"Rua Natalino José de Paula, 112 - Ponto Final do Parque Burnier"
412,PARQUE BURNIER.,10072356,18:00:00,17,0,0,0,2025-01-31T00:00:00.000Z,-43.327793950000,-21.762107030000,"Rua Natalino José de Paula, 271"
412,PARQUE BURNIER.,10072375,18:00:00,16,0,0,0,2025-01-31T00:00:00.000Z,-43.327420830000,-21.762727850000,"Rua Natalino José de Paula, 319"
412,PARQUE BURNIER.,10071108,18:00:00,1,25,0,25,2025-01-31T00:00:00.000Z,-43.349331860000,-21.758144610000,"Avenida Getúlio Vargas, 835"
412,PARQUE BURNIER.,10071503,18:00:00,15,0,0,0,2025-01-31T00:00:00.000Z,-43.326207040000,-21.762717810000,"Rua Natalino José de Paula, 421"
412,PARQUE BURNIER.,10072359,18:00:00,14,0,2,0,2025-01-31T00:00:00.000Z,-43.326282500000,-21.763143540000,"Rua Adelaide Campos de Resende, 651"
412,PARQUE BURNIER.,10072328,18:00:00,13,0,12,2,2025-01-31T00:00:00.000Z,-43.326450350000,-21.763683320000,"Rua Adelaide Campos de Resende, 669"
412,PARQUE BURNIER.,10072377,18:00:00,12,0,0,14,2025-01-31T00:00:00.000Z,-43.327321890000,-21.764062650000,"Rua José Teodoro dos Santos, 25"
412,PARQUE BURNIER.,10072316,18:00:00,11,0,0,14,2025-01-31T00:00:00.000Z,-43.328204750000,-21.763332370000,"Rua José Teodoro dos Santos, 145"
412,PARQUE BURNIER.,10072313,18:00:00,10,0,4,14,2025-01-31T00:00:00.000Z,-43.328846690000,-21.762504770000,"Rua José Teodoro dos Santos, 275"
412,PARQUE BURNIER.,10073561,18:00:00,7,0,0,18,2025-01-31T00:00:00.000Z,-43.331552510000,-21.763418910000,"Rua Olga Burnier, 480"
412,PARQUE BURNIER.,10073557,18:00:00,6,0,3,18,2025-01-31T00:00:00.000Z,-43.332479840000,-21.762640710000,"Rua Olga Burnier, 356"
412,PARQUE BURNIER.,10073560,18:00:00,5,0,1,21,2025-01-31T00:00:00.000Z,-43.333589670000,-21.761652280000,"Rua Olga Burnier, 230"
412,PARQUE BURNIER.,10073558,18:00:00,4,0,0,22,2025-01-31T00:00:00.000Z,-43.334645750000,-21.760669710000,"Rua Olga Burnier, 70"
412,PARQUE BURNIER.,10072384,18:35:00,6,0,0,6,2025-01-31T00:00:00.000Z,-43.327999480000,-21.763301540000,"Rua José Teodoro dos Santos, 126"
412,PARQUE BURNIER.,10073589,18:35:00,4,3,0,4,2025-01-31T00:00:00.000Z,-43.326568960000,-21.763629600000,"Rua Adelaide Campos de Resende, 706"
412,PARQUE BURNIER.,10072332,18:35:00,14,0,0,10,2025-01-31T00:00:00.000Z,-43.335533860000,-21.760131640000,"Rua São Geraldo, 89"
412,PARQUE BURNIER.,10072362,18:35:00,3,1,0,1,2025-01-31T00:00:00.000Z,-43.327527760000,-21.762798310000,"Rua Natalino José de Paula, 310"
412,PARQUE BURNIER.,10071108,18:35:00,17,0,14,9,2025-01-31T00:00:00.000Z,-43.349331860000,-21.758144610000,"Avenida Getúlio Vargas, 835"
412,PARQUE BURNIER.,10074194,18:35:00,16,14,2,23,2025-01-31T00:00:00.000Z,-43.342338620000,-21.760505960000,"Rua Ângelo Falci, 55"
412,PARQUE BURNIER.,10072302,18:35:00,15,3,2,11,2025-01-31T00:00:00.000Z,-43.338029500000,-21.760323850000,"Avenida Sete de Setembro, 623"
412,PARQUE BURNIER.,10072363,18:35:00,2,0,0,0,2025-01-31T00:00:00.000Z,-43.327885630000,-21.762179390000,"Rua Natalino José de Paula, 288"
412,PARQUE BURNIER.,10072337,18:35:00,13,0,0,10,2025-01-31T00:00:00.000Z,-43.334540130000,-21.760522960000,"Rua Olga Burnier, 67"
412,PARQUE BURNIER.,10072335,18:35:00,12,0,0,10,2025-01-31T00:00:00.000Z,-43.333453420000,-21.761562350000,"Rua Olga Burnier, 233"
412,PARQUE BURNIER.,10072382,18:35:00,11,0,0,10,2025-01-31T00:00:00.000Z,-43.332369450000,-21.762522520000,"Rua Olga Burnier, 361"
412,PARQUE BURNIER.,10072380,18:35:00,10,2,0,10,2025-01-31T00:00:00.000Z,-43.331466790000,-21.763337580000,"Rua Olga Burnier, 485"
412,PARQUE BURNIER.,10073583,18:35:00,9,0,0,8,2025-01-31T00:00:00.000Z,-43.330207820000,-21.763072230000,"Rua Adelaide Campos de Resende, 1070"
412,PARQUE BURNIER.,10073584,18:35:00,8,1,0,8,2025-01-31T00:00:00.000Z,-43.329363350000,-21.763255450000,"Rua Adelaide Campos de Resende, 984"
412,PARQUE BURNIER.,10072386,18:35:00,7,1,0,7,2025-01-31T00:00:00.000Z,-43.328850270000,-21.762325320000,"Rua José Teodoro dos Santos, 292"
412,PARQUE BURNIER.,10072358,18:35:00,1,0,0,0,2025-01-31T00:00:00.000Z,-43.328687310000,-21.761675740000,"Rua Natalino José de Paula, 112 - Ponto Final do Parque Burnier"
412,PARQUE BURNIER.,10072309,18:35:00,5,2,0,6,2025-01-31T00:00:00.000Z,-43.327273730000,-21.763967940000,"Rua José Teodoro dos Santos, 28"
412,PARQUE BURNIER.,10073558,18:55:00,4,0,0,19,2025-01-31T00:00:00.000Z,-43.334645750000,-21.760669710000,"Rua Olga Burnier, 70"
412,PARQUE BURNIER.,10073552,18:55:00,3,0,0,19,2025-01-31T00:00:00.000Z,-43.335479020000,-21.760313550000,"Rua São Geraldo, 84"
412,PARQUE BURNIER.,10072305,18:55:00,2,1,0,19,2025-01-31T00:00:00.000Z,-43.337478970000,-21.760922950000,"Rua Djalma de Carvalho, 37"
412,PARQUE BURNIER.,10071108,18:55:00,1,18,0,18,2025-01-31T00:00:00.000Z,-43.349331860000,-21.758144610000,"Avenida Getúlio Vargas, 835"
412,PARQUE BURNIER.,10073557,18:55:00,6,0,0,19,2025-01-31T00:00:00.000Z,-43.332479840000,-21.762640710000,"Rua Olga Burnier, 356"
412,PARQUE BURNIER.,10073560,18:55:00,5,0,0,19,2025-01-31T00:00:00.000Z,-43.333589670000,-21.761652280000,"Rua Olga Burnier, 230"
412,PARQUE BURNIER.,10072356,18:55:00,17,0,1,2,2025-01-31T00:00:00.000Z,-43.327793950000,-21.762107030000,"Rua Natalino José de Paula, 271"
412,PARQUE BURNIER.,10072328,18:55:00,13,0,5,13,2025-01-31T00:00:00.000Z,-43.326450350000,-21.763683320000,"Rua Adelaide Campos de Resende, 669"
412,PARQUE BURNIER.,10072358,18:55:00,18,0,0,2,2025-01-31T00:00:00.000Z,-43.328687310000,-21.761675740000,"Rua Natalino José de Paula, 112 - Ponto Final do Parque Burnier"
412,PARQUE BURNIER.,10072296,18:55:00,9,0,1,19,2025-01-31T00:00:00.000Z,-43.329374790000,-21.763440430000,"Rua Adelaide Campos de Resende, 975"
412,PARQUE BURNIER.,10072375,18:55:00,16,1,2,3,2025-01-31T00:00:00.000Z,-43.327420830000,-21.762727850000,"Rua Natalino José de Paula, 319"
412,PARQUE BURNIER.,10071503,18:55:00,15,1,5,4,2025-01-31T00:00:00.000Z,-43.326207040000,-21.762717810000,"Rua Natalino José de Paula, 421"
412,PARQUE BURNIER.,10072359,18:55:00,14,0,5,8,2025-01-31T00:00:00.000Z,-43.326282500000,-21.763143540000,"Rua Adelaide Campos de Resende, 651"
412,PARQUE BURNIER.,10072301,18:55:00,8,1,0,20,2025-01-31T00:00:00.000Z,-43.330138330000,-21.763252970000,"Rua Adelaide Campos de Resende, 1061"
412,PARQUE BURNIER.,10072377,18:55:00,12,0,1,18,2025-01-31T00:00:00.000Z,-43.327321890000,-21.764062650000,"Rua José Teodoro dos Santos, 25"
412,PARQUE BURNIER.,10072316,18:55:00,11,0,0,19,2025-01-31T00:00:00.000Z,-43.328204750000,-21.763332370000,"Rua José Teodoro dos Santos, 145"
412,PARQUE BURNIER.,10072313,18:55:00,10,0,0,19,2025-01-31T00:00:00.000Z,-43.328846690000,-21.762504770000,"Rua José Teodoro dos Santos, 275"
412,PARQUE BURNIER.,10073561,18:55:00,7,0,0,19,2025-01-31T00:00:00.000Z,-43.331552510000,-21.763418910000,"Rua Olga Burnier, 480"
412,PARQUE BURNIER.,10072358,19:30:00,1,0,0,0,2025-01-31T00:00:00.000Z,-43.328687310000,-21.761675740000,"Rua Natalino José de Paula, 112 - Ponto Final do Parque Burnier"
412,PARQUE BURNIER.,10072363,19:30:00,2,0,0,0,2025-01-31T00:00:00.000Z,-43.327885630000,-21.762179390000,"Rua Natalino José de Paula, 288"
412,PARQUE BURNIER.,10072362,19:30:00,3,0,0,0,2025-01-31T00:00:00.000Z,-43.327527760000,-21.762798310000,"Rua Natalino José de Paula, 310"
412,PARQUE BURNIER.,10071108,19:30:00,17,0,6,1,2025-01-31T00:00:00.000Z,-43.349331860000,-21.758144610000,"Avenida Getúlio Vargas, 835"
412,PARQUE BURNIER.,10072302,19:30:00,15,0,0,1,2025-01-31T00:00:00.000Z,-43.338029500000,-21.760323850000,"Avenida Sete de Setembro, 623"
412,PARQUE BURNIER.,10074194,19:30:00,16,6,0,7,2025-01-31T00:00:00.000Z,-43.342338620000,-21.760505960000,"Rua Ângelo Falci, 55"
412,PARQUE BURNIER.,10072382,19:30:00,11,0,0,1,2025-01-31T00:00:00.000Z,-43.332369450000,-21.762522520000,"Rua Olga Burnier, 361"
412,PARQUE BURNIER.,10072332,19:30:00,14,0,0,1,2025-01-31T00:00:00.000Z,-43.335533860000,-21.760131640000,"Rua São Geraldo, 89"
412,PARQUE BURNIER.,10072337,19:30:00,13,0,0,1,2025-01-31T00:00:00.000Z,-43.334540130000,-21.760522960000,"Rua Olga Burnier, 67"
412,PARQUE BURNIER.,10072335,19:30:00,12,0,0,1,2025-01-31T00:00:00.000Z,-43.333453420000,-21.761562350000,"Rua Olga Burnier, 233"
412,PARQUE BURNIER.,10072384,19:30:00,6,1,0,1,2025-01-31T00:00:00.000Z,-43.327999480000,-21.763301540000,"Rua José Teodoro dos Santos, 126"
412,PARQUE BURNIER.,10072380,19:30:00,10,0,0,1,2025-01-31T00:00:00.000Z,-43.331466790000,-21.763337580000,"Rua Olga Burnier, 485"
412,PARQUE BURNIER.,10073583,19:30:00,9,0,0,1,2025-01-31T00:00:00.000Z,-43.330207820000,-21.763072230000,"Rua Adelaide Campos de Resende, 1070"
412,PARQUE BURNIER.,10073584,19:30:00,8,0,0,1,2025-01-31T00:00:00.000Z,-43.329363350000,-21.763255450000,"Rua Adelaide Campos de Resende, 984"
412,PARQUE BURNIER.,10072386,19:30:00,7,0,0,1,2025-01-31T00:00:00.000Z,-43.328850270000,-21.762325320000,"Rua José Teodoro dos Santos, 292"
412,PARQUE BURNIER.,10072309,19:30:00,5,0,0,0,2025-01-31T00:00:00.000Z,-43.327273730000,-21.763967940000,"Rua José Teodoro dos Santos, 28"
412,PARQUE BURNIER.,10073589,19:30:00,4,0,0,0,2025-01-31T00:00:00.000Z,-43.326568960000,-21.763629600000,"Rua Adelaide Campos de Resende, 706"
412,PARQUE BURNIER.,10073552,19:50:00,3,0,0,13,2025-01-31T00:00:00.000Z,-43.335479020000,-21.760313550000,"Rua São Geraldo, 84"
412,PARQUE BURNIER.,10072305,19:50:00,2,0,0,13,2025-01-31T00:00:00.000Z,-43.337478970000,-21.760922950000,"Rua Djalma de Carvalho, 37"
412,PARQUE BURNIER.,10073558,19:50:00,4,0,0,13,2025-01-31T00:00:00.000Z,-43.334645750000,-21.760669710000,"Rua Olga Burnier, 70"
412,PARQUE BURNIER.,10071108,19:50:00,1,13,0,13,2025-01-31T00:00:00.000Z,-43.349331860000,-21.758144610000,"Avenida Getúlio Vargas, 835"
412,PARQUE BURNIER.,10072358,19:50:00,18,0,0,4,2025-01-31T00:00:00.000Z,-43.328687310000,-21.761675740000,"Rua Natalino José de Paula, 112 - Ponto Final do Parque Burnier"
412,PARQUE BURNIER.,10073560,19:50:00,5,0,0,13,2025-01-31T00:00:00.000Z,-43.333589670000,-21.761652280000,"Rua Olga Burnier, 230"
412,PARQUE BURNIER.,10072356,19:50:00,17,0,1,4,2025-01-31T00:00:00.000Z,-43.327793950000,-21.762107030000,"Rua Natalino José de Paula, 271"
412,PARQUE BURNIER.,10072375,19:50:00,16,0,1,5,2025-01-31T00:00:00.000Z,-43.327420830000,-21.762727850000,"Rua Natalino José de Paula, 319"
412,PARQUE BURNIER.,10071503,19:50:00,15,1,1,6,2025-01-31T00:00:00.000Z,-43.326207040000,-21.762717810000,"Rua Natalino José de Paula, 421"
412,PARQUE BURNIER.,10072359,19:50:00,14,0,1,6,2025-01-31T00:00:00.000Z,-43.326282500000,-21.763143540000,"Rua Adelaide Campos de Resende, 651"
412,PARQUE BURNIER.,10072328,19:50:00,13,0,1,7,2025-01-31T00:00:00.000Z,-43.326450350000,-21.763683320000,"Rua Adelaide Campos de Resende, 669"
412,PARQUE BURNIER.,10072377,19:50:00,12,0,1,8,2025-01-31T00:00:00.000Z,-43.327321890000,-21.764062650000,"Rua José Teodoro dos Santos, 25"
412,PARQUE BURNIER.,10072316,19:50:00,11,0,0,9,2025-01-31T00:00:00.000Z,-43.328204750000,-21.763332370000,"Rua José Teodoro dos Santos, 145"
412,PARQUE BURNIER.,10072313,19:50:00,10,0,3,9,2025-01-31T00:00:00.000Z,-43.328846690000,-21.762504770000,"Rua José Teodoro dos Santos, 275"
412,PARQUE BURNIER.,10072296,19:50:00,9,0,1,12,2025-01-31T00:00:00.000Z,-43.329374790000,-21.763440430000,"Rua Adelaide Campos de Resende, 975"
412,PARQUE BURNIER.,10072301,19:50:00,8,0,0,13,2025-01-31T00:00:00.000Z,-43.330138330000,-21.763252970000,"Rua Adelaide Campos de Resende, 1061"
412,PARQUE BURNIER.,10073561,19:50:00,7,0,0,13,2025-01-31T00:00:00.000Z,-43.331552510000,-21.763418910000,"Rua Olga Burnier, 480"
412,PARQUE BURNIER.,10073557,19:50:00,6,0,0,13,2025-01-31T00:00:00.000Z,-43.332479840000,-21.762640710000,"Rua Olga Burnier, 356"
412,PARQUE BURNIER.,10074194,20:25:00,16,6,1,7,2025-01-31T00:00:00.000Z,-43.342338620000,-21.760505960000,"Rua Ângelo Falci, 55"
412,PARQUE BURNIER.,10072362,20:25:00,3,0,0,0,2025-01-31T00:00:00.000Z,-43.327527760000,-21.762798310000,"Rua Natalino José de Paula, 310"
412,PARQUE BURNIER.,10071108,20:25:00,17,0,3,4,2025-01-31T00:00:00.000Z,-43.349331860000,-21.758144610000,"Avenida Getúlio Vargas, 835"
412,PARQUE BURNIER.,10072363,20:25:00,2,0,0,0,2025-01-31T00:00:00.000Z,-43.327885630000,-21.762179390000,"Rua Natalino José de Paula, 288"
412,PARQUE BURNIER.,10072358,20:25:00,1,0,0,0,2025-01-31T00:00:00.000Z,-43.328687310000,-21.761675740000,"Rua Natalino José de Paula, 112 - Ponto Final do Parque Burnier"
412,PARQUE BURNIER.,10072302,20:25:00,15,2,1,2,2025-01-31T00:00:00.000Z,-43.338029500000,-21.760323850000,"Avenida Sete de Setembro, 623"
412,PARQUE BURNIER.,10072332,20:25:00,14,0,0,1,2025-01-31T00:00:00.000Z,-43.335533860000,-21.760131640000,"Rua São Geraldo, 89"
412,PARQUE BURNIER.,10072337,20:25:00,13,0,0,1,2025-01-31T00:00:00.000Z,-43.334540130000,-21.760522960000,"Rua Olga Burnier, 67"
412,PARQUE BURNIER.,10072335,20:25:00,12,0,0,1,2025-01-31T00:00:00.000Z,-43.333453420000,-21.761562350000,"Rua Olga Burnier, 233"
412,PARQUE BURNIER.,10072382,20:25:00,11,0,0,1,2025-01-31T00:00:00.000Z,-43.332369450000,-21.762522520000,"Rua Olga Burnier, 361"
412,PARQUE BURNIER.,10072380,20:25:00,10,1,0,1,2025-01-31T00:00:00.000Z,-43.331466790000,-21.763337580000,"Rua Olga Burnier, 485"
412,PARQUE BURNIER.,10073583,20:25:00,9,0,0,0,2025-01-31T00:00:00.000Z,-43.330207820000,-21.763072230000,"Rua Adelaide Campos de Resende, 1070"
412,PARQUE BURNIER.,10073584,20:25:00,8,0,0,0,2025-01-31T00:00:00.000Z,-43.329363350000,-21.763255450000,"Rua Adelaide Campos de Resende, 984"
412,PARQUE BURNIER.,10072386,20:25:00,7,0,0,0,2025-01-31T00:00:00.000Z,-43.328850270000,-21.762325320000,"Rua José Teodoro dos Santos, 292"
412,PARQUE BURNIER.,10072384,20:25:00,6,0,0,0,2025-01-31T00:00:00.000Z,-43.327999480000,-21.763301540000,"Rua José Teodoro dos Santos, 126"
412,PARQUE BURNIER.,10072309,20:25:00,5,0,0,0,2025-01-31T00:00:00.000Z,-43.327273730000,-21.763967940000,"Rua José Teodoro dos Santos, 28"
412,PARQUE BURNIER.,10073589,20:25:00,4,0,0,0,2025-01-31T00:00:00.000Z,-43.326568960000,-21.763629600000,"Rua Adelaide Campos de Resende, 706"
412,PARQUE BURNIER.,10072305,20:45:00,2,0,0,15,2025-01-31T00:00:00.000Z,-43.337478970000,-21.760922950000,"Rua Djalma de Carvalho, 37"
412,PARQUE BURNIER.,10071108,20:45:00,1,15,0,15,2025-01-31T00:00:00.000Z,-43.349331860000,-21.758144610000,"Avenida Getúlio Vargas, 835"
412,PARQUE BURNIER.,10071503,20:45:00,15,0,1,7,2025-01-31T00:00:00.000Z,-43.326207040000,-21.762717810000,"Rua Natalino José de Paula, 421"
412,PARQUE BURNIER.,10073560,20:45:00,5,0,0,15,2025-01-31T00:00:00.000Z,-43.333589670000,-21.761652280000,"Rua Olga Burnier, 230"
412,PARQUE BURNIER.,10072375,20:45:00,16,0,1,6,2025-01-31T00:00:00.000Z,-43.327420830000,-21.762727850000,"Rua Natalino José de Paula, 319"
412,PARQUE BURNIER.,10073558,20:45:00,4,0,0,15,2025-01-31T00:00:00.000Z,-43.334645750000,-21.760669710000,"Rua Olga Burnier, 70"
412,PARQUE BURNIER.,10072358,20:45:00,18,0,0,5,2025-01-31T00:00:00.000Z,-43.328687310000,-21.761675740000,"Rua Natalino José de Paula, 112 - Ponto Final do Parque Burnier"
412,PARQUE BURNIER.,10072356,20:45:00,17,0,1,5,2025-01-31T00:00:00.000Z,-43.327793950000,-21.762107030000,"Rua Natalino José de Paula, 271"
412,PARQUE BURNIER.,10073552,20:45:00,3,0,0,15,2025-01-31T00:00:00.000Z,-43.335479020000,-21.760313550000,"Rua São Geraldo, 84"
412,PARQUE BURNIER.,10072359,20:45:00,14,0,1,8,2025-01-31T00:00:00.000Z,-43.326282500000,-21.763143540000,"Rua Adelaide Campos de Resende, 651"
412,PARQUE BURNIER.,10072328,20:45:00,13,0,1,9,2025-01-31T00:00:00.000Z,-43.326450350000,-21.763683320000,"Rua Adelaide Campos de Resende, 669"
412,PARQUE BURNIER.,10072377,20:45:00,12,0,1,10,2025-01-31T00:00:00.000Z,-43.327321890000,-21.764062650000,"Rua José Teodoro dos Santos, 25"
412,PARQUE BURNIER.,10072316,20:45:00,11,0,0,11,2025-01-31T00:00:00.000Z,-43.328204750000,-21.763332370000,"Rua José Teodoro dos Santos, 145"
412,PARQUE BURNIER.,10072313,20:45:00,10,0,3,11,2025-01-31T00:00:00.000Z,-43.328846690000,-21.762504770000,"Rua José Teodoro dos Santos, 275"
412,PARQUE BURNIER.,10072296,20:45:00,9,0,1,14,2025-01-31T00:00:00.000Z,-43.329374790000,-21.763440430000,"Rua Adelaide Campos de Resende, 975"
412,PARQUE BURNIER.,10072301,20:45:00,8,0,0,15,2025-01-31T00:00:00.000Z,-43.330138330000,-21.763252970000,"Rua Adelaide Campos de Resende, 1061"
412,PARQUE BURNIER.,10073561,20:45:00,7,0,0,15,2025-01-31T00:00:00.000Z,-43.331552510000,-21.763418910000,"Rua Olga Burnier, 480"
412,PARQUE BURNIER.,10073557,20:45:00,6,0,0,15,2025-01-31T00:00:00.000Z,-43.332479840000,-21.762640710000,"Rua Olga Burnier, 356"
412,PARQUE BURNIER.,10072362,21:20:00,3,1,0,2,2025-01-31T00:00:00.000Z,-43.327527760000,-21.762798310000,"Rua Natalino José de Paula, 310"
412,PARQUE BURNIER.,10072363,21:20:00,2,1,0,1,2025-01-31T00:00:00.000Z,-43.327885630000,-21.762179390000,"Rua Natalino José de Paula, 288"
412,PARQUE BURNIER.,10072358,21:20:00,1,0,0,0,2025-01-31T00:00:00.000Z,-43.328687310000,-21.761675740000,"Rua Natalino José de Paula, 112 - Ponto Final do Parque Burnier"
412,PARQUE BURNIER.,10072302,21:20:00,15,0,0,2,2025-01-31T00:00:00.000Z,-43.338029500000,-21.760323850000,"Avenida Sete de Setembro, 623"
412,PARQUE BURNIER.,10072332,21:20:00,14,0,0,2,2025-01-31T00:00:00.000Z,-43.335533860000,-21.760131640000,"Rua São Geraldo, 89"
412,PARQUE BURNIER.,10071108,21:20:00,17,0,6,0,2025-01-31T00:00:00.000Z,-43.349331860000,-21.758144610000,"Avenida Getúlio Vargas, 835"
412,PARQUE BURNIER.,10072337,21:20:00,13,0,0,2,2025-01-31T00:00:00.000Z,-43.334540130000,-21.760522960000,"Rua Olga Burnier, 67"
412,PARQUE BURNIER.,10074194,21:20:00,16,5,1,6,2025-01-31T00:00:00.000Z,-43.342338620000,-21.760505960000,"Rua Ângelo Falci, 55"
412,PARQUE BURNIER.,10073589,21:20:00,4,0,0,2,2025-01-31T00:00:00.000Z,-43.326568960000,-21.763629600000,"Rua Adelaide Campos de Resende, 706"
412,PARQUE BURNIER.,10072335,21:20:00,12,0,0,2,2025-01-31T00:00:00.000Z,-43.333453420000,-21.761562350000,"Rua Olga Burnier, 233"
412,PARQUE BURNIER.,10072382,21:20:00,11,0,0,2,2025-01-31T00:00:00.000Z,-43.332369450000,-21.762522520000,"Rua Olga Burnier, 361"
412,PARQUE BURNIER.,10072380,21:20:00,10,0,0,2,2025-01-31T00:00:00.000Z,-43.331466790000,-21.763337580000,"Rua Olga Burnier, 485"
412,PARQUE BURNIER.,10073583,21:20:00,9,0,0,2,2025-01-31T00:00:00.000Z,-43.330207820000,-21.763072230000,"Rua Adelaide Campos de Resende, 1070"
412,PARQUE BURNIER.,10073584,21:20:00,8,0,0,2,2025-01-31T00:00:00.000Z,-43.329363350000,-21.763255450000,"Rua Adelaide Campos de Resende, 984"
412,PARQUE BURNIER.,10072386,21:20:00,7,0,0,2,2025-01-31T00:00:00.000Z,-43.328850270000,-21.762325320000,"Rua José Teodoro dos Santos, 292"
412,PARQUE BURNIER.,10072384,21:20:00,6,0,0,2,2025-01-31T00:00:00.000Z,-43.327999480000,-21.763301540000,"Rua José Teodoro dos Santos, 126"
412,PARQUE BURNIER.,10072309,21:20:00,5,0,0,2,2025-01-31T00:00:00.000Z,-43.327273730000,-21.763967940000,"Rua José Teodoro dos Santos, 28"
412,PARQUE BURNIER.,10071108,21:40:00,1,5,0,5,2025-01-31T00:00:00.000Z,-43.349331860000,-21.758144610000,"Avenida Getúlio Vargas, 835"
412,PARQUE BURNIER.,10072305,21:40:00,2,2,0,7,2025-01-31T00:00:00.000Z,-43.337478970000,-21.760922950000,"Rua Djalma de Carvalho, 37"
412,PARQUE BURNIER.,10073560,21:40:00,5,0,0,11,2025-01-31T00:00:00.000Z,-43.333589670000,-21.761652280000,"Rua Olga Burnier, 230"
412,PARQUE BURNIER.,10073558,21:40:00,4,4,0,11,2025-01-31T00:00:00.000Z,-43.334645750000,-21.760669710000,"Rua Olga Burnier, 70"
412,PARQUE BURNIER.,10073552,21:40:00,3,0,0,7,2025-01-31T00:00:00.000Z,-43.335479020000,-21.760313550000,"Rua São Geraldo, 84"
412,PARQUE BURNIER.,10072358,21:40:00,18,0,0,1,2025-01-31T00:00:00.000Z,-43.328687310000,-21.761675740000,"Rua Natalino José de Paula, 112 - Ponto Final do Parque Burnier"
412,PARQUE BURNIER.,10072375,21:40:00,16,0,1,0,2025-01-31T00:00:00.000Z,-43.327420830000,-21.762727850000,"Rua Natalino José de Paula, 319"
412,PARQUE BURNIER.,10072356,21:40:00,17,1,0,1,2025-01-31T00:00:00.000Z,-43.327793950000,-21.762107030000,"Rua Natalino José de Paula, 271"
412,PARQUE BURNIER.,10072328,21:40:00,13,0,1,6,2025-01-31T00:00:00.000Z,-43.326450350000,-21.763683320000,"Rua Adelaide Campos de Resende, 669"
412,PARQUE BURNIER.,10071503,21:40:00,15,0,4,1,2025-01-31T00:00:00.000Z,-43.326207040000,-21.762717810000,"Rua Natalino José de Paula, 421"
412,PARQUE BURNIER.,10072359,21:40:00,14,0,1,5,2025-01-31T00:00:00.000Z,-43.326282500000,-21.763143540000,"Rua Adelaide Campos de Resende, 651"
412,PARQUE BURNIER.,10072377,21:40:00,12,0,1,7,2025-01-31T00:00:00.000Z,-43.327321890000,-21.764062650000,"Rua José Teodoro dos Santos, 25"
412,PARQUE BURNIER.,10072316,21:40:00,11,0,0,8,2025-01-31T00:00:00.000Z,-43.328204750000,-21.763332370000,"Rua José Teodoro dos Santos, 145"
412,PARQUE BURNIER.,10072313,21:40:00,10,0,3,8,2025-01-31T00:00:00.000Z,-43.328846690000,-21.762504770000,"Rua José Teodoro dos Santos, 275"
412,PARQUE BURNIER.,10072296,21:40:00,9,0,0,11,2025-01-31T00:00:00.000Z,-43.329374790000,-21.763440430000,"Rua Adelaide Campos de Resende, 975"
412,PARQUE BURNIER.,10072301,21:40:00,8,0,0,11,2025-01-31T00:00:00.000Z,-43.330138330000,-21.763252970000,"Rua Adelaide Campos de Resende, 1061"
412,PARQUE BURNIER.,10073561,21:40:00,7,0,0,11,2025-01-31T00:00:00.000Z,-43.331552510000,-21.763418910000,"Rua Olga Burnier, 480"
412,PARQUE BURNIER.,10073557,21:40:00,6,0,0,11,2025-01-31T00:00:00.000Z,-43.332479840000,-21.762640710000,"Rua Olga Burnier, 356"
412,PARQUE BURNIER.,10072363,22:10:00,2,0,0,0,2025-01-31T00:00:00.000Z,-43.327885630000,-21.762179390000,"Rua Natalino José de Paula, 288"
412,PARQUE BURNIER.,10072358,22:10:00,1,0,0,0,2025-01-31T00:00:00.000Z,-43.328687310000,-21.761675740000,"Rua Natalino José de Paula, 112 - Ponto Final do Parque Burnier"
412,PARQUE BURNIER.,10072380,22:10:00,10,0,0,0,2025-01-31T00:00:00.000Z,-43.331466790000,-21.763337580000,"Rua Olga Burnier, 485"
412,PARQUE BURNIER.,10072337,22:10:00,13,1,0,1,2025-01-31T00:00:00.000Z,-43.334540130000,-21.760522960000,"Rua Olga Burnier, 67"
412,PARQUE BURNIER.,10072335,22:10:00,12,0,0,0,2025-01-31T00:00:00.000Z,-43.333453420000,-21.761562350000,"Rua Olga Burnier, 233"
412,PARQUE BURNIER.,10072382,22:10:00,11,0,0,0,2025-01-31T00:00:00.000Z,-43.332369450000,-21.762522520000,"Rua Olga Burnier, 361"
412,PARQUE BURNIER.,10071108,22:10:00,17,0,6,1,2025-01-31T00:00:00.000Z,-43.349331860000,-21.758144610000,"Avenida Getúlio Vargas, 835"
412,PARQUE BURNIER.,10074194,22:10:00,16,6,0,7,2025-01-31T00:00:00.000Z,-43.342338620000,-21.760505960000,"Rua Ângelo Falci, 55"
412,PARQUE BURNIER.,10072302,22:10:00,15,0,0,1,2025-01-31T00:00:00.000Z,-43.338029500000,-21.760323850000,"Avenida Sete de Setembro, 623"
412,PARQUE BURNIER.,10072332,22:10:00,14,0,0,1,2025-01-31T00:00:00.000Z,-43.335533860000,-21.760131640000,"Rua São Geraldo, 89"
412,PARQUE BURNIER.,10073583,22:10:00,9,0,0,0,2025-01-31T00:00:00.000Z,-43.330207820000,-21.763072230000,"Rua Adelaide Campos de Resende, 1070"
412,PARQUE BURNIER.,10073584,22:10:00,8,0,0,0,2025-01-31T00:00:00.000Z,-43.329363350000,-21.763255450000,"Rua Adelaide Campos de Resende, 984"
412,PARQUE BURNIER.,10072386,22:10:00,7,0,0,0,2025-01-31T00:00:00.000Z,-43.328850270000,-21.762325320000,"Rua José Teodoro dos Santos, 292"
412,PARQUE BURNIER.,10072384,22:10:00,6,0,0,0,2025-01-31T00:00:00.000Z,-43.327999480000,-21.763301540000,"Rua José Teodoro dos Santos, 126"
412,PARQUE BURNIER.,10072309,22:10:00,5,0,0,0,2025-01-31T00:00:00.000Z,-43.327273730000,-21.763967940000,"Rua José Teodoro dos Santos, 28"
412,PARQUE BURNIER.,10073589,22:10:00,4,0,0,0,2025-01-31T00:00:00.000Z,-43.326568960000,-21.763629600000,"Rua Adelaide Campos de Resende, 706"
412,PARQUE BURNIER.,10072362,22:10:00,3,0,0,0,2025-01-31T00:00:00.000Z,-43.327527760000,-21.762798310000,"Rua Natalino José de Paula, 310"
412,PARQUE BURNIER.,10072358,22:30:00,18,0,0,5,2025-01-31T00:00:00.000Z,-43.328687310000,-21.761675740000,"Rua Natalino José de Paula, 112 - Ponto Final do Parque Burnier"
412,PARQUE BURNIER.,10072356,22:30:00,17,0,0,5,2025-01-31T00:00:00.000Z,-43.327793950000,-21.762107030000,"Rua Natalino José de Paula, 271"
412,PARQUE BURNIER.,10072375,22:30:00,16,0,0,5,2025-01-31T00:00:00.000Z,-43.327420830000,-21.762727850000,"Rua Natalino José de Paula, 319"
412,PARQUE BURNIER.,10071503,22:30:00,15,0,0,5,2025-01-31T00:00:00.000Z,-43.326207040000,-21.762717810000,"Rua Natalino José de Paula, 421"
412,PARQUE BURNIER.,10072359,22:30:00,14,0,0,5,2025-01-31T00:00:00.000Z,-43.326282500000,-21.763143540000,"Rua Adelaide Campos de Resende, 651"
412,PARQUE BURNIER.,10072328,22:30:00,13,0,0,5,2025-01-31T00:00:00.000Z,-43.326450350000,-21.763683320000,"Rua Adelaide Campos de Resende, 669"
412,PARQUE BURNIER.,10072377,22:30:00,12,0,0,5,2025-01-31T00:00:00.000Z,-43.327321890000,-21.764062650000,"Rua José Teodoro dos Santos, 25"
412,PARQUE BURNIER.,10072316,22:30:00,11,0,1,5,2025-01-31T00:00:00.000Z,-43.328204750000,-21.763332370000,"Rua José Teodoro dos Santos, 145"
412,PARQUE BURNIER.,10072313,22:30:00,10,0,0,6,2025-01-31T00:00:00.000Z,-43.328846690000,-21.762504770000,"Rua José Teodoro dos Santos, 275"
412,PARQUE BURNIER.,10072296,22:30:00,9,0,0,6,2025-01-31T00:00:00.000Z,-43.329374790000,-21.763440430000,"Rua Adelaide Campos de Resende, 975"
412,PARQUE BURNIER.,10072301,22:30:00,8,0,0,6,2025-01-31T00:00:00.000Z,-43.330138330000,-21.763252970000,"Rua Adelaide Campos de Resende, 1061"
412,PARQUE BURNIER.,10073561,22:30:00,7,0,0,6,2025-01-31T00:00:00.000Z,-43.331552510000,-21.763418910000,"Rua Olga Burnier, 480"
412,PARQUE BURNIER.,10073557,22:30:00,6,0,0,6,2025-01-31T00:00:00.000Z,-43.332479840000,-21.762640710000,"Rua Olga Burnier, 356"
412,PARQUE BURNIER.,10073560,22:30:00,5,0,0,6,2025-01-31T00:00:00.000Z,-43.333589670000,-21.761652280000,"Rua Olga Burnier, 230"
412,PARQUE BURNIER.,10073558,22:30:00,4,0,0,6,2025-01-31T00:00:00.000Z,-43.334645750000,-21.760669710000,"Rua Olga Burnier, 70"
412,PARQUE BURNIER.,10073552,22:30:00,3,0,0,6,2025-01-31T00:00:00.000Z,-43.335479020000,-21.760313550000,"Rua São Geraldo, 84"
412,PARQUE BURNIER.,10072305,22:30:00,2,0,0,6,2025-01-31T00:00:00.000Z,-43.337478970000,-21.760922950000,"Rua Djalma de Carvalho, 37"
412,PARQUE BURNIER.,10071108,22:30:00,1,6,0,6,2025-01-31T00:00:00.000Z,-43.349331860000,-21.758144610000,"Avenida Getúlio Vargas, 835"
